0 0.30083333333333334 0.545 0.035 0.08416666666666667
0 0.36833333333333335 0.455 0.020833333333333332 0.0475
0 0.3858333333333333 0.4216666666666667 0.013333333333333334 0.03
0 0.4683333333333333 0.4025 0.009166666666666667 0.024166666666666666
0 0.5833333333333334 0.3883333333333333 0.0075 0.02
0 0.6283333333333333 0.38166666666666665 0.006666666666666667 0.0175
0 0.655 0.3775 0.005 0.015833333333333335
0 0.665 0.36833333333333335 0.005 0.011666666666666667
0 0.6483333333333333 0.3725 0.005 0.015833333333333335
0 0.645 0.37166666666666665 0.005 0.011666666666666667
4 0.73 0.5275 0.043333333333333335 0.08583333333333333
4 0.6208333333333333 0.4425 0.02 0.043333333333333335
4 0.6041666666666666 0.4191666666666667 0.0125 0.0325
4 0.61 0.4066666666666667 0.009166666666666667 0.02666666666666667
4 0.6891666666666667 0.39416666666666667 0.009166666666666667 0.024166666666666666
4 0.7366666666666667 0.38666666666666666 0.0075 0.02
4 0.7533333333333333 0.38333333333333336 0.006666666666666667 0.018333333333333333
4 0.7475 0.37833333333333335 0.005 0.015833333333333335
4 0.9033333333333333 0.4008333333333333 0.010833333333333334 0.025
4 0.9208333333333333 0.41083333333333333 0.008333333333333333 0.02666666666666667
4 0.915 0.3925 0.009166666666666667 0.021666666666666667
4 0.9225 0.3858333333333333 0.004166666666666667 0.019166666666666665
4 0.16333333333333333 0.39 0.009166666666666667 0.02
4 0.17416666666666666 0.3883333333333333 0.008333333333333333 0.019166666666666665
4 0.7508333333333334 0.36333333333333334 0.005 0.011666666666666667
4 0.7883333333333333 0.3591666666666667 0.004166666666666667 0.01
4 0.7716666666666666 0.36083333333333334 0.0033333333333333335 0.01
4 0.7991666666666667 0.3566666666666667 0.004166666666666667 0.01
4 0.9 0.35583333333333333 0.004166666666666667 0.009166666666666667