0 0.41333333333333333 0.3375 0.0125 0.05333333333333334
0 0.08416666666666667 0.3725 0.010833333333333334 0.041666666666666664
0 0.49416666666666664 0.35833333333333334 0.015833333333333335 0.0675
0 0.7541666666666667 0.24416666666666667 0.008333333333333333 0.035833333333333335
0 0.31916666666666665 0.33666666666666667 0.0125 0.04583333333333333
4 0.7783333333333333 0.30833333333333335 0.015833333333333335 0.06416666666666666
4 0.85 0.37083333333333335 0.0275 0.09583333333333334
1 0.8241666666666667 0.33 0.03666666666666667 0.14
0 0.21 0.3491666666666667 0.010833333333333334 0.043333333333333335
0 0.6608333333333334 0.2725 0.01 0.041666666666666664
4 0.7983333333333333 0.2725 0.0125 0.05
4 0.8616666666666667 0.2475 0.011666666666666667 0.04416666666666667
1 0.8933333333333333 0.3566666666666667 0.0475 0.16916666666666666
2 0.6066666666666667 0.24666666666666667 0.006666666666666667 0.025833333333333333
2 0.6383333333333333 0.26166666666666666 0.008333333333333333 0.035
4 0.5208333333333334 0.29583333333333334 0.010833333333333334 0.041666666666666664
4 0.2658333333333333 0.32 0.008333333333333333 0.03333333333333333
2 0.5866666666666667 0.2375 0.005 0.0225
4 0.11916666666666667 0.3475 0.01 0.035
0 0.505 0.6008333333333333 0.04666666666666667 0.18166666666666667
4 0.4008333333333333 0.3025 0.010833333333333334 0.03666666666666667
1 0.5325 0.38083333333333336 0.019166666666666665 0.14583333333333334
0 0.8716666666666667 0.22166666666666668 0.009166666666666667 0.0325
1 0.5483333333333333 0.41833333333333333 0.034166666666666665 0.18083333333333335
2 0.5158333333333334 0.2833333333333333 0.005 0.035833333333333335
2 0.5116666666666667 0.25 0.004166666666666667 0.021666666666666667
2 0.5133333333333333 0.26166666666666666 0.004166666666666667 0.028333333333333332
2 0.5533333333333333 0.23333333333333334 0.005 0.019166666666666665
2 0.5716666666666667 0.23083333333333333 0.004166666666666667 0.018333333333333333
3 0.6358333333333334 0.20833333333333334 0.0025 0.013333333333333334
2 0.5083333333333333 0.24166666666666667 0.0025 0.019166666666666665
2 0.5308333333333334 0.23666666666666666 0.004166666666666667 0.019166666666666665
3 0.5208333333333334 0.235 0.0025 0.013333333333333334
3 0.575 0.22666666666666666 0.0025 0.016666666666666666
3 0.875 0.18166666666666667 0.0025 0.016666666666666666
3 0.9416666666666667 0.1775 0.0033333333333333335 0.018333333333333333
3 0.9166666666666666 0.17416666666666666 0.0025 0.014166666666666666
3 0.815 0.18416666666666667 0.0025 0.014166666666666666
3 0.8 0.18833333333333332 0.0025 0.014166666666666666
3 0.7266666666666667 0.1975 0.0025 0.014166666666666666
3 0.6583333333333333 0.20833333333333334 0.0025 0.014166666666666666
3 0.6058333333333333 0.2175 0.0025 0.015