0 0.4191666666666667 0.33666666666666667 0.010833333333333334 0.0475
0 0.2625 0.35083333333333333 0.015 0.065
4 0.755 0.3975 0.010833333333333334 0.0425
0 0.5541666666666667 0.3441666666666667 0.010833333333333334 0.04
4 0.555 0.3875 0.0125 0.0575
4 0.6491666666666667 0.38333333333333336 0.010833333333333334 0.0475
4 0.4766666666666667 0.415 0.0175 0.0775
0 0.6875 0.36333333333333334 0.0075 0.03333333333333333
4 0.44166666666666665 0.5108333333333334 0.0275 0.12583333333333332
0 0.8291666666666667 0.3933333333333333 0.008333333333333333 0.03333333333333333
4 0.875 0.4225 0.010833333333333334 0.0425
4 0.62 0.8041666666666667 0.020833333333333332 0.085
0 0.05583333333333333 0.45666666666666667 0.014166666666666666 0.08166666666666667