0 0.19416666666666665 0.6475 0.04833333333333333 0.15833333333333333
0 0.17083333333333334 0.4658333333333333 0.019166666666666665 0.06833333333333333
4 0.8325 0.7433333333333333 0.06166666666666667 0.19583333333333333
0 0.8641666666666666 0.4191666666666667 0.008333333333333333 0.03333333333333333
4 0.7958333333333333 0.4508333333333333 0.015833333333333335 0.050833333333333335
0 0.2733333333333333 0.4766666666666667 0.020833333333333332 0.07083333333333333
4 0.8775 0.49916666666666665 0.020833333333333332 0.075
4 0.5866666666666667 0.41833333333333333 0.008333333333333333 0.035
0 0.33 0.5183333333333333 0.0275 0.0925
4 0.49916666666666665 0.44666666666666666 0.013333333333333334 0.05
0 0.745 0.4125 0.008333333333333333 0.03166666666666667
4 0.5875 0.4625 0.016666666666666666 0.06166666666666667
4 0.48583333333333334 0.41583333333333333 0.008333333333333333 0.03166666666666667
4 0.6758333333333333 0.42583333333333334 0.008333333333333333 0.035833333333333335
4 0.7725 0.43083333333333335 0.010833333333333334 0.04
0 0.27166666666666667 0.4066666666666667 0.006666666666666667 0.028333333333333332
4 0.26166666666666666 0.4166666666666667 0.008333333333333333 0.0325
4 0.37166666666666665 0.4166666666666667 0.0075 0.03333333333333333
4 0.28833333333333333 0.435 0.0125 0.043333333333333335
2 0.49583333333333335 0.38333333333333336 0.0033333333333333335 0.016666666666666666
0 0.38916666666666666 0.4058333333333333 0.005833333333333334 0.028333333333333332
4 0.16583333333333333 0.43583333333333335 0.008333333333333333 0.04583333333333333
2 0.24333333333333335 0.38083333333333336 0.0033333333333333335 0.0175
4 0.38083333333333336 0.43833333333333335 0.0125 0.04416666666666667
2 0.5541666666666667 0.38166666666666665 0.0033333333333333335 0.016666666666666666
4 0.685 0.5075 0.020833333333333332 0.08083333333333333
0 0.5083333333333333 0.4058333333333333 0.006666666666666667 0.025833333333333333
2 0.19166666666666668 0.38083333333333336 0.004166666666666667 0.0175
2 0.6233333333333333 0.38333333333333336 0.0033333333333333335 0.016666666666666666
2 0.4325 0.38333333333333336 0.004166666666666667 0.016666666666666666
2 0.3591666666666667 0.38166666666666665 0.004166666666666667 0.0175
2 0.3125 0.38083333333333336 0.004166666666666667 0.0175
2 0.2816666666666667 0.38 0.0033333333333333335 0.016666666666666666
0 0.6291666666666667 0.4083333333333333 0.005 0.025