2 0.38666666666666666 0.3525 0.021666666666666667 0.07416666666666667
2 0.2841666666666667 0.2758333333333333 0.0125 0.05
2 0.20666666666666667 0.21666666666666667 0.006666666666666667 0.028333333333333332
2 0.17416666666666666 0.19083333333333333 0.005 0.020833333333333332
2 0.16416666666666666 0.1825 0.004166666666666667 0.0175
2 0.235 0.23833333333333334 0.008333333333333333 0.03666666666666667
2 0.15666666666666668 0.17666666666666667 0.004166666666666667 0.016666666666666666
2 0.1875 0.20083333333333334 0.005833333333333334 0.024166666666666666
2 0.6858333333333333 0.5816666666666667 0.04833333333333333 0.15
2 0.145 0.16833333333333333 0.0033333333333333335 0.014166666666666666
2 0.0525 0.17333333333333334 0.005833333333333334 0.0225
2 0.15083333333333335 0.17166666666666666 0.0025 0.015
2 0.058333333333333334 0.1675 0.005 0.019166666666666665
2 0.06333333333333334 0.16333333333333333 0.004166666666666667 0.016666666666666666
2 0.06666666666666667 0.15916666666666668 0.0025 0.014166666666666666
2 0.14083333333333334 0.165 0.0025 0.013333333333333334
2 0.1375 0.16166666666666665 0.0025 0.010833333333333334
2 0.06666666666666667 0.15916666666666668 0.0033333333333333335 0.014166666666666666
2 0.06916666666666667 0.1575 0.0025 0.010833333333333334