4 0.6041666666666666 0.4241666666666667 0.016666666666666666 0.07166666666666667
0 0.49 0.33666666666666667 0.010833333333333334 0.043333333333333335
0 0.7258333333333333 0.3566666666666667 0.0075 0.03333333333333333
4 0.6691666666666667 0.39916666666666667 0.013333333333333334 0.056666666666666664
0 0.6108333333333333 0.3441666666666667 0.008333333333333333 0.03833333333333333
4 0.74 0.39416666666666667 0.0125 0.0475
4 0.5483333333333333 0.5008333333333334 0.025833333333333333 0.11333333333333333
0 0.16583333333333333 0.38666666666666666 0.03 0.09
0 0.7566666666666667 0.3591666666666667 0.0075 0.03166666666666667
4 0.9425 0.4 0.009166666666666667 0.0325
0 0.35333333333333333 0.345 0.015 0.0575
4 0.8566666666666667 0.3541666666666667 0.006666666666666667 0.020833333333333332
4 0.9141666666666667 0.37583333333333335 0.006666666666666667 0.025
4 0.925 0.4083333333333333 0.01 0.03833333333333333
4 0.8466666666666667 0.33 0.0033333333333333335 0.011666666666666667
4 0.8516666666666667 0.33166666666666667 0.0025 0.011666666666666667
0 0.77 0.33666666666666667 0.005 0.020833333333333332
4 0.8408333333333333 0.335 0.004166666666666667 0.014166666666666666
4 0.7583333333333333 0.3233333333333333 0.005 0.016666666666666666
0 0.6766666666666666 0.30416666666666664 0.004166666666666667 0.014166666666666666
0 0.8291666666666667 0.3233333333333333 0.0025 0.01
0 0.7833333333333333 0.3425 0.005 0.024166666666666666
0 0.7975 0.3225 0.0033333333333333335 0.015
0 0.7208333333333333 0.32083333333333336 0.004166666666666667 0.018333333333333333
4 0.9375 0.38916666666666666 0.006666666666666667 0.028333333333333332
4 0.8191666666666667 0.3325 0.0033333333333333335 0.015
4 0.92 0.3416666666666667 0.0025 0.01
4 0.8283333333333334 0.3441666666666667 0.005 0.018333333333333333
0 0.7025 0.3075 0.005 0.015
4 0.875 0.4083333333333333 0.010833333333333334 0.0425
0 0.6825 0.30833333333333335 0.0033333333333333335 0.0175
0 0.8075 0.31916666666666665 0.0025 0.01
4 0.8683333333333333 0.33166666666666667 0.0025 0.010833333333333334
4 0.89 0.365 0.005833333333333334 0.020833333333333332
0 0.7508333333333334 0.32916666666666666 0.004166666666666667 0.019166666666666665
0 0.905 0.33666666666666667 0.0025 0.008333333333333333
0 0.8016666666666666 0.3225 0.0033333333333333335 0.013333333333333334
4 0.8616666666666667 0.33666666666666667 0.004166666666666667 0.013333333333333334
0 0.7891666666666667 0.3525 0.006666666666666667 0.0275
0 0.7366666666666667 0.315 0.004166666666666667 0.014166666666666666
0 0.7833333333333333 0.3575 0.006666666666666667 0.028333333333333332
4 0.56 0.7008333333333333 0.05333333333333334 0.2025
4 0.8925 0.33666666666666667 0.0025 0.010833333333333334
4 0.7675 0.3225 0.0025 0.015
0 0.7908333333333334 0.3175 0.0025 0.013333333333333334
0 0.7858333333333334 0.32166666666666666 0.0025 0.013333333333333334
0 0.8625 0.3283333333333333 0.0016666666666666668 0.008333333333333333
4 0.8633333333333333 0.335 0.0033333333333333335 0.014166666666666666
0 0.7691666666666667 0.31916666666666665 0.0025 0.013333333333333334
0 0.7866666666666666 0.3475 0.0033333333333333335 0.0225
4 0.7841666666666667 0.33166666666666667 0.0025 0.0175
4 0.8541666666666666 0.3308333333333333 0.0016666666666666668 0.013333333333333334