0 0.4775 0.325 0.014166666666666666 0.056666666666666664
0 0.45666666666666667 0.48833333333333334 0.030833333333333334 0.125
0 0.565 0.2808333333333333 0.01 0.0425
0 0.945 0.20333333333333334 0.008333333333333333 0.028333333333333332
0 0.7275 0.23333333333333334 0.0075 0.029166666666666667
4 0.74 0.30416666666666664 0.015 0.06
0 0.4691666666666667 0.4041666666666667 0.019166666666666665 0.08916666666666667
4 0.91 0.22333333333333333 0.010833333333333334 0.035833333333333335
0 0.8275 0.21666666666666667 0.0075 0.028333333333333332
4 0.7433333333333333 0.2725 0.009166666666666667 0.0475
4 0.8108333333333333 0.3441666666666667 0.020833333333333332 0.07916666666666666
4 0.8375 0.23583333333333334 0.010833333333333334 0.03666666666666667
0 0.6383333333333333 0.25333333333333335 0.008333333333333333 0.0325
4 0.7783333333333333 0.2525 0.009166666666666667 0.03916666666666667
0 0.31583333333333335 0.7025 0.0625 0.21916666666666668