0 0.8716666666666667 0.39916666666666667 0.008333333333333333 0.035833333333333335
4 0.5725 0.3883333333333333 0.0125 0.056666666666666664
4 0.9233333333333333 0.3883333333333333 0.006666666666666667 0.025833333333333333
0 0.7266666666666667 0.36833333333333335 0.008333333333333333 0.035
0 0.43833333333333335 0.3358333333333333 0.010833333333333334 0.04583333333333333
4 0.79 0.4025 0.010833333333333334 0.04416666666666667
4 0.93 0.43333333333333335 0.011666666666666667 0.043333333333333335
4 0.6725 0.3883333333333333 0.011666666666666667 0.0475
4 0.4816666666666667 0.415 0.016666666666666666 0.07916666666666666
0 0.58 0.345 0.008333333333333333 0.03833333333333333
0 0.2758333333333333 0.34833333333333333 0.015 0.06666666666666667
2 0.6925 0.3383333333333333 0.006666666666666667 0.025833333333333333
2 0.7741666666666667 0.36583333333333334 0.008333333333333333 0.03166666666666667
4 0.9383333333333334 0.405 0.008333333333333333 0.03166666666666667
2 0.8341666666666666 0.3725 0.0075 0.028333333333333332
4 0.42083333333333334 0.5083333333333333 0.029166666666666667 0.125
2 0.7508333333333334 0.3458333333333333 0.005833333333333334 0.024166666666666666
4 0.5158333333333334 0.8041666666666667 0.023333333333333334 0.08833333333333333