0 0.53 0.47583333333333333 0.019166666666666665 0.06833333333333333
0 0.1075 0.4508333333333333 0.0175 0.0675
4 0.4741666666666667 0.4075 0.010833333333333334 0.03916666666666667
0 0.4325 0.5491666666666667 0.0325 0.11
4 0.18333333333333332 0.4033333333333333 0.011666666666666667 0.04583333333333333
4 0.3433333333333333 0.39916666666666667 0.01 0.041666666666666664
0 0.43333333333333335 0.43583333333333335 0.014166666666666666 0.05416666666666667
4 0.6066666666666667 0.43666666666666665 0.010833333333333334 0.043333333333333335
0 0.30416666666666664 0.4325 0.014166666666666666 0.056666666666666664
4 0.8383333333333334 0.5308333333333334 0.020833333333333332 0.075
4 0.7133333333333334 0.4725 0.014166666666666666 0.0525
4 0.9008333333333334 0.64 0.03833333333333333 0.1275