1 0.7008333333333333 0.355 0.0125 0.0575
4 0.8841666666666667 0.4241666666666667 0.013333333333333334 0.04666666666666667
4 0.485 0.46416666666666667 0.0225 0.1025
0 0.4658333333333333 0.3125 0.008333333333333333 0.035833333333333335
0 0.39416666666666667 0.27166666666666667 0.005 0.024166666666666666
4 0.5608333333333333 0.405 0.019166666666666665 0.06833333333333333
1 0.6641666666666667 0.3491666666666667 0.01 0.06166666666666667
4 0.28833333333333333 0.26 0.0075 0.0275
4 0.9041666666666667 0.39916666666666667 0.009166666666666667 0.0325
0 0.7575 0.3725 0.006666666666666667 0.035833333333333335
0 0.20333333333333334 0.3825 0.024166666666666666 0.085
0 0.5883333333333334 0.3458333333333333 0.009166666666666667 0.03833333333333333
1 0.7408333333333333 0.38666666666666666 0.018333333333333333 0.07916666666666666
0 0.38166666666666665 0.2783333333333333 0.005833333333333334 0.025833333333333333
2 0.22583333333333333 0.28833333333333333 0.011666666666666667 0.04416666666666667
0 0.42916666666666664 0.2725 0.005 0.021666666666666667
1 0.7841666666666667 0.3925 0.0175 0.07166666666666667
0 0.4008333333333333 0.29083333333333333 0.0075 0.03166666666666667
4 0.8741666666666666 0.37916666666666665 0.008333333333333333 0.025833333333333333
0 0.38166666666666665 0.3441666666666667 0.0125 0.0575
4 0.7616666666666667 0.4008333333333333 0.0125 0.04583333333333333
4 0.32166666666666666 0.25666666666666665 0.006666666666666667 0.024166666666666666
4 0.8133333333333334 0.35583333333333333 0.006666666666666667 0.024166666666666666
2 0.18416666666666667 0.31416666666666665 0.015 0.058333333333333334
0 0.7908333333333334 0.36916666666666664 0.005 0.03166666666666667
4 0.6566666666666666 0.3933333333333333 0.014166666666666666 0.05333333333333334
0 0.5275 0.2875 0.005 0.018333333333333333
0 0.475 0.2791666666666667 0.005833333333333334 0.020833333333333332
4 0.37916666666666665 0.31333333333333335 0.006666666666666667 0.04
4 0.2975 0.2783333333333333 0.008333333333333333 0.03666666666666667
4 0.6591666666666667 0.31166666666666665 0.005 0.018333333333333333
4 0.5116666666666667 0.2791666666666667 0.004166666666666667 0.019166666666666665
0 0.7816666666666666 0.35833333333333334 0.005 0.025
4 0.4975 0.685 0.04666666666666667 0.19416666666666665
4 0.3775 0.26 0.005 0.021666666666666667
0 0.6816666666666666 0.36333333333333334 0.01 0.03666666666666667
0 0.7491666666666666 0.3433333333333333 0.005 0.025833333333333333
4 0.44166666666666665 0.2675 0.004166666666666667 0.019166666666666665
0 0.6408333333333334 0.31083333333333335 0.004166666666666667 0.021666666666666667
4 0.7425 0.3333333333333333 0.005833333333333334 0.019166666666666665
0 0.5775 0.29833333333333334 0.004166666666666667 0.018333333333333333
2 0.0525 0.25833333333333336 0.006666666666666667 0.049166666666666664
4 0.575 0.2916666666666667 0.005 0.019166666666666665