0 0.5833333333333334 0.5333333333333333 0.0475 0.165
0 0.9366666666666666 0.36333333333333334 0.029166666666666667 0.09666666666666666
0 0.8575 0.2866666666666667 0.016666666666666666 0.06
0 0.7566666666666667 0.25833333333333336 0.0125 0.04583333333333333
0 0.6841666666666667 0.23916666666666667 0.009166666666666667 0.03666666666666667
0 0.605 0.22916666666666666 0.0075 0.0325
0 0.505 0.22416666666666665 0.006666666666666667 0.029166666666666667
0 0.4033333333333333 0.22583333333333333 0.005833333333333334 0.025833333333333333
0 0.30833333333333335 0.23083333333333333 0.005833333333333334 0.0225
0 0.24916666666666668 0.22916666666666666 0.005 0.021666666666666667
0 0.24 0.22333333333333333 0.004166666666666667 0.018333333333333333
0 0.25166666666666665 0.21666666666666667 0.0033333333333333335 0.016666666666666666
0 0.2783333333333333 0.20833333333333334 0.0033333333333333335 0.016666666666666666
0 0.32 0.2025 0.0033333333333333335 0.014166666666666666
0 0.7275 0.18416666666666667 0.0033333333333333335 0.014166666666666666
0 0.7658333333333334 0.18416666666666667 0.0033333333333333335 0.014166666666666666
0 0.8208333333333333 0.18416666666666667 0.0033333333333333335 0.016666666666666666
0 0.9116666666666666 0.185 0.004166666666666667 0.018333333333333333
4 0.9375 0.24416666666666667 0.011666666666666667 0.04416666666666667
4 0.7841666666666667 0.22083333333333333 0.008333333333333333 0.0325
4 0.6608333333333334 0.21166666666666667 0.0075 0.028333333333333332
4 0.5475 0.20833333333333334 0.005 0.024166666666666666
4 0.4525 0.21166666666666667 0.004166666666666667 0.0225
4 0.36833333333333335 0.215 0.005 0.020833333333333332
4 0.3416666666666667 0.21166666666666667 0.004166666666666667 0.018333333333333333
4 0.3475 0.20416666666666666 0.004166666666666667 0.0175
4 0.36916666666666664 0.2025 0.0033333333333333335 0.014166666666666666
4 0.41083333333333333 0.20083333333333334 0.0033333333333333335 0.014166666666666666
4 0.5091666666666667 0.19666666666666666 0.0033333333333333335 0.013333333333333334
4 0.5641666666666667 0.19333333333333333 0.0033333333333333335 0.011666666666666667
4 0.6141666666666666 0.19 0.0033333333333333335 0.013333333333333334
4 0.6716666666666666 0.19 0.0033333333333333335 0.014166666666666666
4 0.7366666666666667 0.18916666666666668 0.0033333333333333335 0.015
4 0.8016666666666666 0.19 0.004166666666666667 0.0175
4 0.8491666666666666 0.19333333333333333 0.004166666666666667 0.018333333333333333
4 0.9008333333333334 0.1975 0.004166666666666667 0.021666666666666667
4 0.9491666666666667 0.20166666666666666 0.004166666666666667 0.025