4 0.3975 0.35083333333333333 0.010833333333333334 0.043333333333333335
0 0.93 0.415 0.006666666666666667 0.0275
0 0.225 0.3225 0.01 0.0425
0 0.31666666666666665 0.305 0.006666666666666667 0.029166666666666667
4 0.43083333333333335 0.3225 0.006666666666666667 0.03166666666666667
0 0.8925 0.395 0.005 0.0225
4 0.415 0.335 0.008333333333333333 0.03666666666666667
0 0.2758333333333333 0.31333333333333335 0.008333333333333333 0.03333333333333333
4 0.4008333333333333 0.5783333333333334 0.035 0.14333333333333334
0 0.1375 0.3458333333333333 0.015 0.058333333333333334
4 0.8325 0.39916666666666667 0.0075 0.029166666666666667
4 0.7866666666666666 0.375 0.005833333333333334 0.024166666666666666
0 0.8991666666666667 0.39 0.005 0.020833333333333332
4 0.3425 0.42333333333333334 0.0175 0.0775
4 0.48 0.28833333333333333 0.0033333333333333335 0.0175
0 0.4075 0.28 0.004166666666666667 0.018333333333333333
4 0.37416666666666665 0.375 0.0125 0.05416666666666667
0 0.3883333333333333 0.285 0.004166666666666667 0.020833333333333332
1 0.36833333333333335 0.2833333333333333 0.004166666666666667 0.03666666666666667
4 0.47333333333333333 0.29583333333333334 0.004166666666666667 0.019166666666666665
0 0.9108333333333334 0.37416666666666665 0.004166666666666667 0.015
4 0.8 0.36833333333333335 0.004166666666666667 0.020833333333333332
0 0.3433333333333333 0.2991666666666667 0.005833333333333334 0.025833333333333333
0 0.4475 0.2683333333333333 0.0025 0.014166666666666666
4 0.845 0.3575 0.0033333333333333335 0.015
4 0.83 0.36666666666666664 0.004166666666666667 0.0175
4 0.8091666666666667 0.3441666666666667 0.0033333333333333335 0.014166666666666666
4 0.7675 0.3308333333333333 0.0025 0.013333333333333334
0 0.4225 0.27416666666666667 0.0033333333333333335 0.016666666666666666
4 0.5041666666666667 0.2758333333333333 0.0025 0.013333333333333334
0 0.8408333333333333 0.3475 0.0025 0.014166666666666666
0 0.9333333333333333 0.3958333333333333 0.004166666666666667 0.018333333333333333
0 0.8716666666666667 0.3575 0.0025 0.013333333333333334
0 0.7366666666666667 0.315 0.0025 0.010833333333333334
1 0.45 0.3016666666666667 0.006666666666666667 0.03833333333333333
4 0.49666666666666665 0.2791666666666667 0.0025 0.014166666666666666
0 0.43333333333333335 0.2708333333333333 0.0033333333333333335 0.015
4 0.4633333333333333 0.3016666666666667 0.004166666666666667 0.020833333333333332
1 0.3591666666666667 0.2866666666666667 0.006666666666666667 0.03833333333333333
4 0.44166666666666665 0.31333333333333335 0.005833333333333334 0.0275
0 0.7725 0.3258333333333333 0.0025 0.010833333333333334
4 0.7258333333333333 0.31833333333333336 0.0025 0.011666666666666667
0 0.9375 0.3875 0.004166666666666667 0.016666666666666666
0 0.805 0.33666666666666667 0.0025 0.011666666666666667
4 0.8558333333333333 0.36666666666666664 0.004166666666666667 0.0175
4 0.48833333333333334 0.2825 0.0033333333333333335 0.015
0 0.3641666666666667 0.2925 0.004166666666666667 0.024166666666666666
1 0.45416666666666666 0.30083333333333334 0.004166666666666667 0.03833333333333333