0 0.7025 0.3933333333333333 0.0275 0.09333333333333334
0 0.8183333333333334 0.31333333333333335 0.016666666666666666 0.0675
0 0.91 0.275 0.014166666666666666 0.05
0 0.4175 0.595 0.051666666666666666 0.1775
0 0.44416666666666665 0.18166666666666667 0.0025 0.013333333333333334
4 0.6033333333333334 0.17 0.0033333333333333335 0.018333333333333333
0 0.7041666666666667 0.17 0.004166666666666667 0.020833333333333332
4 0.6541666666666667 0.16833333333333333 0.004166666666666667 0.019166666666666665
4 0.49 0.17833333333333334 0.0033333333333333335 0.013333333333333334
4 0.5066666666666667 0.1775 0.0025 0.010833333333333334
0 0.4708333333333333 0.18166666666666667 0.004166666666666667 0.016666666666666666
0 0.6408333333333334 0.17666666666666667 0.004166666666666667 0.018333333333333333
4 0.5375 0.175 0.0025 0.010833333333333334
0 0.4558333333333333 0.18166666666666667 0.0033333333333333335 0.015
0 0.7908333333333334 0.16 0.004166666666666667 0.014166666666666666
4 0.5158333333333334 0.17583333333333334 0.0033333333333333335 0.014166666666666666
0 0.7458333333333333 0.16416666666666666 0.004166666666666667 0.0175
4 0.7666666666666667 0.1575 0.0033333333333333335 0.010833333333333334
0 0.5125 0.1825 0.004166666666666667 0.0175
4 0.5525 0.1725 0.0033333333333333335 0.013333333333333334
4 0.695 0.16333333333333333 0.0033333333333333335 0.0175
0 0.4375 0.18333333333333332 0.0025 0.011666666666666667
4 0.6166666666666667 0.16416666666666666 0.0025 0.010833333333333334
0 0.5658333333333333 0.18166666666666667 0.004166666666666667 0.018333333333333333
0 0.4325 0.1825 0.0033333333333333335 0.015
0 0.48083333333333333 0.17583333333333334 0.0025 0.010833333333333334
0 0.8741666666666666 0.15833333333333333 0.004166666666666667 0.01
4 0.5716666666666667 0.16833333333333333 0.0033333333333333335 0.013333333333333334
0 0.9216666666666666 0.15833333333333333 0.0025 0.0075
4 0.735 0.15833333333333333 0.004166666666666667 0.011666666666666667
0 0.835 0.15833333333333333 0.004166666666666667 0.013333333333333334
4 0.7883333333333333 0.15833333333333333 0.004166666666666667 0.011666666666666667
0 0.7608333333333334 0.155 0.0025 0.005833333333333334