0 0.725 0.46416666666666667 0.041666666666666664 0.13916666666666666
0 0.9033333333333333 0.20416666666666666 0.006666666666666667 0.025
0 0.8408333333333333 0.1975 0.006666666666666667 0.021666666666666667
0 0.81 0.19166666666666668 0.005833333333333334 0.020833333333333332
0 0.8175 0.18666666666666668 0.004166666666666667 0.0175
4 0.935 0.19083333333333333 0.006666666666666667 0.0225
4 0.92 0.18166666666666667 0.005 0.018333333333333333
4 0.9091666666666667 0.1875 0.005 0.020833333333333332
0 0.8508333333333333 0.18166666666666667 0.005 0.016666666666666666
0 0.95 0.21333333333333335 0.0025 0.021666666666666667
4 0.9041666666666667 0.18416666666666667 0.0033333333333333335 0.016666666666666666
0 0.9041666666666667 0.17583333333333334 0.0025 0.013333333333333334
0 0.08 0.8166666666666667 0.025833333333333333 0.06333333333333334