4 0.5391666666666667 0.48333333333333334 0.019166666666666665 0.08583333333333333
0 0.38166666666666665 0.37083333333333335 0.009166666666666667 0.0425
0 0.235 0.37166666666666665 0.015 0.060833333333333336
0 0.7175 0.3958333333333333 0.005833333333333334 0.0275
0 0.5025 0.38 0.0075 0.03333333333333333
0 0.615 0.3883333333333333 0.006666666666666667 0.030833333333333334
4 0.5791666666666667 0.43166666666666664 0.010833333333333334 0.0525
4 0.6208333333333333 0.6475 0.04583333333333333 0.165
4 0.7608333333333334 0.4325 0.008333333333333333 0.035
4 0.8866666666666667 0.44666666666666666 0.008333333333333333 0.035
0 0.8258333333333333 0.4075 0.005833333333333334 0.024166666666666666
4 0.6583333333333333 0.4266666666666667 0.009166666666666667 0.04