0 0.4816666666666667 0.5683333333333334 0.03166666666666667 0.11
0 0.6883333333333334 0.49416666666666664 0.02 0.07166666666666667
0 0.8175 0.42583333333333334 0.01 0.04
0 0.775 0.44916666666666666 0.0125 0.050833333333333335
0 0.8058333333333333 0.4083333333333333 0.0075 0.03166666666666667
0 0.7866666666666666 0.38916666666666666 0.005833333333333334 0.021666666666666667
4 0.9266666666666666 0.4041666666666667 0.006666666666666667 0.03166666666666667
0 0.8775 0.3825 0.005 0.019166666666666665
0 0.9333333333333333 0.38166666666666665 0.004166666666666667 0.019166666666666665
0 0.7933333333333333 0.39916666666666667 0.006666666666666667 0.0275
0 0.8258333333333333 0.385 0.005 0.021666666666666667
2 0.7433333333333333 0.36833333333333335 0.0025 0.011666666666666667
2 0.87 0.36916666666666664 0.0033333333333333335 0.014166666666666666
4 0.8983333333333333 0.39 0.0033333333333333335 0.021666666666666667
2 0.8291666666666667 0.37 0.004166666666666667 0.018333333333333333
2 0.6983333333333334 0.36666666666666664 0.0025 0.010833333333333334
2 0.7841666666666667 0.3616666666666667 0.0025 0.010833333333333334
2 0.8233333333333334 0.365 0.0025 0.013333333333333334
4 0.9016666666666666 0.3975 0.005833333333333334 0.025833333333333333