0 0.6266666666666667 0.5708333333333333 0.04666666666666667 0.1775
0 0.7791666666666667 0.3375 0.02 0.075
4 0.6358333333333334 0.26 0.008333333333333333 0.03916666666666667
1 0.8233333333333334 0.25666666666666665 0.016666666666666666 0.07916666666666666
1 0.8308333333333333 0.25166666666666665 0.010833333333333334 0.0725
2 0.8466666666666667 0.23833333333333334 0.009166666666666667 0.035
2 0.8583333333333333 0.22 0.006666666666666667 0.0275
2 0.8658333333333333 0.20666666666666667 0.005833333333333334 0.0225
2 0.8683333333333333 0.19583333333333333 0.0033333333333333335 0.0175
2 0.8716666666666667 0.19916666666666666 0.004166666666666667 0.019166666666666665
2 0.8741666666666666 0.19583333333333333 0.0033333333333333335 0.0175
2 0.8758333333333334 0.19333333333333333 0.0033333333333333335 0.016666666666666666
2 0.8783333333333333 0.18833333333333332 0.0033333333333333335 0.013333333333333334
2 0.8816666666666667 0.18416666666666667 0.0033333333333333335 0.011666666666666667
2 0.95 0.195 0.0025 0.020833333333333332
2 0.9466666666666667 0.19166666666666668 0.004166666666666667 0.018333333333333333
2 0.9441666666666667 0.18916666666666668 0.0033333333333333335 0.0175
2 0.94 0.185 0.004166666666666667 0.015
2 0.9358333333333333 0.18166666666666667 0.0033333333333333335 0.013333333333333334
2 0.9316666666666666 0.17833333333333334 0.0033333333333333335 0.010833333333333334