0 0.6183333333333333 0.3641666666666667 0.018333333333333333 0.07166666666666667
0 0.8241666666666667 0.24833333333333332 0.008333333333333333 0.035833333333333335
0 0.8558333333333333 0.2683333333333333 0.010833333333333334 0.04583333333333333
0 0.7133333333333334 0.31333333333333335 0.014166666666666666 0.0575
0 0.7616666666666667 0.24166666666666667 0.0075 0.0325
0 0.6491666666666667 0.23416666666666666 0.005 0.025
0 0.71 0.235 0.005833333333333334 0.0275
4 0.8783333333333333 0.22583333333333333 0.008333333333333333 0.030833333333333334
0 0.49166666666666664 0.47333333333333333 0.029166666666666667 0.11166666666666666
4 0.8683333333333333 0.20166666666666666 0.004166666666666667 0.018333333333333333
4 0.7783333333333333 0.21916666666666668 0.006666666666666667 0.025833333333333333
4 0.6841666666666667 0.22166666666666668 0.005 0.021666666666666667
0 0.48583333333333334 0.24333333333333335 0.004166666666666667 0.020833333333333332
4 0.5383333333333333 0.2225 0.0025 0.011666666666666667
4 0.9041666666666667 0.2025 0.005 0.019166666666666665
4 0.44333333333333336 0.23833333333333334 0.0033333333333333335 0.0175
0 0.88 0.19166666666666668 0.004166666666666667 0.0175
4 0.7908333333333334 0.20083333333333334 0.004166666666666667 0.016666666666666666
4 0.49333333333333335 0.22666666666666666 0.0025 0.011666666666666667
4 0.07583333333333334 0.2683333333333333 0.0025 0.011666666666666667
4 0.63 0.21 0.0025 0.011666666666666667
4 0.515 0.23083333333333333 0.004166666666666667 0.018333333333333333
0 0.7608333333333334 0.19833333333333333 0.0033333333333333335 0.014166666666666666
4 0.5933333333333334 0.225 0.004166666666666667 0.019166666666666665
4 0.425 0.23166666666666666 0.0025 0.014166666666666666
4 0.4116666666666667 0.23333333333333334 0.0025 0.016666666666666666
4 0.4558333333333333 0.22916666666666666 0.0025 0.013333333333333334
0 0.405 0.25166666666666665 0.004166666666666667 0.018333333333333333
4 0.7366666666666667 0.20416666666666666 0.0033333333333333335 0.013333333333333334
4 0.06583333333333333 0.265 0.0025 0.01
0 0.8066666666666666 0.19583333333333333 0.0033333333333333335 0.013333333333333334
0 0.57 0.23666666666666666 0.005 0.0225
0 0.7283333333333334 0.20083333333333334 0.0025 0.010833333333333334
0 0.3775 0.23416666666666666 0.0025 0.011666666666666667
0 0.32916666666666666 0.2475 0.0025 0.014166666666666666
0 0.9166666666666666 0.19333333333333333 0.004166666666666667 0.018333333333333333
0 0.3458333333333333 0.24 0.0025 0.014166666666666666
0 0.6966666666666667 0.20166666666666666 0.0025 0.011666666666666667
0 0.3475 0.255 0.004166666666666667 0.018333333333333333
0 0.5041666666666667 0.2225 0.0025 0.011666666666666667
0 0.07083333333333333 0.26666666666666666 0.0025 0.008333333333333333
4 0.8291666666666667 0.20083333333333334 0.004166666666666667 0.015
4 0.12083333333333333 0.25666666666666665 0.0025 0.01
0 0.5491666666666667 0.21666666666666667 0.0025 0.010833333333333334
4 0.5858333333333333 0.21666666666666667 0.0025 0.010833333333333334
4 0.6808333333333333 0.20666666666666667 0.0033333333333333335 0.014166666666666666
4 0.085 0.2633333333333333 0.0025 0.01
4 0.4141666666666667 0.2375 0.0033333333333333335 0.016666666666666666
0 0.6 0.20833333333333334 0.0025 0.011666666666666667
0 0.3275 0.2525 0.0033333333333333335 0.014166666666666666
4 0.050833333333333335 0.2708333333333333 0.0025 0.008333333333333333
4 0.11166666666666666 0.25833333333333336 0.0025 0.01
0 0.6441666666666667 0.20583333333333334 0.0025 0.011666666666666667
0 0.0825 0.2633333333333333 0.0025 0.010833333333333334
4 0.12416666666666666 0.25666666666666665 0.0025 0.011666666666666667
0 0.4575 0.2275 0.0025 0.013333333333333334