4 0.45916666666666667 0.6625 0.0575 0.20583333333333334
4 0.13 0.4058333333333333 0.0275 0.09
4 0.1075 0.2625 0.0075 0.029166666666666667
4 0.21416666666666667 0.27 0.006666666666666667 0.029166666666666667
4 0.30333333333333334 0.2775 0.006666666666666667 0.028333333333333332
4 0.42833333333333334 0.28833333333333333 0.006666666666666667 0.029166666666666667
4 0.5433333333333333 0.30416666666666664 0.006666666666666667 0.030833333333333334
4 0.6466666666666666 0.3225 0.0075 0.0325
4 0.7708333333333334 0.3475 0.009166666666666667 0.035833333333333335
4 0.8925 0.37583333333333335 0.010833333333333334 0.04
0 0.14416666666666667 0.25833333333333336 0.005833333333333334 0.024166666666666666
0 0.24583333333333332 0.26916666666666667 0.005 0.0225
0 0.35 0.2791666666666667 0.005833333333333334 0.0225
0 0.4625 0.28833333333333333 0.005833333333333334 0.025
0 0.5575 0.2991666666666667 0.005833333333333334 0.024166666666666666
0 0.6516666666666666 0.30916666666666665 0.005833333333333334 0.025
0 0.7675 0.32916666666666666 0.005833333333333334 0.028333333333333332
0 0.9 0.35833333333333334 0.008333333333333333 0.03333333333333333