0 0.26416666666666666 0.4083333333333333 0.009166666666666667 0.03916666666666667
4 0.775 0.615 0.0375 0.13166666666666665
0 0.2425 0.49916666666666665 0.025833333333333333 0.0825
4 0.495 0.4525 0.015 0.06
0 0.9275 0.4083333333333333 0.01 0.03833333333333333
0 0.8541666666666666 0.39666666666666667 0.008333333333333333 0.035
4 0.7575 0.41 0.009166666666666667 0.041666666666666664
0 0.4116666666666667 0.385 0.006666666666666667 0.030833333333333334
0 0.5508333333333333 0.38083333333333336 0.006666666666666667 0.025833333333333333
0 0.16 0.7133333333333334 0.05333333333333334 0.19
4 0.6058333333333333 0.5058333333333334 0.019166666666666665 0.0825
0 0.24916666666666668 0.45 0.01 0.058333333333333334
0 0.7733333333333333 0.38416666666666666 0.008333333333333333 0.029166666666666667
4 0.605 0.39416666666666667 0.0075 0.0325
0 0.4791666666666667 0.38 0.006666666666666667 0.0275
0 0.33666666666666667 0.3925 0.008333333333333333 0.0325
4 0.44916666666666666 0.42833333333333334 0.0125 0.0475
2 0.25166666666666665 0.35583333333333333 0.004166666666666667 0.015
4 0.8666666666666667 0.44583333333333336 0.013333333333333334 0.05333333333333334
2 0.405 0.3566666666666667 0.0033333333333333335 0.0175
4 0.44166666666666665 0.4066666666666667 0.008333333333333333 0.03833333333333333
0 0.635 0.37916666666666665 0.005833333333333334 0.025833333333333333
2 0.19833333333333333 0.3491666666666667 0.0025 0.015
2 0.31166666666666665 0.345 0.0025 0.011666666666666667
4 0.6916666666666667 0.39916666666666667 0.008333333333333333 0.0325
4 0.5175 0.3958333333333333 0.008333333333333333 0.035
2 0.35583333333333333 0.36 0.004166666666666667 0.025
2 0.37583333333333335 0.33916666666666667 0.0025 0.010833333333333334
2 0.35 0.33666666666666667 0.0025 0.010833333333333334
2 0.3541666666666667 0.35 0.004166666666666667 0.015