4 0.5258333333333334 0.6791666666666667 0.0575 0.20833333333333334
4 0.19833333333333333 0.465 0.035833333333333335 0.1225
4 0.0975 0.38 0.023333333333333334 0.09
4 0.10833333333333334 0.3225 0.015833333333333335 0.06333333333333334
4 0.16083333333333333 0.29583333333333334 0.0125 0.05
4 0.23166666666666666 0.2808333333333333 0.009166666666666667 0.04
4 0.30083333333333334 0.2758333333333333 0.0075 0.03333333333333333
4 0.375 0.275 0.006666666666666667 0.0325
4 0.475 0.2816666666666667 0.006666666666666667 0.030833333333333334
4 0.5341666666666667 0.28833333333333333 0.006666666666666667 0.030833333333333334
4 0.6258333333333334 0.3016666666666667 0.0075 0.029166666666666667
4 0.7275 0.31916666666666665 0.008333333333333333 0.0325
4 0.815 0.335 0.0075 0.03333333333333333
4 0.905 0.35 0.0075 0.035
0 0.0975 0.25916666666666666 0.01 0.03833333333333333
0 0.21916666666666668 0.255 0.0075 0.029166666666666667
0 0.3283333333333333 0.2575 0.005833333333333334 0.025833333333333333
0 0.43333333333333335 0.265 0.005 0.024166666666666666
0 0.53 0.27416666666666667 0.004166666666666667 0.0225
0 0.6333333333333333 0.2891666666666667 0.004166666666666667 0.024166666666666666
0 0.7358333333333333 0.30666666666666664 0.005833333333333334 0.025
0 0.7991666666666667 0.31833333333333336 0.005833333333333334 0.0275
0 0.8491666666666666 0.3258333333333333 0.006666666666666667 0.0275
0 0.8966666666666666 0.3308333333333333 0.006666666666666667 0.0275
0 0.9291666666666667 0.3333333333333333 0.005833333333333334 0.025
0 0.94 0.3308333333333333 0.005 0.0225
0 0.935 0.32666666666666666 0.005 0.020833333333333332
0 0.9375 0.31166666666666665 0.0033333333333333335 0.014166666666666666
0 0.91 0.31333333333333335 0.004166666666666667 0.0225