0 0.37 0.5008333333333334 0.020833333333333332 0.050833333333333335
0 0.39916666666666667 0.4716666666666667 0.015 0.03333333333333333
0 0.3025 0.5616666666666666 0.035 0.07583333333333334
0 0.41833333333333333 0.4525 0.0125 0.028333333333333332
0 0.42916666666666664 0.43916666666666665 0.009166666666666667 0.023333333333333334
0 0.10083333333333333 0.7566666666666667 0.05333333333333334 0.16083333333333333
0 0.43833333333333335 0.43166666666666664 0.008333333333333333 0.021666666666666667
0 0.44583333333333336 0.4266666666666667 0.0075 0.019166666666666665
0 0.45 0.4216666666666667 0.005833333333333334 0.016666666666666666
4 0.5666666666666667 0.43916666666666665 0.010833333333333334 0.025
4 0.73 0.5508333333333333 0.035 0.07666666666666666
4 0.6075 0.4683333333333333 0.015833333333333335 0.03916666666666667
4 0.6483333333333333 0.495 0.0225 0.051666666666666666
4 0.5833333333333334 0.4508333333333333 0.0125 0.030833333333333334
4 0.5541666666666667 0.43166666666666664 0.008333333333333333 0.0225
4 0.5466666666666666 0.4266666666666667 0.008333333333333333 0.019166666666666665
4 0.5408333333333334 0.4225 0.005833333333333334 0.016666666666666666
4 0.5358333333333334 0.4191666666666667 0.005 0.015833333333333335
1 0.45416666666666666 0.41333333333333333 0.006666666666666667 0.0225
1 0.535 0.41333333333333333 0.006666666666666667 0.023333333333333334