0 0.8825 0.51 0.0275 0.085
4 0.9141666666666667 0.3775 0.004166666666666667 0.018333333333333333
0 0.5616666666666666 0.3566666666666667 0.005 0.020833333333333332
0 0.5533333333333333 0.3541666666666667 0.004166666666666667 0.016666666666666666
0 0.8816666666666667 0.37416666666666665 0.0033333333333333335 0.015
0 0.6083333333333333 0.3625 0.005833333333333334 0.0225
0 0.8225 0.3933333333333333 0.008333333333333333 0.035833333333333335
4 0.6958333333333333 0.36666666666666664 0.005 0.019166666666666665
0 0.9375 0.3775 0.004166666666666667 0.016666666666666666
4 0.6583333333333333 0.3616666666666667 0.004166666666666667 0.016666666666666666
0 0.7116666666666667 0.37916666666666665 0.0075 0.029166666666666667
4 0.8433333333333334 0.37333333333333335 0.005 0.018333333333333333
4 0.7825 0.36916666666666664 0.0033333333333333335 0.0175
0 0.585 0.35583333333333333 0.004166666666666667 0.015
0 0.6516666666666666 0.37083333333333335 0.006666666666666667 0.0275
0 0.5408333333333334 0.3541666666666667 0.004166666666666667 0.0175
0 0.8208333333333333 0.37083333333333335 0.0025 0.015
0 0.06916666666666667 0.7441666666666666 0.04083333333333333 0.20666666666666667
4 0.6333333333333333 0.36 0.004166666666666667 0.018333333333333333
4 0.8975 0.38666666666666666 0.006666666666666667 0.021666666666666667
4 0.775 0.37416666666666665 0.006666666666666667 0.025
4 0.6233333333333333 0.35833333333333334 0.004166666666666667 0.0175
4 0.7016666666666667 0.3641666666666667 0.004166666666666667 0.0175
0 0.7625 0.3675 0.0033333333333333335 0.013333333333333334
0 0.6316666666666667 0.5191666666666667 0.0275 0.09416666666666666
0 0.6358333333333334 0.3575 0.0025 0.015