0 0.7108333333333333 0.38666666666666666 0.014166666666666666 0.056666666666666664
0 0.20833333333333334 0.34 0.016666666666666666 0.0675
0 0.48333333333333334 0.3825 0.016666666666666666 0.06916666666666667
2 0.2625 0.42916666666666664 0.025833333333333333 0.10416666666666667
4 0.29583333333333334 0.30833333333333335 0.0125 0.049166666666666664
0 0.7625 0.34 0.006666666666666667 0.030833333333333334
4 0.4483333333333333 0.33166666666666667 0.011666666666666667 0.05
4 0.265 0.24583333333333332 0.006666666666666667 0.024166666666666666
0 0.78 0.365 0.01 0.041666666666666664
0 0.7091666666666666 0.31666666666666665 0.006666666666666667 0.025833333333333333
4 0.5833333333333334 0.2925 0.005833333333333334 0.024166666666666666
0 0.2175 0.235 0.005 0.021666666666666667
0 0.13916666666666666 0.23166666666666666 0.005833333333333334 0.025
4 0.5775 0.3383333333333333 0.01 0.04416666666666667
0 0.5633333333333334 0.2783333333333333 0.004166666666666667 0.019166666666666665
4 0.5291666666666667 0.2791666666666667 0.005 0.021666666666666667
4 0.19333333333333333 0.2825 0.010833333333333334 0.043333333333333335
4 0.6516666666666666 0.32083333333333336 0.006666666666666667 0.0325
4 0.20833333333333334 0.245 0.006666666666666667 0.0275
4 0.3975 0.2575 0.004166666666666667 0.019166666666666665
0 0.30333333333333334 0.24166666666666667 0.004166666666666667 0.019166666666666665
0 0.64 0.29583333333333334 0.005 0.021666666666666667
4 0.155 0.26166666666666666 0.005833333333333334 0.03666666666666667
4 0.6275 0.30583333333333335 0.005833333333333334 0.0275
4 0.4658333333333333 0.2675 0.005 0.021666666666666667
4 0.3283333333333333 0.25 0.005 0.021666666666666667
2 0.12916666666666668 0.21833333333333332 0.0033333333333333335 0.018333333333333333
2 0.05 0.21 0.0025 0.020833333333333332
0 0.3925 0.25083333333333335 0.004166666666666667 0.0175
0 0.48083333333333333 0.26416666666666666 0.0033333333333333335 0.0175
4 0.64 0.3325 0.009166666666666667 0.03666666666666667
2 0.08083333333333333 0.20083333333333334 0.0033333333333333335 0.016666666666666666
2 0.135 0.22666666666666666 0.004166666666666667 0.0225
2 0.059166666666666666 0.19833333333333333 0.0033333333333333335 0.016666666666666666
2 0.12083333333333333 0.205 0.0025 0.014166666666666666
4 0.16916666666666666 0.25083333333333335 0.005833333333333334 0.03166666666666667
2 0.1025 0.20333333333333334 0.0025 0.015
2 0.05416666666666667 0.2025 0.004166666666666667 0.018333333333333333
3 0.9425 0.3675 0.006666666666666667 0.025833333333333333
2 0.125 0.21 0.0033333333333333335 0.016666666666666666
2 0.475 0.7441666666666666 0.059166666666666666 0.20416666666666666
1 0.1625 0.255 0.011666666666666667 0.06166666666666667
1 0.15416666666666667 0.2475 0.008333333333333333 0.056666666666666664