0 0.295 0.3541666666666667 0.0175 0.0675
4 0.6008333333333333 0.38333333333333336 0.0125 0.056666666666666664
0 0.46166666666666667 0.335 0.010833333333333334 0.04666666666666667
4 0.8166666666666667 0.3925 0.010833333333333334 0.043333333333333335
0 0.7016666666666667 0.335 0.006666666666666667 0.028333333333333332
1 0.8766666666666667 0.3725 0.011666666666666667 0.0575
4 0.5183333333333333 0.4191666666666667 0.018333333333333333 0.08083333333333333
4 0.6183333333333333 0.3258333333333333 0.0075 0.03166666666666667
0 0.8016666666666666 0.3641666666666667 0.0075 0.0325
0 0.5958333333333333 0.3383333333333333 0.0075 0.03833333333333333
0 0.9008333333333334 0.3883333333333333 0.009166666666666667 0.035
4 0.7041666666666667 0.37916666666666665 0.010833333333333334 0.04666666666666667
4 0.485 0.53 0.03 0.13333333333333333
0 0.06416666666666666 0.45416666666666666 0.03 0.1275
4 0.9466666666666667 0.4175 0.008333333333333333 0.043333333333333335
2 0.4716666666666667 0.31 0.008333333333333333 0.03666666666666667
2 0.5091666666666667 0.3025 0.006666666666666667 0.03166666666666667
0 0.6566666666666666 0.3175 0.005833333333333334 0.025833333333333333
4 0.7991666666666667 0.3233333333333333 0.0033333333333333335 0.016666666666666666
4 0.8691666666666666 0.3383333333333333 0.0033333333333333335 0.0175
4 0.5708333333333333 0.3025 0.005833333333333334 0.0275
2 0.4033333333333333 0.2791666666666667 0.006666666666666667 0.028333333333333332
4 0.5758333333333333 0.2941666666666667 0.005 0.0225
0 0.65 0.30916666666666665 0.004166666666666667 0.0225
1 0.9208333333333333 0.39916666666666667 0.016666666666666666 0.0725
4 0.6633333333333333 0.2991666666666667 0.0033333333333333335 0.016666666666666666
0 0.9366666666666666 0.3591666666666667 0.005 0.020833333333333332
4 0.61 0.2941666666666667 0.004166666666666667 0.018333333333333333
2 0.3516666666666667 0.2833333333333333 0.0075 0.0325
0 0.7058333333333333 0.31166666666666665 0.004166666666666667 0.018333333333333333
0 0.7533333333333333 0.31916666666666665 0.0033333333333333335 0.018333333333333333
0 0.8625 0.3416666666666667 0.005 0.019166666666666665
0 0.6691666666666667 0.3075 0.0033333333333333335 0.019166666666666665
4 0.7266666666666667 0.31 0.0033333333333333335 0.0175
0 0.8091666666666667 0.33 0.004166666666666667 0.018333333333333333
3 0.24333333333333335 0.26166666666666666 0.004166666666666667 0.0275
3 0.12583333333333332 0.23333333333333334 0.005 0.0225
3 0.10083333333333333 0.24083333333333334 0.006666666666666667 0.025
3 0.28583333333333333 0.25666666666666665 0.005 0.0225
1 0.9266666666666666 0.38166666666666665 0.009166666666666667 0.06