0 0.45 0.29333333333333333 0.009166666666666667 0.03916666666666667
0 0.8558333333333333 0.32416666666666666 0.006666666666666667 0.025833333333333333
0 0.9133333333333333 0.3333333333333333 0.006666666666666667 0.025
0 0.5441666666666667 0.2808333333333333 0.0075 0.03166666666666667
4 0.5225 0.41583333333333333 0.019166666666666665 0.075
0 0.1725 0.3775 0.025833333333333333 0.08333333333333333
4 0.5775 0.35833333333333334 0.014166666666666666 0.0525
4 0.61 0.6016666666666667 0.041666666666666664 0.15083333333333335
4 0.67 0.3375 0.009166666666666667 0.04
0 0.33666666666666667 0.3175 0.014166666666666666 0.0525
4 0.8916666666666667 0.3516666666666667 0.008333333333333333 0.03166666666666667
4 0.765 0.3358333333333333 0.009166666666666667 0.035
0 0.675 0.29833333333333334 0.006666666666666667 0.029166666666666667
0 0.795 0.315 0.006666666666666667 0.025833333333333333