4 0.5058333333333334 0.3958333333333333 0.016666666666666666 0.06916666666666667
0 0.24083333333333334 0.3225 0.013333333333333334 0.05333333333333334
0 0.46166666666666667 0.2925 0.005833333333333334 0.025833333333333333
0 0.3375 0.305 0.009166666666666667 0.03833333333333333
0 0.085 0.3541666666666667 0.0225 0.07583333333333334
4 0.5708333333333333 0.3233333333333333 0.0075 0.03333333333333333
4 0.5116666666666667 0.5825 0.035 0.15666666666666668
0 0.5108333333333334 0.29083333333333333 0.004166666666666667 0.0225
4 0.5916666666666667 0.31166666666666665 0.005833333333333334 0.025833333333333333
0 0.4091666666666667 0.2975 0.006666666666666667 0.030833333333333334
0 0.565 0.2941666666666667 0.005 0.020833333333333332
0 0.6183333333333333 0.3 0.0033333333333333335 0.019166666666666665
0 0.8383333333333334 0.32416666666666666 0.004166666666666667 0.016666666666666666
4 0.5383333333333333 0.34833333333333333 0.010833333333333334 0.04416666666666667
4 0.6775 0.31666666666666665 0.005833333333333334 0.021666666666666667
0 0.6883333333333334 0.31166666666666665 0.004166666666666667 0.018333333333333333
4 0.92 0.3383333333333333 0.004166666666666667 0.016666666666666666
0 0.8291666666666667 0.3075 0.0033333333333333335 0.013333333333333334
4 0.905 0.32666666666666666 0.004166666666666667 0.014166666666666666
0 0.7525 0.32 0.004166666666666667 0.018333333333333333
4 0.7575 0.32916666666666666 0.005 0.020833333333333332
0 0.8041666666666667 0.325 0.004166666666666667 0.0175
4 0.625 0.31 0.005833333333333334 0.0225
4 0.905 0.3458333333333333 0.004166666666666667 0.0175
4 0.8425 0.3408333333333333 0.004166666666666667 0.020833333333333332
0 0.8441666666666666 0.31833333333333336 0.0033333333333333335 0.014166666666666666
4 0.8825 0.31666666666666665 0.004166666666666667 0.011666666666666667
4 0.8358333333333333 0.30583333333333335 0.0025 0.011666666666666667