0 0.645 0.4116666666666667 0.014166666666666666 0.0525
4 0.1775 0.4683333333333333 0.0225 0.08083333333333333
0 0.8758333333333334 0.43083333333333335 0.016666666666666666 0.0575
4 0.1925 0.37583333333333335 0.009166666666666667 0.03833333333333333
4 0.6541666666666667 0.6258333333333334 0.041666666666666664 0.15666666666666668
4 0.7116666666666667 0.465 0.019166666666666665 0.07166666666666667
0 0.47 0.39416666666666667 0.011666666666666667 0.043333333333333335
0 0.3075 0.3625 0.006666666666666667 0.03166666666666667
4 0.095 0.36333333333333334 0.0075 0.03166666666666667
4 0.16916666666666666 0.365 0.008333333333333333 0.0325
0 0.23833333333333334 0.3525 0.005833333333333334 0.0225
0 0.1575 0.35583333333333333 0.006666666666666667 0.025833333333333333
4 0.25416666666666665 0.3933333333333333 0.010833333333333334 0.04416666666666667
4 0.3641666666666667 0.415 0.013333333333333334 0.05583333333333333
4 0.10333333333333333 0.41833333333333333 0.02 0.060833333333333336
0 0.36916666666666664 0.3775 0.006666666666666667 0.03833333333333333
0 0.2825 0.3541666666666667 0.006666666666666667 0.025833333333333333
0 0.0575 0.3616666666666667 0.005833333333333334 0.0225
4 0.935 0.525 0.0325 0.1
4 0.49166666666666664 0.4375 0.016666666666666666 0.06166666666666667
4 0.35833333333333334 0.5208333333333334 0.03 0.10333333333333333
4 0.165 0.36083333333333334 0.005 0.028333333333333332
4 0.0675 0.3933333333333333 0.014166666666666666 0.0475