0 0.645 0.32 0.006666666666666667 0.029166666666666667
4 0.8816666666666667 0.39416666666666667 0.013333333333333334 0.0525
4 0.18916666666666668 0.42916666666666664 0.035833333333333335 0.10666666666666667
0 0.7741666666666667 0.3433333333333333 0.008333333333333333 0.03333333333333333
4 0.4275 0.2941666666666667 0.006666666666666667 0.0275
0 0.39666666666666667 0.2725 0.005 0.0225
0 0.505 0.2875 0.005 0.0225
0 0.32666666666666666 0.265 0.004166666666666667 0.020833333333333332
4 0.6933333333333334 0.7566666666666667 0.03333333333333333 0.17916666666666667
0 0.22583333333333333 0.25416666666666665 0.004166666666666667 0.019166666666666665
4 0.6691666666666667 0.3475 0.010833333333333334 0.041666666666666664
0 0.14333333333333334 0.245 0.005 0.018333333333333333
0 0.5608333333333333 0.3025 0.005 0.025833333333333333
4 0.49333333333333335 0.31333333333333335 0.0075 0.03166666666666667
4 0.185 0.26166666666666666 0.005 0.0225
4 0.36583333333333334 0.2816666666666667 0.005833333333333334 0.025
0 0.07 0.23833333333333334 0.004166666666666667 0.0175
4 0.5608333333333333 0.3308333333333333 0.008333333333333333 0.03666666666666667
4 0.09916666666666667 0.25083333333333335 0.005833333333333334 0.021666666666666667
0 0.275 0.26 0.004166666666666667 0.019166666666666665
4 0.27666666666666667 0.27166666666666667 0.006666666666666667 0.024166666666666666