0 0.5966666666666667 0.3625 0.0175 0.06666666666666667
0 0.8875 0.35583333333333333 0.011666666666666667 0.0425
4 0.8166666666666667 0.43333333333333335 0.023333333333333334 0.0825
0 0.45916666666666667 0.42833333333333334 0.028333333333333332 0.1025
4 0.8925 0.4041666666666667 0.018333333333333333 0.065
2 0.22 0.23333333333333334 0.006666666666666667 0.0275
2 0.185 0.23083333333333333 0.0075 0.028333333333333332
0 0.7325 0.3466666666666667 0.010833333333333334 0.0475
2 0.395 0.3591666666666667 0.019166666666666665 0.0725
2 0.16166666666666665 0.2816666666666667 0.013333333333333334 0.050833333333333335
2 0.2991666666666667 0.25583333333333336 0.0075 0.0325
2 0.17666666666666667 0.24916666666666668 0.01 0.03666666666666667
2 0.32916666666666666 0.28833333333333333 0.011666666666666667 0.04583333333333333
2 0.2525 0.235 0.006666666666666667 0.025833333333333333
2 0.12416666666666666 0.36083333333333334 0.024166666666666666 0.0825
4 0.8125 0.535 0.034166666666666665 0.1275
4 0.085 0.44416666666666665 0.035833333333333335 0.1225
2 0.2808333333333333 0.23666666666666666 0.006666666666666667 0.025833333333333333
3 0.2866666666666667 0.23083333333333333 0.004166666666666667 0.020833333333333332
3 0.20916666666666667 0.2225 0.004166666666666667 0.019166666666666665
3 0.2791666666666667 0.21916666666666668 0.0025 0.016666666666666666
3 0.32916666666666666 0.2275 0.0033333333333333335 0.016666666666666666
3 0.36666666666666664 0.2225 0.0025 0.014166666666666666
3 0.395 0.23 0.0025 0.014166666666666666
3 0.4658333333333333 0.23166666666666666 0.0025 0.013333333333333334
3 0.4741666666666667 0.23583333333333334 0.0025 0.015
3 0.5566666666666666 0.2475 0.0025 0.013333333333333334
3 0.5683333333333334 0.245 0.0025 0.014166666666666666
3 0.6375 0.26166666666666666 0.0025 0.015
3 0.6725 0.2633333333333333 0.0025 0.015
3 0.7091666666666666 0.2783333333333333 0.0025 0.0175
3 0.7541666666666667 0.2808333333333333 0.0033333333333333335 0.0175
3 0.7941666666666667 0.2975 0.005 0.021666666666666667
3 0.835 0.29833333333333334 0.004166666666666667 0.018333333333333333