0 0.6183333333333333 0.29333333333333333 0.015 0.05583333333333333
0 0.5108333333333334 0.2758333333333333 0.01 0.0425
0 0.39416666666666667 0.2758333333333333 0.009166666666666667 0.03666666666666667
0 0.6658333333333334 0.31166666666666665 0.016666666666666666 0.065
4 0.7841666666666667 0.26 0.010833333333333334 0.0475
0 0.705 0.4216666666666667 0.0275 0.11333333333333333
4 0.6916666666666667 0.24916666666666668 0.01 0.03916666666666667
0 0.9175 0.19083333333333333 0.005833333333333334 0.0225
0 0.5975 0.5525 0.0475 0.1725
0 0.8608333333333333 0.195 0.005 0.0225
0 0.7016666666666667 0.35083333333333333 0.019166666666666665 0.0825
0 0.5625 0.2791666666666667 0.010833333333333334 0.04583333333333333
4 0.8766666666666667 0.20333333333333334 0.006666666666666667 0.025833333333333333
4 0.5991666666666666 0.24666666666666667 0.0075 0.035
4 0.49583333333333335 0.23166666666666666 0.006666666666666667 0.024166666666666666
4 0.905 0.28 0.015833333333333335 0.06
0 0.3375 0.27 0.0075 0.029166666666666667
0 0.8225 0.1975 0.005833333333333334 0.021666666666666667
4 0.48833333333333334 0.25083333333333335 0.008333333333333333 0.03166666666666667
0 0.7416666666666667 0.20166666666666666 0.006666666666666667 0.020833333333333332
4 0.5441666666666667 0.225 0.005833333333333334 0.024166666666666666
4 0.4558333333333333 0.25 0.0075 0.030833333333333334
0 0.3858333333333333 0.24416666666666667 0.005 0.021666666666666667
0 0.6675 0.20666666666666667 0.0033333333333333335 0.019166666666666665
0 0.5208333333333334 0.22166666666666668 0.005 0.019166666666666665
4 0.6058333333333333 0.21833333333333332 0.005833333333333334 0.021666666666666667
4 0.8091666666666667 0.20666666666666667 0.006666666666666667 0.025833333333333333
4 0.4666666666666667 0.2375 0.006666666666666667 0.025
0 0.5925 0.21333333333333335 0.005 0.019166666666666665
4 0.7191666666666666 0.20916666666666667 0.005 0.0225
0 0.3433333333333333 0.2575 0.005833333333333334 0.025833333333333333
0 0.45 0.23166666666666666 0.0033333333333333335 0.019166666666666665
4 0.4475 0.24416666666666667 0.006666666666666667 0.025833333333333333
4 0.665 0.21333333333333335 0.005833333333333334 0.021666666666666667