0 0.5333333333333333 0.4866666666666667 0.025833333333333333 0.09
0 0.2791666666666667 0.44083333333333335 0.019166666666666665 0.06833333333333333
0 0.7333333333333333 0.44 0.015833333333333335 0.065
4 0.30083333333333334 0.3825 0.011666666666666667 0.043333333333333335
0 0.7825 0.4 0.011666666666666667 0.0475
0 0.4175 0.39416666666666667 0.0125 0.04416666666666667
0 0.7108333333333333 0.375 0.008333333333333333 0.03666666666666667
4 0.9058333333333334 0.38416666666666666 0.009166666666666667 0.03833333333333333
0 0.49416666666666664 0.36833333333333335 0.0075 0.03333333333333333
4 0.13583333333333333 0.41833333333333333 0.0175 0.060833333333333336
4 0.3958333333333333 0.3641666666666667 0.008333333333333333 0.0325
4 0.4483333333333333 0.35333333333333333 0.0075 0.025833333333333333
4 0.7883333333333333 0.3625 0.006666666666666667 0.029166666666666667
4 0.75 0.35083333333333333 0.006666666666666667 0.025
4 0.6183333333333333 0.3225 0.0025 0.013333333333333334
4 0.7666666666666667 0.345 0.004166666666666667 0.020833333333333332
4 0.6558333333333334 0.3233333333333333 0.0025 0.011666666666666667
4 0.5758333333333333 0.325 0.0025 0.013333333333333334
0 0.7158333333333333 0.3383333333333333 0.005 0.018333333333333333
0 0.6458333333333334 0.35833333333333334 0.006666666666666667 0.028333333333333332
0 0.7375 0.335 0.004166666666666667 0.0175
0 0.6633333333333333 0.3433333333333333 0.005 0.021666666666666667
4 0.5341666666666667 0.335 0.0033333333333333335 0.0175
4 0.78 0.3325 0.0025 0.015
4 0.7691666666666667 0.32916666666666666 0.0025 0.014166666666666666
4 0.4891666666666667 0.3441666666666667 0.005833333333333334 0.0225
0 0.5591666666666667 0.3458333333333333 0.005 0.0225
4 0.55 0.3308333333333333 0.0033333333333333335 0.016666666666666666
4 0.5133333333333333 0.3383333333333333 0.005 0.020833333333333332
0 0.5316666666666666 0.355 0.006666666666666667 0.025
4 0.7466666666666667 0.3258333333333333 0.0025 0.010833333333333334
0 0.6333333333333333 0.3491666666666667 0.005833333333333334 0.024166666666666666
0 0.7241666666666666 0.3308333333333333 0.0033333333333333335 0.016666666666666666
0 0.6125 0.32916666666666666 0.0033333333333333335 0.015
4 0.7958333333333333 0.3416666666666667 0.004166666666666667 0.019166666666666665
4 0.5633333333333334 0.32916666666666666 0.004166666666666667 0.014166666666666666
0 0.6483333333333333 0.32416666666666666 0.0033333333333333335 0.011666666666666667
0 0.6041666666666666 0.33166666666666667 0.0025 0.0175
0 0.7091666666666666 0.3275 0.0033333333333333335 0.014166666666666666
0 0.5925 0.3358333333333333 0.004166666666666667 0.0175
0 0.6858333333333333 0.3258333333333333 0.0016666666666666668 0.011666666666666667
0 0.5766666666666667 0.34 0.005 0.019166666666666665
0 0.24833333333333332 0.6458333333333334 0.050833333333333335 0.16916666666666666
0 0.6216666666666667 0.3258333333333333 0.0025 0.013333333333333334
4 0.7941666666666667 0.33666666666666667 0.0025 0.018333333333333333