0 0.16 0.23166666666666666 0.0075 0.028333333333333332
0 0.11083333333333334 0.22833333333333333 0.0075 0.028333333333333332
0 0.33166666666666667 0.24 0.005833333333333334 0.020833333333333332
4 0.175 0.24666666666666667 0.008333333333333333 0.030833333333333334
4 0.19666666666666666 0.46166666666666667 0.03166666666666667 0.1225
0 0.2991666666666667 0.24 0.005833333333333334 0.0225
0 0.2225 0.23583333333333334 0.006666666666666667 0.025833333333333333
4 0.3925 0.25416666666666665 0.006666666666666667 0.024166666666666666
4 0.085 0.23916666666666667 0.01 0.035
0 0.34833333333333333 0.23916666666666667 0.005 0.019166666666666665
4 0.5483333333333333 0.25666666666666665 0.004166666666666667 0.0175
0 0.8966666666666666 0.31166666666666665 0.004166666666666667 0.015
4 0.8216666666666667 0.29583333333333334 0.004166666666666667 0.014166666666666666
4 0.3425 0.25583333333333336 0.006666666666666667 0.0275
4 0.5875 0.2608333333333333 0.0033333333333333335 0.015
0 0.5558333333333333 0.2525 0.0033333333333333335 0.011666666666666667
4 0.835 0.30083333333333334 0.005 0.014166666666666666
0 0.9266666666666666 0.31916666666666665 0.0025 0.016666666666666666
4 0.42083333333333334 0.255 0.005 0.0225
4 0.7475 0.2808333333333333 0.0033333333333333335 0.013333333333333334
0 0.91 0.31666666666666665 0.004166666666666667 0.0175
4 0.8008333333333333 0.29083333333333333 0.0033333333333333335 0.011666666666666667
4 0.8641666666666666 0.31 0.004166666666666667 0.0175
4 0.6216666666666667 0.2608333333333333 0.0033333333333333335 0.013333333333333334
0 0.3525 0.23416666666666666 0.0033333333333333335 0.016666666666666666
4 0.9233333333333333 0.3233333333333333 0.005 0.018333333333333333
4 0.6058333333333333 0.26166666666666666 0.004166666666666667 0.014166666666666666
4 0.5141666666666667 0.2525 0.004166666666666667 0.016666666666666666
4 0.7816666666666666 0.2866666666666667 0.0033333333333333335 0.013333333333333334
4 0.6133333333333333 0.26166666666666666 0.004166666666666667 0.013333333333333334
0 0.5183333333333333 0.24916666666666668 0.0033333333333333335 0.015
4 0.43083333333333335 0.25166666666666665 0.005 0.020833333333333332
0 0.35833333333333334 0.23166666666666666 0.0025 0.0175
4 0.4533333333333333 0.24416666666666667 0.005 0.016666666666666666
4 0.6625 0.2658333333333333 0.0025 0.011666666666666667
4 0.845 0.30416666666666664 0.005 0.015
0 0.49666666666666665 0.24583333333333332 0.004166666666666667 0.014166666666666666
0 0.4583333333333333 0.24166666666666667 0.0033333333333333335 0.015
0 0.3858333333333333 0.23166666666666666 0.004166666666666667 0.014166666666666666
4 0.425 0.24416666666666667 0.004166666666666667 0.018333333333333333
0 0.3566666666666667 0.2375 0.004166666666666667 0.020833333333333332
4 0.64 0.2625 0.0025 0.011666666666666667
4 0.435 0.24833333333333332 0.0033333333333333335 0.020833333333333332
4 0.69 0.27 0.0033333333333333335 0.011666666666666667
0 0.5625 0.2525 0.0025 0.013333333333333334
4 0.5875 0.7183333333333334 0.059166666666666666 0.22083333333333333
0 0.4216666666666667 0.235 0.0033333333333333335 0.013333333333333334
4 0.2708333333333333 0.255 0.0075 0.029166666666666667
0 0.2708333333333333 0.2375 0.006666666666666667 0.025
0 0.5408333333333334 0.25083333333333335 0.0033333333333333335 0.015
0 0.575 0.2525 0.0025 0.014166666666666666
0 0.6375 0.26 0.0025 0.011666666666666667
0 0.6766666666666666 0.26666666666666666 0.0033333333333333335 0.013333333333333334
4 0.7175 0.27416666666666667 0.0025 0.011666666666666667
0 0.72 0.2733333333333333 0.0016666666666666668 0.011666666666666667
0 0.7633333333333333 0.2808333333333333 0.0025 0.013333333333333334
0 0.8058333333333333 0.2891666666666667 0.0033333333333333335 0.013333333333333334
0 0.8758333333333334 0.305 0.0033333333333333335 0.014166666666666666
0 0.8433333333333334 0.2975 0.0025 0.013333333333333334
4 0.43166666666666664 0.24166666666666667 0.004166666666666667 0.0175