0 0.15333333333333332 0.21333333333333335 0.005833333333333334 0.024166666666666666
0 0.8 0.165 0.005833333333333334 0.025
0 0.9016666666666666 0.16333333333333333 0.006666666666666667 0.021666666666666667
0 0.6875 0.4525 0.034166666666666665 0.1275
4 0.09583333333333334 0.20916666666666667 0.005 0.0225
0 0.435 0.17166666666666666 0.004166666666666667 0.0175
0 0.2425 0.195 0.005 0.0225
0 0.7183333333333334 0.16583333333333333 0.005 0.0225
0 0.385 0.17583333333333334 0.004166666666666667 0.018333333333333333
4 0.06333333333333334 0.20583333333333334 0.0033333333333333335 0.013333333333333334
0 0.48833333333333334 0.16916666666666666 0.004166666666666667 0.016666666666666666
4 0.37583333333333335 0.16916666666666666 0.0025 0.010833333333333334
0 0.6075 0.16166666666666665 0.004166666666666667 0.018333333333333333
4 0.495 0.16333333333333333 0.004166666666666667 0.015
4 0.2941666666666667 0.1775 0.0025 0.011666666666666667
4 0.5258333333333334 0.15833333333333333 0.0033333333333333335 0.011666666666666667
0 0.48333333333333334 0.16 0.0025 0.010833333333333334
4 0.25666666666666665 0.18583333333333332 0.004166666666666667 0.0175
4 0.33666666666666667 0.17666666666666667 0.0033333333333333335 0.014166666666666666
0 0.17916666666666667 0.7866666666666666 0.030833333333333334 0.11916666666666667
0 0.6616666666666666 0.165 0.005 0.020833333333333332
4 0.5725 0.15916666666666668 0.0033333333333333335 0.014166666666666666
4 0.1825 0.19583333333333333 0.005 0.018333333333333333
0 0.12333333333333334 0.19416666666666665 0.0025 0.014166666666666666
0 0.32 0.18333333333333332 0.005 0.018333333333333333
4 0.4708333333333333 0.16 0.0025 0.010833333333333334
4 0.6516666666666666 0.1575 0.0033333333333333335 0.010833333333333334
4 0.7641666666666667 0.16 0.004166666666666667 0.015
0 0.5425 0.16416666666666666 0.004166666666666667 0.0175
4 0.6958333333333333 0.15916666666666668 0.004166666666666667 0.014166666666666666
4 0.1375 0.19583333333333333 0.004166666666666667 0.014166666666666666
0 0.23916666666666667 0.17916666666666667 0.0033333333333333335 0.014166666666666666
4 0.41583333333333333 0.16833333333333333 0.0033333333333333335 0.014166666666666666
0 0.19666666666666666 0.185 0.0033333333333333335 0.01
0 0.42916666666666664 0.16166666666666665 0.0016666666666666668 0.010833333333333334
4 0.2025 0.18833333333333332 0.0033333333333333335 0.013333333333333334
0 0.38166666666666665 0.16666666666666666 0.0025 0.010833333333333334
0 0.16083333333333333 0.1875 0.0033333333333333335 0.014166666666666666
4 0.5825 0.15666666666666668 0.0033333333333333335 0.008333333333333333
4 0.6241666666666666 0.155 0.004166666666666667 0.005833333333333334
4 0.33916666666666667 0.17333333333333334 0.0025 0.011666666666666667
4 0.8483333333333334 0.15833333333333333 0.004166666666666667 0.013333333333333334