0 0.6741666666666667 0.5325 0.049166666666666664 0.17166666666666666
3 0.8858333333333334 0.17833333333333334 0.0025 0.013333333333333334
3 0.7566666666666667 0.185 0.0025 0.013333333333333334
3 0.8425 0.18333333333333332 0.0033333333333333335 0.014166666666666666
3 0.7383333333333333 0.18166666666666667 0.0025 0.011666666666666667
3 0.3075 0.22 0.0033333333333333335 0.014166666666666666
3 0.3516666666666667 0.22333333333333333 0.005 0.016666666666666666
3 0.29333333333333333 0.21833333333333332 0.0033333333333333335 0.013333333333333334
3 0.4325 0.22666666666666666 0.005 0.020833333333333332
3 0.5533333333333333 0.21833333333333332 0.005833333333333334 0.021666666666666667
3 0.65 0.20583333333333334 0.004166666666666667 0.019166666666666665
3 0.8033333333333333 0.185 0.0033333333333333335 0.010833333333333334
3 0.675 0.19 0.0033333333333333335 0.015
3 0.655 0.19666666666666666 0.0033333333333333335 0.015
3 0.6566666666666666 0.18666666666666668 0.0016666666666666668 0.014166666666666666
3 0.6375 0.19333333333333333 0.0033333333333333335 0.015
3 0.6416666666666667 0.18083333333333335 0.0025 0.018333333333333333
3 0.5716666666666667 0.19583333333333333 0.0033333333333333335 0.014166666666666666
3 0.5758333333333333 0.20416666666666666 0.004166666666666667 0.015
3 0.565 0.2075 0.004166666666666667 0.0175
3 0.5333333333333333 0.21166666666666667 0.004166666666666667 0.018333333333333333
3 0.48 0.21416666666666667 0.004166666666666667 0.0175
3 0.4241666666666667 0.2125 0.0033333333333333335 0.016666666666666666
3 0.36833333333333335 0.21166666666666667 0.0033333333333333335 0.013333333333333334
3 0.35583333333333333 0.21 0.0033333333333333335 0.011666666666666667
3 0.31916666666666665 0.21083333333333334 0.0025 0.010833333333333334
3 0.3958333333333333 0.20333333333333334 0.0025 0.010833333333333334
3 0.4266666666666667 0.2 0.0025 0.010833333333333334