0 0.33916666666666667 0.3425 0.011666666666666667 0.05
1 0.44083333333333335 0.3383333333333333 0.023333333333333334 0.10083333333333333
0 0.23833333333333334 0.3491666666666667 0.011666666666666667 0.04416666666666667
0 0.4841666666666667 0.38416666666666666 0.020833333333333332 0.08166666666666667
4 0.57 0.30583333333333335 0.014166666666666666 0.05
4 0.7041666666666667 0.3075 0.016666666666666666 0.060833333333333336
4 0.8941666666666667 0.2916666666666667 0.02 0.06666666666666667
1 0.4083333333333333 0.33166666666666667 0.0225 0.0925
0 0.47583333333333333 0.5333333333333333 0.0425 0.1475
0 0.12333333333333334 0.36833333333333335 0.0125 0.04416666666666667
1 0.5525 0.29 0.019166666666666665 0.0775
4 0.5358333333333334 0.26166666666666666 0.0075 0.030833333333333334
4 0.51 0.29333333333333333 0.01 0.041666666666666664
0 0.9175 0.19333333333333333 0.006666666666666667 0.0275
2 0.24916666666666668 0.30416666666666664 0.006666666666666667 0.025
1 0.5933333333333334 0.2916666666666667 0.020833333333333332 0.0825
0 0.4241666666666667 0.35083333333333333 0.015 0.060833333333333336
0 0.6175 0.23166666666666666 0.005 0.0225
4 0.505 0.2775 0.008333333333333333 0.03333333333333333
4 0.5858333333333333 0.24666666666666667 0.006666666666666667 0.028333333333333332
4 0.1725 0.33916666666666667 0.009166666666666667 0.03666666666666667
0 0.7116666666666667 0.21666666666666667 0.005 0.0225
0 0.8108333333333333 0.20416666666666666 0.006666666666666667 0.0225
4 0.2991666666666667 0.31833333333333336 0.008333333333333333 0.03666666666666667
4 0.6508333333333334 0.23333333333333334 0.006666666666666667 0.025833333333333333
0 0.4583333333333333 0.26916666666666667 0.006666666666666667 0.0275
0 0.5308333333333334 0.24916666666666668 0.005833333333333334 0.025
2 0.2791666666666667 0.3125 0.0075 0.03166666666666667
2 0.3283333333333333 0.2841666666666667 0.005833333333333334 0.0225
4 0.8025 0.21166666666666667 0.006666666666666667 0.025833333333333333
2 0.375 0.28833333333333333 0.006666666666666667 0.028333333333333332
4 0.725 0.2225 0.005833333333333334 0.025
2 0.2275 0.2975 0.005 0.021666666666666667
4 0.8825 0.205 0.0075 0.029166666666666667
2 0.2325 0.28833333333333333 0.004166666666666667 0.018333333333333333
0 0.4033333333333333 0.29 0.006666666666666667 0.0325
2 0.2966666666666667 0.2816666666666667 0.004166666666666667 0.019166666666666665
2 0.21083333333333334 0.29333333333333333 0.004166666666666667 0.018333333333333333
2 0.25416666666666665 0.2841666666666667 0.005 0.018333333333333333
2 0.2725 0.2791666666666667 0.004166666666666667 0.019166666666666665