0 0.7 0.42583333333333334 0.01 0.041666666666666664
0 0.43 0.5008333333333334 0.016666666666666666 0.075
0 0.5666666666666667 0.4558333333333333 0.0125 0.0525
4 0.08416666666666667 0.42583333333333334 0.009166666666666667 0.03833333333333333
0 0.22 0.4325 0.01 0.041666666666666664
4 0.8175 0.7216666666666667 0.058333333333333334 0.18916666666666668
4 0.19916666666666666 0.4141666666666667 0.0075 0.0325
0 0.32916666666666666 0.42 0.008333333333333333 0.03166666666666667
0 0.23 0.595 0.0375 0.125
4 0.07083333333333333 0.4058333333333333 0.0075 0.030833333333333334
0 0.09333333333333334 0.3883333333333333 0.005 0.024166666666666666
0 0.4691666666666667 0.3958333333333333 0.005 0.0275
0 0.28583333333333333 0.37416666666666665 0.0033333333333333335 0.0175
0 0.935 0.4175 0.008333333333333333 0.035
4 0.2775 0.38 0.005833333333333334 0.020833333333333332
4 0.4058333333333333 0.39 0.005 0.0225
4 0.38166666666666665 0.395 0.005833333333333334 0.0275
0 0.8091666666666667 0.4175 0.009166666666666667 0.03916666666666667
4 0.29 0.4058333333333333 0.006666666666666667 0.029166666666666667
0 0.41583333333333333 0.4083333333333333 0.006666666666666667 0.028333333333333332
0 0.42833333333333334 0.37666666666666665 0.004166666666666667 0.018333333333333333
4 0.2175 0.3858333333333333 0.004166666666666667 0.024166666666666666
4 0.3375 0.38083333333333336 0.004166666666666667 0.021666666666666667
4 0.3875 0.385 0.0033333333333333335 0.019166666666666665
4 0.1475 0.39416666666666667 0.006666666666666667 0.0275
0 0.5033333333333333 0.38666666666666666 0.0033333333333333335 0.021666666666666667
0 0.2225 0.37583333333333335 0.004166666666666667 0.018333333333333333
2 0.6441666666666667 0.3616666666666667 0.0025 0.013333333333333334
0 0.385 0.37416666666666665 0.0025 0.016666666666666666
0 0.4766666666666667 0.38083333333333336 0.005 0.021666666666666667
4 0.7108333333333333 0.5291666666666667 0.028333333333333332 0.09583333333333334
4 0.8058333333333333 0.47583333333333333 0.0225 0.075
2 0.665 0.3616666666666667 0.0025 0.013333333333333334
2 0.685 0.36333333333333334 0.0033333333333333335 0.014166666666666666
2 0.5141666666666667 0.3566666666666667 0.0033333333333333335 0.013333333333333334
2 0.49083333333333334 0.3566666666666667 0.0025 0.011666666666666667
2 0.4766666666666667 0.35083333333333333 0.0025 0.010833333333333334
2 0.47 0.3566666666666667 0.0025 0.011666666666666667
2 0.44666666666666666 0.3566666666666667 0.0025 0.011666666666666667
2 0.4216666666666667 0.3566666666666667 0.0025 0.011666666666666667
2 0.41583333333333333 0.3516666666666667 0.0016666666666666668 0.0075
2 0.43833333333333335 0.3525 0.0016666666666666668 0.006666666666666667