4 0.30833333333333335 0.37 0.016666666666666666 0.07083333333333333
0 0.88 0.4633333333333333 0.034166666666666665 0.14166666666666666
4 0.1525 0.35083333333333333 0.013333333333333334 0.05416666666666667
2 0.8166666666666667 0.3616666666666667 0.0225 0.09
2 0.7633333333333333 0.2758333333333333 0.0125 0.050833333333333335
2 0.7416666666666667 0.24083333333333334 0.008333333333333333 0.035833333333333335
2 0.6358333333333334 0.22916666666666666 0.006666666666666667 0.0275
2 0.6675 0.22666666666666666 0.006666666666666667 0.0275
2 0.7291666666666666 0.2225 0.006666666666666667 0.0275
2 0.5275 0.36833333333333335 0.018333333333333333 0.08083333333333333
2 0.6208333333333333 0.24916666666666668 0.008333333333333333 0.0325
4 0.46166666666666667 0.455 0.02666666666666667 0.11666666666666667
2 0.7 0.22416666666666665 0.006666666666666667 0.025833333333333333
2 0.5933333333333334 0.285 0.010833333333333334 0.049166666666666664
3 0.6616666666666666 0.2175 0.0033333333333333335 0.019166666666666665
3 0.7341666666666666 0.20416666666666666 0.0025 0.016666666666666666
3 0.7375 0.215 0.0033333333333333335 0.021666666666666667
3 0.7866666666666666 0.20416666666666666 0.0025 0.018333333333333333
3 0.8333333333333334 0.19333333333333333 0.0025 0.015
3 0.8666666666666667 0.19583333333333333 0.0025 0.016666666666666666