0 0.4975 0.5141666666666667 0.03 0.1
0 0.7066666666666667 0.44916666666666666 0.020833333333333332 0.06916666666666667
0 0.24583333333333332 0.6875 0.056666666666666664 0.19
0 0.9083333333333333 0.4375 0.0175 0.06416666666666666
0 0.42 0.3333333333333333 0.004166666666666667 0.018333333333333333
4 0.7225 0.3516666666666667 0.005833333333333334 0.025
0 0.695 0.3491666666666667 0.005 0.025
4 0.6866666666666666 0.3491666666666667 0.005 0.024166666666666666
4 0.6716666666666666 0.3475 0.005 0.024166666666666666
4 0.6408333333333334 0.3441666666666667 0.004166666666666667 0.024166666666666666
4 0.4075 0.3333333333333333 0.004166666666666667 0.0175
4 0.24083333333333334 0.33666666666666667 0.004166666666666667 0.021666666666666667
4 0.5008333333333334 0.3425 0.005833333333333334 0.028333333333333332
0 0.4675 0.3433333333333333 0.005833333333333334 0.029166666666666667
4 0.46 0.3383333333333333 0.005 0.019166666666666665
4 0.4633333333333333 0.3458333333333333 0.004166666666666667 0.030833333333333334
4 0.48083333333333333 0.3433333333333333 0.005 0.030833333333333334
0 0.49333333333333335 0.3283333333333333 0.005 0.0325
4 0.47333333333333333 0.3616666666666667 0.005 0.030833333333333334
4 0.49 0.3433333333333333 0.005 0.030833333333333334
4 0.47583333333333333 0.3383333333333333 0.004166666666666667 0.030833333333333334