0 0.2816666666666667 0.625 0.024166666666666666 0.03916666666666667
0 0.3175 0.5991666666666666 0.016666666666666666 0.02666666666666667
0 0.33666666666666667 0.5858333333333333 0.011666666666666667 0.020833333333333332
0 0.35083333333333333 0.5766666666666667 0.009166666666666667 0.016666666666666666
0 0.3575 0.5708333333333333 0.006666666666666667 0.015
0 0.3616666666666667 0.5666666666666667 0.005833333333333334 0.0125
0 0.36583333333333334 0.5633333333333334 0.004166666666666667 0.009166666666666667
0 0.37 0.5608333333333333 0.0033333333333333335 0.009166666666666667
0 0.37166666666666665 0.5591666666666667 0.0033333333333333335 0.008333333333333333
0 0.375 0.5566666666666666 0.0033333333333333335 0.006666666666666667
0 0.36666666666666664 0.5566666666666666 0.0033333333333333335 0.0075
0 0.34833333333333333 0.5575 0.0033333333333333335 0.0075
0 0.3283333333333333 0.5575 0.0033333333333333335 0.008333333333333333
0 0.275 0.5591666666666667 0.0033333333333333335 0.008333333333333333
0 0.21333333333333335 0.5625 0.005 0.009166666666666667
0 0.18583333333333332 0.57 0.005833333333333334 0.013333333333333334
0 0.18083333333333335 0.5733333333333334 0.0075 0.014166666666666666
0 0.145 0.5691666666666667 0.006666666666666667 0.0125
0 0.1175 0.5691666666666667 0.005 0.01
0 0.11 0.57 0.006666666666666667 0.011666666666666667
0 0.08583333333333333 0.5825 0.009166666666666667 0.015833333333333335
4 0.5608333333333333 0.6191666666666666 0.021666666666666667 0.0375
4 0.5225 0.5966666666666667 0.015 0.02666666666666667
4 0.495 0.5841666666666666 0.010833333333333334 0.02
4 0.47833333333333333 0.575 0.009166666666666667 0.0175
4 0.4683333333333333 0.57 0.006666666666666667 0.0125
4 0.45666666666666667 0.565 0.006666666666666667 0.011666666666666667
4 0.4508333333333333 0.5633333333333334 0.005 0.011666666666666667
4 0.44666666666666666 0.5608333333333333 0.0033333333333333335 0.009166666666666667
4 0.44416666666666665 0.5583333333333333 0.0033333333333333335 0.0075
4 0.44083333333333335 0.5575 0.0033333333333333335 0.005833333333333334
4 0.4325 0.5558333333333333 0.0033333333333333335 0.0075
4 0.4075 0.5558333333333333 0.004166666666666667 0.0075
4 0.38416666666666666 0.5558333333333333 0.0033333333333333335 0.005833333333333334
4 0.31916666666666665 0.5566666666666666 0.0033333333333333335 0.006666666666666667
4 0.29333333333333333 0.5575 0.0033333333333333335 0.006666666666666667
4 0.24 0.5608333333333333 0.0033333333333333335 0.0075
4 0.17916666666666667 0.5641666666666667 0.0033333333333333335 0.0075
2 0.67 0.6808333333333333 0.045 0.06416666666666666
2 0.18416666666666667 0.6875 0.0475 0.07