0 0.645 0.30583333333333335 0.005833333333333334 0.025833333333333333
0 0.17833333333333334 0.27666666666666667 0.010833333333333334 0.0425
0 0.5241666666666667 0.2875 0.006666666666666667 0.0275
4 0.3775 0.2941666666666667 0.009166666666666667 0.04
4 0.46166666666666667 0.295 0.008333333333333333 0.035833333333333335
4 0.305 0.305 0.011666666666666667 0.049166666666666664
0 0.405 0.275 0.006666666666666667 0.030833333333333334
1 0.25416666666666665 0.35833333333333334 0.023333333333333334 0.135
0 0.29083333333333333 0.2708333333333333 0.008333333333333333 0.035833333333333335
1 0.2916666666666667 0.39166666666666666 0.0375 0.16
4 0.555 0.30416666666666664 0.0075 0.0325
2 0.16666666666666666 0.2625 0.009166666666666667 0.03833333333333333
4 0.7525 0.33916666666666667 0.0075 0.0325
4 0.855 0.365 0.008333333333333333 0.03666666666666667
2 0.14833333333333334 0.23833333333333334 0.006666666666666667 0.029166666666666667
4 0.26916666666666667 0.4008333333333333 0.024166666666666666 0.0925
0 0.9 0.3616666666666667 0.008333333333333333 0.03166666666666667
4 0.4425 0.5291666666666667 0.0375 0.13833333333333334
2 0.1375 0.22416666666666665 0.005 0.0225
2 0.07583333333333334 0.20833333333333334 0.005 0.021666666666666667
2 0.12916666666666668 0.21333333333333335 0.004166666666666667 0.020833333333333332
4 0.8833333333333333 0.6791666666666667 0.0525 0.17583333333333334
4 0.6533333333333333 0.31833333333333336 0.0075 0.0325
0 0.7666666666666667 0.32916666666666666 0.006666666666666667 0.028333333333333332
2 0.10416666666666667 0.21166666666666667 0.005 0.020833333333333332
4 0.2525 0.3333333333333333 0.008333333333333333 0.06416666666666666