0 0.11166666666666666 0.4708333333333333 0.0175 0.06916666666666667
4 0.5458333333333333 0.49916666666666665 0.025833333333333333 0.08916666666666667
4 0.33 0.4091666666666667 0.013333333333333334 0.04666666666666667
4 0.8041666666666667 0.39916666666666667 0.0125 0.04583333333333333
0 0.9308333333333333 0.38333333333333336 0.010833333333333334 0.041666666666666664
0 0.12166666666666667 0.42083333333333334 0.013333333333333334 0.04666666666666667
4 0.6283333333333333 0.365 0.006666666666666667 0.029166666666666667
4 0.8833333333333333 0.6766666666666666 0.06166666666666667 0.18333333333333332
4 0.6983333333333334 0.3775 0.009166666666666667 0.03666666666666667
0 0.30583333333333335 0.36333333333333334 0.005833333333333334 0.025833333333333333
4 0.395 0.44 0.015 0.06333333333333334
0 0.12416666666666666 0.5541666666666667 0.03166666666666667 0.11
4 0.37 0.38666666666666666 0.008333333333333333 0.035833333333333335
0 0.2825 0.3566666666666667 0.005 0.0225
4 0.3983333333333333 0.3725 0.008333333333333333 0.029166666666666667
4 0.5216666666666666 0.3425 0.0033333333333333335 0.0175
4 0.4141666666666667 0.36 0.006666666666666667 0.025
0 0.7216666666666667 0.3566666666666667 0.005833333333333334 0.024166666666666666
4 0.38416666666666666 0.3541666666666667 0.005833333333333334 0.021666666666666667
4 0.355 0.35 0.005 0.019166666666666665
0 0.30333333333333334 0.335 0.004166666666666667 0.0175
4 0.36833333333333335 0.335 0.0033333333333333335 0.014166666666666666
0 0.2758333333333333 0.3408333333333333 0.004166666666666667 0.016666666666666666
0 0.25666666666666665 0.3441666666666667 0.0033333333333333335 0.015
0 0.5883333333333334 0.3383333333333333 0.005 0.018333333333333333
0 0.6208333333333333 0.3433333333333333 0.004166666666666667 0.018333333333333333
0 0.2608333333333333 0.375 0.008333333333333333 0.0325
4 0.5808333333333333 0.35583333333333333 0.005833333333333334 0.0225
4 0.5466666666666666 0.34833333333333333 0.005 0.020833333333333332
4 0.4683333333333333 0.3308333333333333 0.004166666666666667 0.013333333333333334
4 0.5016666666666667 0.3375 0.0025 0.016666666666666666
4 0.345 0.3275 0.0025 0.010833333333333334
4 0.4825 0.3333333333333333 0.0033333333333333335 0.014166666666666666
4 0.335 0.3258333333333333 0.0033333333333333335 0.013333333333333334
4 0.3775 0.33166666666666667 0.0033333333333333335 0.013333333333333334
0 0.31 0.33166666666666667 0.004166666666666667 0.011666666666666667
0 0.19 0.3925 0.010833333333333334 0.03666666666666667
4 0.44916666666666666 0.3258333333333333 0.0016666666666666668 0.01
0 0.2633333333333333 0.35083333333333333 0.004166666666666667 0.019166666666666665
4 0.35333333333333333 0.32166666666666666 0.0016666666666666668 0.008333333333333333
4 0.33916666666666667 0.3433333333333333 0.004166666666666667 0.016666666666666666
4 0.3616666666666667 0.3308333333333333 0.0033333333333333335 0.010833333333333334
0 0.5616666666666666 0.335 0.004166666666666667 0.015
0 0.3225 0.3333333333333333 0.0025 0.013333333333333334
0 0.4925 0.32416666666666666 0.0025 0.01
4 0.4575 0.3283333333333333 0.0025 0.010833333333333334
4 0.3566666666666667 0.3233333333333333 0.0025 0.0075
4 0.44166666666666665 0.32416666666666666 0.0025 0.010833333333333334
4 0.3566666666666667 0.3383333333333333 0.004166666666666667 0.015
0 0.31083333333333335 0.3233333333333333 0.0025 0.01
0 0.08083333333333333 0.7991666666666667 0.03 0.0975
0 0.665 0.35 0.005 0.019166666666666665
0 0.8108333333333333 0.36833333333333335 0.008333333333333333 0.030833333333333334
4 0.3466666666666667 0.3275 0.0025 0.011666666666666667
4 0.43416666666666665 0.3225 0.0033333333333333335 0.01
4 0.42916666666666664 0.32083333333333336 0.0033333333333333335 0.01
0 0.5375 0.3308333333333333 0.004166666666666667 0.014166666666666666
0 0.5191666666666667 0.3275 0.004166666666666667 0.015
0 0.5041666666666667 0.325 0.0025 0.013333333333333334