4 0.45416666666666666 0.5125 0.0275 0.09416666666666666
0 0.18083333333333335 0.4083333333333333 0.011666666666666667 0.04666666666666667
0 0.08583333333333333 0.4008333333333333 0.0125 0.0425
4 0.66 0.4475 0.016666666666666666 0.06416666666666666
0 0.7791666666666667 0.4275 0.015 0.05
0 0.14 0.43666666666666665 0.016666666666666666 0.06166666666666667
4 0.3775 0.43666666666666665 0.019166666666666665 0.0575
4 0.5283333333333333 0.4141666666666667 0.0125 0.0475
4 0.3466666666666667 0.4041666666666667 0.011666666666666667 0.04416666666666667
4 0.29083333333333333 0.3883333333333333 0.01 0.035
4 0.8383333333333334 0.49416666666666664 0.021666666666666667 0.08333333333333333
4 0.7058333333333333 0.6333333333333333 0.043333333333333335 0.1525
0 0.5775 0.3775 0.008333333333333333 0.0325
0 0.65 0.39916666666666667 0.010833333333333334 0.04
4 0.10166666666666667 0.39166666666666666 0.010833333333333334 0.03333333333333333
4 0.1375 0.38083333333333336 0.0075 0.0275
4 0.20416666666666666 0.38666666666666666 0.006666666666666667 0.0325
4 0.23166666666666666 0.37583333333333335 0.006666666666666667 0.024166666666666666
4 0.31 0.3725 0.005833333333333334 0.025
4 0.37416666666666665 0.37166666666666665 0.006666666666666667 0.028333333333333332
4 0.4633333333333333 0.39 0.008333333333333333 0.03833333333333333
4 0.44 0.37916666666666665 0.0075 0.03166666666666667
4 0.43583333333333335 0.37166666666666665 0.006666666666666667 0.025833333333333333
0 0.24666666666666667 0.36916666666666664 0.005833333333333334 0.021666666666666667
0 0.3441666666666667 0.36666666666666664 0.005833333333333334 0.021666666666666667
0 0.42833333333333334 0.36583333333333334 0.006666666666666667 0.020833333333333332
0 0.5033333333333333 0.365 0.006666666666666667 0.021666666666666667
0 0.5491666666666667 0.3675 0.0075 0.025833333333333333