0 0.23833333333333334 0.5691666666666667 0.029166666666666667 0.11916666666666667
0 0.4025 0.47583333333333333 0.018333333333333333 0.07083333333333333
0 0.325 0.4241666666666667 0.009166666666666667 0.050833333333333335
4 0.8608333333333333 0.7541666666666667 0.060833333333333336 0.18833333333333332
0 0.83 0.41833333333333333 0.008333333333333333 0.035
4 0.5925 0.4558333333333333 0.016666666666666666 0.0575
4 0.6525 0.41333333333333333 0.006666666666666667 0.035
0 0.31166666666666665 0.39166666666666666 0.008333333333333333 0.035
4 0.6716666666666666 0.5458333333333333 0.024166666666666666 0.09416666666666666
4 0.8791666666666667 0.45666666666666667 0.015 0.05583333333333333
4 0.6091666666666666 0.3975 0.005833333333333334 0.03166666666666667
0 0.9033333333333333 0.39916666666666667 0.005833333333333334 0.020833333333333332
4 0.805 0.39 0.005833333333333334 0.019166666666666665
4 0.86 0.4008333333333333 0.004166666666666667 0.021666666666666667
4 0.7233333333333334 0.38166666666666665 0.004166666666666667 0.019166666666666665
4 0.8766666666666667 0.39916666666666667 0.0025 0.018333333333333333
4 0.44666666666666666 0.38333333333333336 0.008333333333333333 0.028333333333333332
0 0.6791666666666667 0.37333333333333335 0.0033333333333333335 0.018333333333333333
4 0.7358333333333333 0.435 0.010833333333333334 0.04583333333333333
0 0.42583333333333334 0.3616666666666667 0.005 0.018333333333333333
0 0.795 0.39916666666666667 0.006666666666666667 0.028333333333333332
4 0.5408333333333334 0.37 0.004166666666666667 0.020833333333333332
4 0.6875 0.385 0.005 0.024166666666666666
0 0.6033333333333334 0.36583333333333334 0.0033333333333333335 0.016666666666666666
2 0.1275 0.335 0.004166666666666667 0.018333333333333333
4 0.58 0.36916666666666664 0.004166666666666667 0.018333333333333333
0 0.8808333333333334 0.41 0.005833333333333334 0.028333333333333332
4 0.7725 0.3908333333333333 0.005 0.0225
0 0.7658333333333334 0.385 0.0033333333333333335 0.0175
2 0.08416666666666667 0.3383333333333333 0.004166666666666667 0.019166666666666665
2 0.17666666666666667 0.335 0.0025 0.015
4 0.9325 0.4066666666666667 0.004166666666666667 0.020833333333333332
0 0.32416666666666666 0.37416666666666665 0.008333333333333333 0.025833333333333333
4 0.645 0.375 0.004166666666666667 0.019166666666666665
4 0.6291666666666667 0.38916666666666666 0.005833333333333334 0.025833333333333333
0 0.74 0.40166666666666667 0.004166666666666667 0.03333333333333333
0 0.3675 0.36666666666666664 0.005833333333333334 0.0225
0 0.5375 0.3616666666666667 0.004166666666666667 0.018333333333333333
0 0.8375 0.39166666666666666 0.004166666666666667 0.018333333333333333
4 0.5075 0.43 0.006666666666666667 0.03166666666666667