0 0.6433333333333333 0.66 0.059166666666666666 0.08583333333333333
0 0.8941666666666667 0.5308333333333334 0.0125 0.0225
0 0.5758333333333333 0.5366666666666666 0.015833333333333335 0.025833333333333333
0 0.625 0.5075 0.008333333333333333 0.0125
0 0.5641666666666667 0.5033333333333333 0.0075 0.0125
0 0.5141666666666667 0.5008333333333334 0.006666666666666667 0.010833333333333334
0 0.455 0.49916666666666665 0.005833333333333334 0.01
0 0.3825 0.5 0.006666666666666667 0.01
0 0.29333333333333333 0.5025 0.0075 0.011666666666666667
0 0.24083333333333334 0.5083333333333333 0.009166666666666667 0.015
0 0.19916666666666666 0.5216666666666666 0.013333333333333334 0.02
0 0.18833333333333332 0.5466666666666666 0.019166666666666665 0.030833333333333334
0 0.3325 0.5666666666666667 0.025833333333333333 0.04083333333333333
4 0.8858333333333334 0.5433333333333333 0.025 0.03
4 0.7475 0.5308333333333334 0.016666666666666666 0.024166666666666666
4 0.5466666666666666 0.5233333333333333 0.0125 0.02
4 0.3233333333333333 0.5166666666666667 0.010833333333333334 0.02
4 0.3958333333333333 0.5758333333333333 0.03166666666666667 0.04666666666666667
2 0.2841666666666667 0.5216666666666666 0.015 0.020833333333333332
2 0.4241666666666667 0.5183333333333333 0.010833333333333334 0.018333333333333333
2 0.5883333333333334 0.5625 0.023333333333333334 0.03916666666666667
2 0.8833333333333333 0.6325 0.05333333333333334 0.07333333333333333