0 0.8033333333333333 0.335 0.019166666666666665 0.0675
0 0.8566666666666667 0.25083333333333335 0.009166666666666667 0.03333333333333333
0 0.8391666666666666 0.2791666666666667 0.011666666666666667 0.04416666666666667
0 0.8683333333333333 0.23333333333333334 0.006666666666666667 0.0275
0 0.8841666666666667 0.21333333333333335 0.005 0.019166666666666665
0 0.8783333333333333 0.22083333333333333 0.006666666666666667 0.0225
0 0.8891666666666667 0.20583333333333334 0.004166666666666667 0.018333333333333333
0 0.6875 0.5066666666666667 0.035 0.135
0 0.535 0.25666666666666665 0.005833333333333334 0.0275
0 0.8933333333333333 0.20083333333333334 0.0033333333333333335 0.015
0 0.8975 0.19416666666666665 0.0025 0.011666666666666667
0 0.8958333333333334 0.1975 0.0033333333333333335 0.014166666666666666