0 0.22083333333333333 0.37083333333333335 0.021666666666666667 0.075
4 0.5966666666666667 0.5775 0.03916666666666667 0.14166666666666666
4 0.9216666666666666 0.4033333333333333 0.0125 0.041666666666666664
4 0.7241666666666666 0.37583333333333335 0.011666666666666667 0.04416666666666667
0 0.8608333333333333 0.36916666666666664 0.008333333333333333 0.030833333333333334
4 0.5566666666666666 0.44416666666666665 0.020833333333333332 0.08916666666666667
0 0.6166666666666667 0.3325 0.008333333333333333 0.0325
4 0.845 0.3908333333333333 0.0125 0.0425
0 0.37416666666666665 0.33416666666666667 0.014166666666666666 0.050833333333333335
4 0.6525 0.37833333333333335 0.013333333333333334 0.0525
0 0.5 0.3258333333333333 0.010833333333333334 0.04
0 0.7391666666666666 0.34833333333333333 0.008333333333333333 0.03166666666666667
4 0.5933333333333334 0.3958333333333333 0.015 0.06333333333333334