0 0.3908333333333333 0.5933333333333334 0.050833333333333335 0.11166666666666666
0 0.6008333333333333 0.49166666666666664 0.028333333333333332 0.06833333333333333
0 0.7 0.445 0.020833333333333332 0.04666666666666667
0 0.7216666666666667 0.4175 0.014166666666666666 0.034166666666666665
0 0.71 0.4025 0.0125 0.02666666666666667
0 0.6625 0.39166666666666666 0.009166666666666667 0.024166666666666666
0 0.61 0.385 0.008333333333333333 0.02
0 0.5741666666666667 0.3825 0.008333333333333333 0.018333333333333333
0 0.5325 0.38083333333333336 0.006666666666666667 0.02
0 0.4575 0.38166666666666665 0.0075 0.018333333333333333
0 0.4025 0.38166666666666665 0.006666666666666667 0.019166666666666665
0 0.16333333333333333 0.3883333333333333 0.009166666666666667 0.021666666666666667
4 0.7183333333333334 0.38083333333333336 0.009166666666666667 0.021666666666666667
4 0.6733333333333333 0.3775 0.009166666666666667 0.019166666666666665
4 0.8691666666666666 0.40166666666666667 0.013333333333333334 0.028333333333333332
4 0.7816666666666666 0.38916666666666666 0.010833333333333334 0.025
4 0.6 0.37583333333333335 0.008333333333333333 0.018333333333333333
4 0.5075 0.37583333333333335 0.0075 0.018333333333333333
4 0.3908333333333333 0.37583333333333335 0.0075 0.018333333333333333
4 0.21166666666666667 0.38 0.009166666666666667 0.019166666666666665
4 0.11083333333333334 0.38 0.009166666666666667 0.02
1 0.33 0.37833333333333335 0.011666666666666667 0.034166666666666665
1 0.31333333333333335 0.37333333333333335 0.009166666666666667 0.028333333333333332
1 0.3025 0.37833333333333335 0.011666666666666667 0.034166666666666665
1 0.2891666666666667 0.37333333333333335 0.01 0.028333333333333332