4 0.4725 0.36916666666666664 0.013333333333333334 0.06
0 0.25833333333333336 0.2925 0.010833333333333334 0.041666666666666664
0 0.31583333333333335 0.2775 0.008333333333333333 0.0325
0 0.3675 0.27 0.006666666666666667 0.0275
0 0.4741666666666667 0.275 0.005 0.021666666666666667
4 0.5325 0.49833333333333335 0.029166666666666667 0.11416666666666667
0 0.42083333333333334 0.27 0.005833333333333334 0.0225
4 0.4716666666666667 0.29583333333333334 0.008333333333333333 0.029166666666666667
4 0.49583333333333335 0.28833333333333333 0.006666666666666667 0.025
0 0.16833333333333333 0.31666666666666665 0.014166666666666666 0.0575
0 0.6083333333333333 0.29 0.004166666666666667 0.018333333333333333
4 0.545 0.2916666666666667 0.005 0.021666666666666667
0 0.6541666666666667 0.29333333333333333 0.004166666666666667 0.016666666666666666
4 0.6225 0.30083333333333334 0.004166666666666667 0.021666666666666667
4 0.4683333333333333 0.3175 0.009166666666666667 0.03916666666666667
0 0.6775 0.2808333333333333 0.0033333333333333335 0.014166666666666666
4 0.7483333333333333 0.3016666666666667 0.004166666666666667 0.014166666666666666
4 0.745 0.31 0.004166666666666667 0.016666666666666666
4 0.7291666666666666 0.2891666666666667 0.0033333333333333335 0.013333333333333334
4 0.6983333333333334 0.30916666666666665 0.004166666666666667 0.018333333333333333
0 0.6791666666666667 0.29083333333333333 0.004166666666666667 0.014166666666666666
4 0.705 0.2791666666666667 0.0033333333333333335 0.011666666666666667
0 0.5433333333333333 0.2833333333333333 0.0033333333333333335 0.018333333333333333