0 0.4716666666666667 0.36 0.019166666666666665 0.07166666666666667
0 0.3925 0.3333333333333333 0.0125 0.05333333333333334
0 0.19 0.33666666666666667 0.011666666666666667 0.043333333333333335
0 0.06166666666666667 0.35833333333333334 0.011666666666666667 0.04416666666666667
0 0.5116666666666667 0.42333333333333334 0.023333333333333334 0.10083333333333333
4 0.66 0.31333333333333335 0.019166666666666665 0.06333333333333334
0 0.2975 0.3275 0.010833333333333334 0.04666666666666667
4 0.8175 0.37083333333333335 0.030833333333333334 0.09416666666666666
4 0.38416666666666666 0.295 0.01 0.03833333333333333
4 0.1025 0.33166666666666667 0.01 0.03333333333333333
4 0.25166666666666665 0.3075 0.008333333333333333 0.035
4 0.5175 0.29333333333333333 0.0125 0.04583333333333333
0 0.4141666666666667 0.7033333333333334 0.06166666666666667 0.22833333333333333