4 0.1325 0.53 0.0475 0.16166666666666665
2 0.10166666666666667 0.2791666666666667 0.013333333333333334 0.0525
3 0.16666666666666666 0.25 0.008333333333333333 0.0325
3 0.26916666666666667 0.26666666666666666 0.008333333333333333 0.035
3 0.31666666666666665 0.24666666666666667 0.005 0.025833333333333333
3 0.22333333333333333 0.23833333333333334 0.006666666666666667 0.0275
3 0.2675 0.22583333333333333 0.004166666666666667 0.019166666666666665
3 0.2 0.22416666666666665 0.004166666666666667 0.019166666666666665
3 0.18416666666666667 0.2125 0.0033333333333333335 0.016666666666666666
3 0.135 0.2125 0.004166666666666667 0.018333333333333333
3 0.10666666666666667 0.20416666666666666 0.0033333333333333335 0.016666666666666666
3 0.05 0.185 0.0025 0.018333333333333333