0 0.7483333333333333 0.25833333333333336 0.011666666666666667 0.04583333333333333
0 0.7408333333333333 0.42083333333333334 0.035 0.1175
0 0.675 0.225 0.0075 0.035
0 0.235 0.19916666666666666 0.005833333333333334 0.025833333333333333
0 0.4891666666666667 0.2025 0.006666666666666667 0.0275
4 0.7625 0.215 0.008333333333333333 0.03166666666666667
0 0.7975 0.31916666666666665 0.018333333333333333 0.07166666666666667
4 0.6675 0.2 0.005833333333333334 0.024166666666666666
0 0.3858333333333333 0.20333333333333334 0.006666666666666667 0.025833333333333333
0 0.3575 0.6291666666666667 0.05333333333333334 0.20083333333333334
4 0.8891666666666667 0.24416666666666667 0.0125 0.04
0 0.5941666666666666 0.20583333333333334 0.006666666666666667 0.028333333333333332
0 0.09666666666666666 0.1925 0.005 0.021666666666666667
4 0.36 0.19333333333333333 0.005 0.0225
0 0.18083333333333335 0.19333333333333333 0.005 0.020833333333333332
4 0.5633333333333334 0.1975 0.004166666666666667 0.020833333333333332
4 0.44583333333333336 0.19333333333333333 0.004166666666666667 0.0225
4 0.10666666666666667 0.18333333333333332 0.0033333333333333335 0.015
4 0.24416666666666667 0.18666666666666668 0.004166666666666667 0.0175
0 0.2966666666666667 0.20166666666666666 0.005833333333333334 0.025
4 0.17833333333333334 0.1825 0.0025 0.015
4 0.2758333333333333 0.1775 0.0025 0.014166666666666666
4 0.22916666666666666 0.18 0.0033333333333333335 0.014166666666666666
0 0.9025 0.18666666666666668 0.004166666666666667 0.015
4 0.14833333333333334 0.18666666666666668 0.005 0.019166666666666665
0 0.0525 0.18166666666666667 0.0033333333333333335 0.013333333333333334
4 0.39 0.17583333333333334 0.0025 0.014166666666666666
4 0.5766666666666667 0.17416666666666666 0.0033333333333333335 0.014166666666666666
0 0.4091666666666667 0.17166666666666666 0.0025 0.010833333333333334
4 0.2891666666666667 0.19 0.005 0.021666666666666667
0 0.115 0.18083333333333335 0.0025 0.011666666666666667
0 0.35583333333333333 0.17333333333333334 0.0025 0.011666666666666667
4 0.43416666666666665 0.175 0.0025 0.013333333333333334
0 0.29333333333333333 0.17333333333333334 0.0033333333333333335 0.011666666666666667
4 0.7525 0.18 0.004166666666666667 0.016666666666666666
4 0.8216666666666667 0.185 0.0033333333333333335 0.0175
4 0.3358333333333333 0.17583333333333334 0.0033333333333333335 0.015
4 0.4791666666666667 0.17333333333333334 0.0025 0.014166666666666666
0 0.18333333333333332 0.1775 0.0025 0.011666666666666667
4 0.5291666666666667 0.17416666666666666 0.0025 0.013333333333333334
0 0.7025 0.17916666666666667 0.0025 0.014166666666666666
4 0.6808333333333333 0.17583333333333334 0.0033333333333333335 0.015
0 0.7741666666666667 0.1825 0.0033333333333333335 0.013333333333333334
0 0.8383333333333334 0.185 0.0033333333333333335 0.015
4 0.6325 0.17583333333333334 0.0025 0.014166666666666666
4 0.8866666666666667 0.19166666666666668 0.004166666666666667 0.016666666666666666