4 0.5758333333333333 0.5741666666666667 0.034166666666666665 0.125
0 0.5808333333333333 0.4075 0.008333333333333333 0.041666666666666664
4 0.14 0.3883333333333333 0.010833333333333334 0.035
4 0.14166666666666666 0.4708333333333333 0.019166666666666665 0.08083333333333333
4 0.6366666666666667 0.4533333333333333 0.015833333333333335 0.058333333333333334
4 0.0575 0.43083333333333335 0.0175 0.056666666666666664
0 0.41583333333333333 0.39666666666666667 0.01 0.03916666666666667
4 0.115 0.3775 0.005 0.025833333333333333
0 0.7875 0.4191666666666667 0.0125 0.04666666666666667
4 0.31666666666666665 0.42083333333333334 0.010833333333333334 0.04583333333333333
0 0.3175 0.3858333333333333 0.0075 0.0325
0 0.1 0.36916666666666664 0.005833333333333334 0.020833333333333332
0 0.255 0.37083333333333335 0.008333333333333333 0.028333333333333332
4 0.20583333333333334 0.4025 0.010833333333333334 0.043333333333333335
0 0.1825 0.36333333333333334 0.005833333333333334 0.024166666666666666
0 0.22916666666666666 0.3641666666666667 0.006666666666666667 0.024166666666666666
4 0.8225 0.4891666666666667 0.023333333333333334 0.08083333333333333
4 0.11 0.37416666666666665 0.005 0.025
4 0.4375 0.435 0.015 0.058333333333333334
4 0.31916666666666665 0.5075 0.0275 0.09166666666666666