0 0.3358333333333333 0.5483333333333333 0.0425 0.0925
0 0.10916666666666666 0.3883333333333333 0.008333333333333333 0.019166666666666665
0 0.5933333333333334 0.4866666666666667 0.028333333333333332 0.065
0 0.8375 0.4658333333333333 0.02666666666666667 0.05583333333333333
0 0.21166666666666667 0.3825 0.0075 0.0175
0 0.27 0.375 0.006666666666666667 0.016666666666666666
0 0.7066666666666667 0.38083333333333336 0.008333333333333333 0.0175
0 0.635 0.37833333333333335 0.006666666666666667 0.016666666666666666
0 0.5583333333333333 0.37666666666666665 0.005833333333333334 0.015
0 0.5133333333333333 0.37166666666666665 0.005833333333333334 0.013333333333333334
0 0.49166666666666664 0.36666666666666664 0.005 0.013333333333333334
0 0.4841666666666667 0.36333333333333334 0.005 0.013333333333333334
0 0.4508333333333333 0.36 0.005 0.013333333333333334
0 0.4 0.3591666666666667 0.005 0.013333333333333334
0 0.375 0.36083333333333334 0.005 0.011666666666666667
0 0.345 0.365 0.005 0.013333333333333334
0 0.3125 0.36916666666666664 0.006666666666666667 0.015833333333333335
4 0.12666666666666668 0.375 0.008333333333333333 0.018333333333333333
4 0.19416666666666665 0.37 0.006666666666666667 0.016666666666666666
4 0.24916666666666668 0.36583333333333334 0.006666666666666667 0.016666666666666666
4 0.92 0.37416666666666665 0.009166666666666667 0.019166666666666665
4 0.7441666666666666 0.37583333333333335 0.006666666666666667 0.016666666666666666
4 0.6658333333333334 0.37416666666666665 0.006666666666666667 0.015833333333333335
4 0.6016666666666667 0.37333333333333335 0.006666666666666667 0.015
4 0.5658333333333333 0.36833333333333335 0.005 0.014166666666666666
4 0.545 0.3641666666666667 0.005 0.013333333333333334
4 0.4766666666666667 0.3575 0.005 0.011666666666666667
4 0.515 0.36 0.005 0.013333333333333334
4 0.43416666666666665 0.35583333333333333 0.005 0.010833333333333334
4 0.38666666666666666 0.355 0.004166666666666667 0.010833333333333334
4 0.3458333333333333 0.35583333333333333 0.005 0.010833333333333334
4 0.2841666666666667 0.3616666666666667 0.006666666666666667 0.014166666666666666
4 0.31083333333333335 0.35833333333333334 0.005833333333333334 0.015
2 0.14333333333333334 0.4425 0.043333333333333335 0.03833333333333333
2 0.3675 0.395 0.015833333333333335 0.0175
1 0.85 0.37416666666666665 0.011666666666666667 0.030833333333333334
1 0.8358333333333333 0.37083333333333335 0.009166666666666667 0.02666666666666667
1 0.8225 0.375 0.01 0.03
1 0.8125 0.37083333333333335 0.009166666666666667 0.02666666666666667