0 0.45416666666666666 0.2866666666666667 0.005 0.025
4 0.4625 0.6183333333333333 0.050833333333333335 0.175
4 0.43 0.2916666666666667 0.0075 0.0325
0 0.8233333333333334 0.3333333333333333 0.006666666666666667 0.030833333333333334
0 0.57 0.30083333333333334 0.006666666666666667 0.025833333333333333
0 0.34833333333333333 0.2733333333333333 0.005833333333333334 0.025
4 0.3175 0.2791666666666667 0.009166666666666667 0.03166666666666667
0 0.12666666666666668 0.24916666666666668 0.006666666666666667 0.025833333333333333
4 0.12166666666666667 0.26 0.0075 0.029166666666666667
4 0.6791666666666667 0.32083333333333336 0.008333333333333333 0.03333333333333333
0 0.23166666666666666 0.25833333333333336 0.006666666666666667 0.025
4 0.53 0.3016666666666667 0.008333333333333333 0.03333333333333333
4 0.8325 0.3475 0.01 0.03916666666666667
4 0.22333333333333333 0.26916666666666667 0.0075 0.030833333333333334
0 0.7025 0.3175 0.006666666666666667 0.028333333333333332
4 0.055 0.43666666666666665 0.0125 0.09333333333333334