0 0.8025 0.2733333333333333 0.010833333333333334 0.04
0 0.8275 0.25 0.006666666666666667 0.030833333333333334
0 0.8683333333333333 0.21416666666666667 0.0033333333333333335 0.015
0 0.7575 0.315 0.013333333333333334 0.05416666666666667
0 0.8541666666666666 0.22666666666666666 0.005 0.020833333333333332
0 0.8616666666666667 0.21916666666666668 0.004166666666666667 0.018333333333333333
0 0.655 0.4066666666666667 0.025833333333333333 0.09583333333333334
0 0.8775 0.20583333333333334 0.0025 0.013333333333333334
0 0.8725 0.2075 0.0033333333333333335 0.013333333333333334
2 0.7816666666666666 0.2275 0.005 0.020833333333333332
2 0.7133333333333334 0.25 0.0075 0.028333333333333332
0 0.8433333333333334 0.23666666666666666 0.005 0.025833333333333333
1 0.22333333333333333 0.6775 0.08833333333333333 0.34
0 0.8808333333333334 0.2025 0.0016666666666666668 0.011666666666666667
0 0.8833333333333333 0.2 0.0016666666666666668 0.010833333333333334
0 0.8858333333333334 0.19833333333333333 0.0025 0.01
0 0.13333333333333333 0.7716666666666666 0.03333333333333333 0.15