4 0.27666666666666667 0.3433333333333333 0.018333333333333333 0.06416666666666666
4 0.25083333333333335 0.30833333333333335 0.0125 0.049166666666666664
0 0.0825 0.21166666666666667 0.005 0.019166666666666665
4 0.11 0.26166666666666666 0.01 0.035833333333333335
1 0.3425 0.41 0.025 0.16
4 0.8908333333333334 0.31833333333333336 0.004166666666666667 0.014166666666666666
4 0.9333333333333333 0.3258333333333333 0.005 0.015
4 0.095 0.21916666666666668 0.005 0.019166666666666665
0 0.12916666666666668 0.21666666666666667 0.004166666666666667 0.019166666666666665
0 0.24333333333333335 0.2175 0.004166666666666667 0.013333333333333334
4 0.8516666666666667 0.31166666666666665 0.004166666666666667 0.014166666666666666
0 0.22916666666666666 0.22083333333333333 0.0033333333333333335 0.014166666666666666
0 0.8833333333333333 0.31333333333333335 0.004166666666666667 0.013333333333333334
4 0.7958333333333333 0.3025 0.004166666666666667 0.014166666666666666
4 0.4508333333333333 0.24166666666666667 0.0025 0.013333333333333334
4 0.615 0.2633333333333333 0.0025 0.01
4 0.555 0.2525 0.0025 0.01
0 0.16666666666666666 0.21916666666666668 0.004166666666666667 0.016666666666666666
4 0.19416666666666665 0.2841666666666667 0.010833333333333334 0.0425
4 0.36916666666666664 0.2325 0.0033333333333333335 0.013333333333333334
0 0.36083333333333334 0.23 0.0033333333333333335 0.011666666666666667
4 0.5791666666666667 0.25666666666666665 0.0025 0.01
0 0.8275 0.30416666666666664 0.004166666666666667 0.013333333333333334
4 0.25333333333333335 0.23 0.004166666666666667 0.016666666666666666
4 0.4325 0.24 0.0033333333333333335 0.013333333333333334
0 0.9466666666666667 0.325 0.004166666666666667 0.015
0 0.23583333333333334 0.22083333333333333 0.004166666666666667 0.015
0 0.725 0.2866666666666667 0.0033333333333333335 0.013333333333333334
0 0.7766666666666666 0.29583333333333334 0.004166666666666667 0.013333333333333334
4 0.16166666666666665 0.22416666666666665 0.005833333333333334 0.018333333333333333
4 0.4708333333333333 0.24166666666666667 0.0025 0.011666666666666667
0 0.32916666666666666 0.22583333333333333 0.0025 0.010833333333333334
4 0.3016666666666667 0.22416666666666665 0.0025 0.011666666666666667
4 0.48833333333333334 0.24416666666666667 0.0025 0.011666666666666667
4 0.5325 0.24916666666666668 0.0025 0.011666666666666667
4 0.3975 0.23666666666666666 0.0025 0.011666666666666667
4 0.2775 0.23 0.004166666666666667 0.016666666666666666
0 0.2991666666666667 0.2225 0.0033333333333333335 0.011666666666666667
4 0.6391666666666667 0.2725 0.0033333333333333335 0.010833333333333334
0 0.6866666666666666 0.2791666666666667 0.0025 0.010833333333333334
0 0.7041666666666667 0.2833333333333333 0.0033333333333333335 0.011666666666666667
0 0.18833333333333332 0.21916666666666668 0.005 0.015
4 0.21416666666666667 0.2275 0.004166666666666667 0.016666666666666666
4 0.6708333333333333 0.28 0.0033333333333333335 0.011666666666666667
4 0.6025 0.26166666666666666 0.0025 0.01
4 0.5091666666666667 0.24583333333333332 0.0025 0.01
4 0.6316666666666667 0.26916666666666667 0.0025 0.010833333333333334
0 0.5616666666666666 0.2525 0.0025 0.008333333333333333
4 0.29 0.22916666666666666 0.0033333333333333335 0.014166666666666666
0 0.37916666666666665 0.23166666666666666 0.0025 0.010833333333333334
0 0.42083333333333334 0.23583333333333334 0.0025 0.010833333333333334
4 0.7491666666666666 0.2941666666666667 0.004166666666666667 0.013333333333333334
0 0.68 0.2775 0.0025 0.010833333333333334
0 0.46416666666666667 0.24 0.0016666666666666668 0.01
4 0.7066666666666667 0.2866666666666667 0.0033333333333333335 0.014166666666666666
4 0.6258333333333334 0.26666666666666666 0.0025 0.010833333333333334
0 0.26916666666666667 0.21833333333333332 0.0033333333333333335 0.010833333333333334
0 0.6525 0.26916666666666667 0.0025 0.0075
4 0.32083333333333336 0.2275 0.0033333333333333335 0.013333333333333334
0 0.41333333333333333 0.235 0.0025 0.010833333333333334
4 0.2925 0.22583333333333333 0.0025 0.011666666666666667
0 0.5266666666666666 0.2475 0.0025 0.008333333333333333
0 0.6766666666666666 0.27666666666666667 0.0025 0.01
0 0.75 0.2916666666666667 0.0025 0.011666666666666667
4 0.29583333333333334 0.22833333333333333 0.0025 0.013333333333333334
4 0.5933333333333334 0.7458333333333333 0.0625 0.20083333333333334
1 0.37166666666666665 0.4375 0.0425 0.18333333333333332
0 0.49333333333333335 0.24333333333333335 0.0025 0.01
0 0.43583333333333335 0.23666666666666666 0.0016666666666666668 0.01
0 0.6691666666666667 0.27416666666666667 0.0025 0.008333333333333333
0 0.39916666666666667 0.23333333333333334 0.0016666666666666668 0.008333333333333333
0 0.5966666666666667 0.25833333333333336 0.0025 0.008333333333333333
4 0.4608333333333333 0.24166666666666667 0.0025 0.010833333333333334
0 0.21416666666666667 0.22083333333333333 0.004166666666666667 0.015
4 0.3525 0.4533333333333333 0.02 0.10666666666666667
4 0.6291666666666667 0.2683333333333333 0.0025 0.011666666666666667
0 0.6275 0.265 0.0025 0.01