4 0.6183333333333333 0.4925 0.019166666666666665 0.085
0 0.31333333333333335 0.49583333333333335 0.0225 0.08666666666666667
4 0.8091666666666667 0.7208333333333333 0.058333333333333334 0.1975
0 0.395 0.39166666666666666 0.009166666666666667 0.04
0 0.15 0.7025 0.056666666666666664 0.18666666666666668
0 0.4558333333333333 0.3466666666666667 0.004166666666666667 0.0175
0 0.44583333333333336 0.3525 0.005 0.021666666666666667
4 0.43 0.3408333333333333 0.0033333333333333335 0.016666666666666666
4 0.4816666666666667 0.3375 0.0025 0.016666666666666666
4 0.25916666666666666 0.35583333333333333 0.004166666666666667 0.018333333333333333
0 0.3641666666666667 0.43 0.014166666666666666 0.0575
0 0.415 0.3725 0.0075 0.03166666666666667
4 0.53 0.39166666666666666 0.008333333333333333 0.03833333333333333
0 0.0975 0.37083333333333335 0.006666666666666667 0.028333333333333332
4 0.5233333333333333 0.37583333333333335 0.006666666666666667 0.029166666666666667
4 0.11333333333333333 0.365 0.005 0.024166666666666666
0 0.17583333333333334 0.36333333333333334 0.006666666666666667 0.024166666666666666
0 0.43083333333333335 0.3616666666666667 0.005833333333333334 0.025
4 0.5225 0.34833333333333333 0.0025 0.018333333333333333
4 0.3175 0.35083333333333333 0.004166666666666667 0.0175
0 0.25333333333333335 0.3566666666666667 0.005 0.020833333333333332
4 0.19166666666666668 0.35833333333333334 0.005 0.019166666666666665
4 0.52 0.36333333333333334 0.0033333333333333335 0.0225
0 0.31333333333333335 0.3525 0.0033333333333333335 0.018333333333333333
4 0.5175 0.3433333333333333 0.0033333333333333335 0.0175
4 0.5516666666666666 0.4266666666666667 0.015833333333333335 0.05333333333333334
0 0.36833333333333335 0.3475 0.004166666666666667 0.0175
0 0.4225 0.3433333333333333 0.004166666666666667 0.016666666666666666
0 0.4533333333333333 0.3433333333333333 0.0025 0.0175