0 0.08333333333333333 0.3075 0.0125 0.04583333333333333
0 0.9383333333333334 0.3541666666666667 0.005833333333333334 0.019166666666666665
0 0.8833333333333333 0.35 0.005833333333333334 0.021666666666666667
4 0.7308333333333333 0.34 0.006666666666666667 0.0275
0 0.8575 0.3591666666666667 0.006666666666666667 0.0275
0 0.2683333333333333 0.26666666666666666 0.005833333333333334 0.021666666666666667
0 0.15083333333333335 0.2866666666666667 0.008333333333333333 0.03333333333333333
4 0.37166666666666665 0.5775 0.0375 0.15666666666666668
4 0.30416666666666664 0.4091666666666667 0.019166666666666665 0.08166666666666667
4 0.79 0.3775 0.009166666666666667 0.03666666666666667
4 0.8308333333333333 0.33166666666666667 0.005 0.016666666666666666
4 0.37 0.2758333333333333 0.005833333333333334 0.024166666666666666
4 0.5516666666666666 0.285 0.004166666666666667 0.015
4 0.31083333333333335 0.3475 0.010833333333333334 0.05416666666666667
0 0.31916666666666665 0.2625 0.005 0.020833333333333332
0 0.21916666666666668 0.2725 0.0075 0.025833333333333333
0 0.5458333333333333 0.2808333333333333 0.0033333333333333335 0.014166666666666666
4 0.44166666666666665 0.2775 0.004166666666666667 0.019166666666666665
4 0.905 0.3408333333333333 0.004166666666666667 0.016666666666666666
4 0.48583333333333334 0.2808333333333333 0.004166666666666667 0.018333333333333333
4 0.6966666666666667 0.29333333333333333 0.0033333333333333335 0.011666666666666667
4 0.7425 0.29083333333333333 0.0033333333333333335 0.011666666666666667
4 0.8466666666666667 0.2941666666666667 0.0033333333333333335 0.01
0 0.5133333333333333 0.2791666666666667 0.0033333333333333335 0.015
4 0.6683333333333333 0.2916666666666667 0.0033333333333333335 0.014166666666666666
4 0.6116666666666667 0.2875 0.0033333333333333335 0.014166666666666666
0 0.8533333333333334 0.35 0.005 0.024166666666666666
4 0.7525 0.3308333333333333 0.006666666666666667 0.024166666666666666
4 0.7925 0.2925 0.0033333333333333335 0.010833333333333334
4 0.7691666666666667 0.2916666666666667 0.0025 0.010833333333333334
4 0.8891666666666667 0.29833333333333334 0.0033333333333333335 0.01
4 0.39916666666666667 0.2758333333333333 0.005 0.021666666666666667
4 0.31 0.2941666666666667 0.005833333333333334 0.035
4 0.7191666666666666 0.2916666666666667 0.0025 0.013333333333333334
4 0.9408333333333333 0.30666666666666664 0.0033333333333333335 0.010833333333333334
0 0.7866666666666666 0.2875 0.0025 0.01
4 0.3283333333333333 0.2808333333333333 0.0075 0.028333333333333332
0 0.8741666666666666 0.2916666666666667 0.0025 0.01
0 0.92 0.2991666666666667 0.0025 0.01
0 0.47583333333333333 0.275 0.004166666666666667 0.015
1 0.6308333333333334 0.285 0.004166666666666667 0.024166666666666666
0 0.7358333333333333 0.2841666666666667 0.0033333333333333335 0.011666666666666667
0 0.37583333333333335 0.2658333333333333 0.004166666666666667 0.018333333333333333
0 0.6866666666666666 0.2841666666666667 0.0025 0.011666666666666667
0 0.7058333333333333 0.2841666666666667 0.0025 0.01
4 0.7808333333333334 0.32916666666666666 0.005833333333333334 0.019166666666666665
0 0.4275 0.27 0.004166666666666667 0.016666666666666666
0 0.8433333333333334 0.28833333333333333 0.0025 0.008333333333333333
0 0.8283333333333334 0.2866666666666667 0.0025 0.008333333333333333
1 0.6416666666666667 0.2866666666666667 0.004166666666666667 0.020833333333333332
0 0.6591666666666667 0.2833333333333333 0.0025 0.010833333333333334
4 0.31416666666666665 0.31333333333333335 0.0075 0.041666666666666664
4 0.52 0.2833333333333333 0.004166666666666667 0.016666666666666666
0 0.7625 0.2866666666666667 0.0025 0.008333333333333333
1 0.5916666666666667 0.2783333333333333 0.004166666666666667 0.021666666666666667
4 0.8166666666666667 0.29333333333333333 0.0033333333333333335 0.01
4 0.5841666666666666 0.2866666666666667 0.004166666666666667 0.014166666666666666
4 0.635 0.2891666666666667 0.0033333333333333335 0.015
1 0.6033333333333334 0.2791666666666667 0.004166666666666667 0.020833333333333332
0 0.5716666666666667 0.2825 0.0025 0.013333333333333334
0 0.8083333333333333 0.28583333333333333 0.0025 0.008333333333333333
0 0.5975 0.2833333333333333 0.0033333333333333335 0.014166666666666666