0 0.7616666666666667 0.31166666666666665 0.006666666666666667 0.021666666666666667
0 0.14666666666666667 0.30833333333333335 0.016666666666666666 0.0525
0 0.8066666666666666 0.3225 0.006666666666666667 0.025833333333333333
0 0.8841666666666667 0.33666666666666667 0.008333333333333333 0.028333333333333332
0 0.36333333333333334 0.26166666666666666 0.005 0.021666666666666667
0 0.28 0.2708333333333333 0.008333333333333333 0.03166666666666667
0 0.24 0.2875 0.0125 0.04
4 0.4041666666666667 0.28833333333333333 0.0075 0.0325
4 0.41 0.30916666666666665 0.010833333333333334 0.04
0 0.815 0.30416666666666664 0.004166666666666667 0.016666666666666666
4 0.3125 0.44916666666666666 0.03 0.10666666666666667
0 0.7941666666666667 0.30416666666666664 0.004166666666666667 0.016666666666666666
4 0.37333333333333335 0.3308333333333333 0.014166666666666666 0.05
4 0.41083333333333333 0.27416666666666667 0.006666666666666667 0.025
4 0.6141666666666666 0.7608333333333334 0.0325 0.17166666666666666
4 0.4816666666666667 0.26916666666666667 0.004166666666666667 0.018333333333333333
4 0.67 0.285 0.004166666666666667 0.0175
4 0.49333333333333335 0.26416666666666666 0.004166666666666667 0.0175
4 0.6508333333333334 0.2875 0.004166666666666667 0.020833333333333332
4 0.5025 0.2608333333333333 0.0033333333333333335 0.015
4 0.7158333333333333 0.28833333333333333 0.0033333333333333335 0.016666666666666666
4 0.7991666666666667 0.28833333333333333 0.0025 0.010833333333333334
4 0.925 0.30833333333333335 0.0025 0.011666666666666667
4 0.86 0.29583333333333334 0.0025 0.013333333333333334
4 0.7258333333333333 0.31333333333333335 0.0075 0.029166666666666667
4 0.44 0.2725 0.005 0.021666666666666667
0 0.735 0.2975 0.004166666666666667 0.018333333333333333
0 0.8325 0.29583333333333334 0.0033333333333333335 0.014166666666666666
0 0.47833333333333333 0.24916666666666668 0.0033333333333333335 0.014166666666666666
0 0.4116666666666667 0.25666666666666665 0.004166666666666667 0.018333333333333333
0 0.8891666666666667 0.30583333333333335 0.0033333333333333335 0.014166666666666666
0 0.8233333333333334 0.3025 0.004166666666666667 0.015
4 0.8625 0.3458333333333333 0.010833333333333334 0.035833333333333335
4 0.3125 0.37083333333333335 0.0175 0.07083333333333333
0 0.32 0.26666666666666666 0.006666666666666667 0.025
4 0.5558333333333333 0.255 0.0025 0.014166666666666666
4 0.9358333333333333 0.29833333333333334 0.0025 0.01
4 0.7225 0.26416666666666666 0.0025 0.010833333333333334
0 0.5016666666666667 0.24833333333333332 0.0033333333333333335 0.014166666666666666
0 0.43 0.2525 0.005 0.0175
4 0.5425 0.25666666666666665 0.0025 0.014166666666666666
4 0.5933333333333334 0.255 0.0025 0.011666666666666667
4 0.7525 0.285 0.0025 0.011666666666666667
4 0.6641666666666667 0.2975 0.005833333333333334 0.0225
4 0.8141666666666667 0.28 0.0016666666666666668 0.01
0 0.7308333333333333 0.3025 0.004166666666666667 0.018333333333333333
4 0.8416666666666667 0.2841666666666667 0.0016666666666666668 0.01
0 0.4533333333333333 0.25083333333333335 0.004166666666666667 0.015
0 0.82 0.2975 0.0025 0.013333333333333334
4 0.525 0.25916666666666666 0.0025 0.014166666666666666
4 0.6883333333333334 0.2608333333333333 0.0025 0.008333333333333333
4 0.7483333333333333 0.2866666666666667 0.0025 0.014166666666666666
4 0.5708333333333333 0.25416666666666665 0.0025 0.013333333333333334
4 0.87 0.2891666666666667 0.0016666666666666668 0.008333333333333333
0 0.8383333333333334 0.2825 0.0025 0.008333333333333333
0 0.9283333333333333 0.29583333333333334 0.0025 0.01
0 0.5216666666666666 0.24666666666666667 0.0025 0.013333333333333334
4 0.6175 0.25583333333333336 0.0016666666666666668 0.011666666666666667
4 0.7491666666666666 0.26916666666666667 0.0025 0.008333333333333333
4 0.7825 0.2758333333333333 0.0025 0.0075
0 0.5441666666666667 0.24833333333333332 0.0025 0.01
0 0.5758333333333333 0.2525 0.0016666666666666668 0.008333333333333333
4 0.75 0.2916666666666667 0.0033333333333333335 0.015
0 0.765 0.26916666666666667 0.0025 0.008333333333333333
0 0.7275 0.2633333333333333 0.0025 0.01
4 0.6416666666666667 0.25666666666666665 0.0016666666666666668 0.011666666666666667
0 0.6025 0.25333333333333335 0.0025 0.008333333333333333
0 0.6316666666666667 0.25666666666666665 0.0025 0.008333333333333333
0 0.6666666666666666 0.25833333333333336 0.0025 0.008333333333333333
0 0.6966666666666667 0.2608333333333333 0.0016666666666666668 0.008333333333333333
0 0.8008333333333333 0.2758333333333333 0.0016666666666666668 0.008333333333333333
4 0.66 0.25666666666666665 0.0025 0.011666666666666667
0 0.8716666666666667 0.2891666666666667 0.0016666666666666668 0.006666666666666667
0 0.9008333333333334 0.29333333333333333 0.0025 0.01
4 0.9025 0.29333333333333333 0.0008333333333333334 0.01