4 0.11 0.3325 0.021666666666666667 0.07416666666666667
0 0.44916666666666666 0.335 0.014166666666666666 0.058333333333333334
0 0.29333333333333333 0.4008333333333333 0.0275 0.09666666666666666
4 0.26666666666666666 0.30583333333333335 0.014166666666666666 0.056666666666666664
0 0.4041666666666667 0.265 0.008333333333333333 0.030833333333333334
0 0.23916666666666667 0.23083333333333333 0.005833333333333334 0.024166666666666666
0 0.455 0.2916666666666667 0.009166666666666667 0.041666666666666664
4 0.10083333333333333 0.22583333333333333 0.008333333333333333 0.029166666666666667
4 0.2941666666666667 0.2608333333333333 0.009166666666666667 0.035
0 0.13666666666666666 0.21916666666666668 0.006666666666666667 0.025
4 0.30916666666666665 0.28 0.011666666666666667 0.0425
4 0.18333333333333332 0.235 0.008333333333333333 0.030833333333333334
2 0.8416666666666667 0.42 0.021666666666666667 0.0725
4 0.24833333333333332 0.24583333333333332 0.008333333333333333 0.030833333333333334
2 0.5916666666666667 0.415 0.0225 0.08666666666666667
0 0.3283333333333333 0.24416666666666667 0.006666666666666667 0.028333333333333332
3 0.93 0.34 0.006666666666666667 0.029166666666666667
2 0.7825 0.5991666666666666 0.0475 0.16
3 0.4058333333333333 0.24 0.005833333333333334 0.019166666666666665
3 0.8175 0.3075 0.005 0.024166666666666666
3 0.395 0.2325 0.004166666666666667 0.0175
3 0.5 0.24916666666666668 0.004166666666666667 0.020833333333333332
4 0.215 0.6383333333333333 0.05583333333333333 0.21166666666666667
3 0.5958333333333333 0.2633333333333333 0.005 0.018333333333333333
3 0.6133333333333333 0.26 0.004166666666666667 0.018333333333333333
3 0.7 0.2841666666666667 0.0033333333333333335 0.016666666666666666
3 0.765 0.2866666666666667 0.004166666666666667 0.019166666666666665
3 0.6925 0.27416666666666667 0.0033333333333333335 0.018333333333333333
3 0.7558333333333334 0.2808333333333333 0.0025 0.018333333333333333
3 0.7475 0.275 0.0025 0.015
3 0.8666666666666667 0.31083333333333335 0.005833333333333334 0.021666666666666667
3 0.6891666666666667 0.2683333333333333 0.0025 0.0175
3 0.6025 0.2525 0.0033333333333333335 0.016666666666666666
3 0.49583333333333335 0.24166666666666667 0.0033333333333333335 0.016666666666666666