0 0.28583333333333333 0.5641666666666667 0.0275 0.035833333333333335
0 0.475 0.5375 0.015833333333333335 0.024166666666666666
0 0.6633333333333333 0.5383333333333333 0.015 0.023333333333333334
0 0.6525 0.5291666666666667 0.011666666666666667 0.019166666666666665
0 0.7483333333333333 0.5116666666666667 0.0075 0.010833333333333334
0 0.7858333333333334 0.5225 0.01 0.015833333333333335
0 0.8016666666666666 0.5466666666666666 0.018333333333333333 0.025833333333333333
0 0.9191666666666667 0.515 0.008333333333333333 0.011666666666666667
0 0.9325 0.5341666666666667 0.015 0.02
0 0.9433333333333334 0.5258333333333334 0.013333333333333334 0.0175
0 0.9458333333333333 0.5191666666666667 0.009166666666666667 0.013333333333333334
4 0.2608333333333333 0.74 0.08416666666666667 0.12666666666666668
4 0.23583333333333334 0.5441666666666667 0.015 0.028333333333333332
4 0.5308333333333334 0.5408333333333334 0.018333333333333333 0.025833333333333333
4 0.535 0.5325 0.0125 0.021666666666666667
4 0.72 0.5241666666666667 0.011666666666666667 0.0175
4 0.7783333333333333 0.5083333333333333 0.008333333333333333 0.01
4 0.9016666666666666 0.6283333333333333 0.04416666666666667 0.065
4 0.8791666666666667 0.5091666666666667 0.008333333333333333 0.010833333333333334
2 0.2841666666666667 0.5875 0.03166666666666667 0.04666666666666667
2 0.3016666666666667 0.5408333333333334 0.018333333333333333 0.025833333333333333
2 0.515 0.5591666666666667 0.02 0.034166666666666665
2 0.6033333333333334 0.5241666666666667 0.010833333333333334 0.018333333333333333
2 0.6741666666666667 0.5558333333333333 0.02 0.030833333333333334
2 0.6825 0.515 0.009166666666666667 0.013333333333333334
2 0.8 0.5133333333333333 0.008333333333333333 0.0125
2 0.8308333333333333 0.545 0.018333333333333333 0.023333333333333334
2 0.8325 0.5308333333333334 0.014166666666666666 0.019166666666666665
2 0.8666666666666667 0.5108333333333334 0.008333333333333333 0.011666666666666667