0 0.12083333333333333 0.29083333333333333 0.015833333333333335 0.05333333333333334
0 0.13 0.345 0.02 0.075
4 0.44083333333333335 0.3775 0.015833333333333335 0.06833333333333333
4 0.4008333333333333 0.33666666666666667 0.0125 0.0525
0 0.07833333333333334 0.2733333333333333 0.013333333333333334 0.04666666666666667
4 0.30666666666666664 0.2925 0.010833333333333334 0.041666666666666664
0 0.9491666666666667 0.3566666666666667 0.005 0.0175
4 0.13416666666666666 0.25 0.01 0.035
0 0.8441666666666666 0.3275 0.0033333333333333335 0.015
0 0.15 0.31666666666666665 0.015833333333333335 0.06166666666666667
0 0.83 0.3233333333333333 0.004166666666666667 0.014166666666666666
4 0.7425 0.2941666666666667 0.0025 0.010833333333333334
4 0.16666666666666666 0.21416666666666667 0.005 0.0175
4 0.22583333333333333 0.26916666666666667 0.009166666666666667 0.035833333333333335
0 0.9133333333333333 0.3458333333333333 0.004166666666666667 0.018333333333333333
0 0.8833333333333333 0.33916666666666667 0.004166666666666667 0.0175
4 0.25666666666666665 0.22 0.0033333333333333335 0.014166666666666666
4 0.9075 0.3516666666666667 0.005833333333333334 0.020833333333333332
0 0.86 0.33166666666666667 0.0033333333333333335 0.014166666666666666
4 0.5858333333333333 0.6833333333333333 0.04666666666666667 0.19333333333333333
4 0.6841666666666667 0.2833333333333333 0.0025 0.01
4 0.7766666666666666 0.30416666666666664 0.0025 0.011666666666666667
4 0.7258333333333333 0.29083333333333333 0.0025 0.01
4 0.7608333333333334 0.2991666666666667 0.0025 0.01
4 0.7041666666666667 0.2866666666666667 0.0025 0.010833333333333334
4 0.4683333333333333 0.44583333333333336 0.025 0.09666666666666666
0 0.1025 0.20166666666666666 0.004166666666666667 0.016666666666666666
0 0.8258333333333333 0.32 0.0033333333333333335 0.014166666666666666
4 0.8208333333333333 0.32916666666666666 0.004166666666666667 0.016666666666666666
0 0.23166666666666666 0.20583333333333334 0.0025 0.01
0 0.2 0.21083333333333334 0.0033333333333333335 0.013333333333333334
4 0.115 0.2075 0.005 0.0175
0 0.22083333333333333 0.21083333333333334 0.0025 0.013333333333333334
4 0.2075 0.2175 0.004166666666666667 0.015
0 0.055 0.195 0.004166666666666667 0.016666666666666666
0 0.2125 0.21083333333333334 0.0033333333333333335 0.013333333333333334
4 0.575 0.2675 0.0025 0.010833333333333334
4 0.27 0.22083333333333333 0.0033333333333333335 0.011666666666666667
0 0.13083333333333333 0.205 0.0033333333333333335 0.016666666666666666
4 0.6733333333333333 0.2816666666666667 0.0025 0.01
0 0.22333333333333333 0.20833333333333334 0.0033333333333333335 0.015
0 0.84 0.32 0.0033333333333333335 0.011666666666666667
4 0.7691666666666667 0.3125 0.0033333333333333335 0.014166666666666666
4 0.7641666666666667 0.30583333333333335 0.0033333333333333335 0.011666666666666667
4 0.2708333333333333 0.21333333333333335 0.0025 0.010833333333333334
4 0.2375 0.21916666666666668 0.004166666666666667 0.015
0 0.18333333333333332 0.20916666666666667 0.0033333333333333335 0.014166666666666666
4 0.2866666666666667 0.21333333333333335 0.0025 0.01
0 0.5666666666666667 0.26416666666666666 0.0033333333333333335 0.010833333333333334
4 0.5341666666666667 0.26 0.0025 0.011666666666666667
4 0.7566666666666667 0.305 0.0025 0.014166666666666666
4 0.785 0.30833333333333335 0.0025 0.011666666666666667
4 0.275 0.21583333333333332 0.0025 0.01
4 0.7925 0.32083333333333336 0.004166666666666667 0.015
4 0.61 0.2733333333333333 0.0025 0.011666666666666667
4 0.6391666666666667 0.2775 0.0025 0.011666666666666667
0 0.16083333333333333 0.2075 0.0033333333333333335 0.015
0 0.6175 0.2725 0.0025 0.01
4 0.6591666666666667 0.2808333333333333 0.0025 0.010833333333333334
4 0.5025 0.25333333333333335 0.0025 0.010833333333333334
0 0.7975 0.30583333333333335 0.0033333333333333335 0.01
4 0.7591666666666667 0.30833333333333335 0.0033333333333333335 0.013333333333333334
0 0.8225 0.3125 0.0025 0.01
0 0.5441666666666667 0.26 0.0025 0.01
0 0.255 0.20833333333333334 0.0016666666666666668 0.01
0 0.5858333333333333 0.26666666666666666 0.0025 0.01
0 0.6341666666666667 0.2733333333333333 0.0025 0.01
0 0.5233333333333333 0.25583333333333336 0.0025 0.010833333333333334
4 0.2783333333333333 0.21833333333333332 0.0025 0.010833333333333334
4 0.32416666666666666 0.21833333333333332 0.0025 0.008333333333333333
4 0.47833333333333333 0.24916666666666668 0.0025 0.010833333333333334
0 0.7666666666666667 0.2991666666666667 0.0025 0.008333333333333333
4 0.3025 0.21583333333333332 0.0025 0.01
0 0.7291666666666666 0.29 0.0025 0.008333333333333333
0 0.6908333333333333 0.2825 0.0025 0.008333333333333333
4 0.42 0.2375 0.0025 0.01
4 0.8625 0.34 0.004166666666666667 0.018333333333333333
4 0.34833333333333333 0.2225 0.0025 0.008333333333333333
4 0.2775 0.215 0.0025 0.011666666666666667
0 0.28583333333333333 0.21166666666666667 0.0025 0.01
0 0.32 0.21833333333333332 0.0016666666666666668 0.0075
0 0.3566666666666667 0.2225 0.0025 0.008333333333333333
4 0.36833333333333335 0.22666666666666666 0.0025 0.01
4 0.3925 0.23083333333333333 0.0025 0.01
0 0.3908333333333333 0.22916666666666666 0.0016666666666666668 0.01
1 0.4425 0.23833333333333334 0.0025 0.016666666666666666
4 0.44583333333333336 0.24166666666666667 0.0025 0.010833333333333334
1 0.4483333333333333 0.23916666666666667 0.0025 0.0175
1 0.4708333333333333 0.24166666666666667 0.0025 0.014166666666666666
1 0.47583333333333333 0.24333333333333335 0.0025 0.014166666666666666
0 0.47333333333333333 0.24583333333333332 0.0025 0.008333333333333333
0 0.5066666666666667 0.25166666666666665 0.0025 0.01
0 0.605 0.27 0.0025 0.01
0 0.6575 0.2775 0.0025 0.01
4 0.7858333333333334 0.30666666666666664 0.0016666666666666668 0.011666666666666667
0 0.8383333333333334 0.3175 0.0025 0.013333333333333334