0 0.49333333333333335 0.42583333333333334 0.014166666666666666 0.035
0 0.4608333333333333 0.45916666666666667 0.021666666666666667 0.049166666666666664
0 0.5666666666666667 0.39916666666666667 0.009166666666666667 0.0225
0 0.3475 0.5866666666666667 0.058333333333333334 0.11083333333333334
0 0.6108333333333333 0.3925 0.0075 0.02
0 0.5308333333333334 0.4083333333333333 0.010833333333333334 0.025833333333333333
0 0.6541666666666667 0.38416666666666666 0.005 0.015
0 0.6491666666666667 0.38916666666666666 0.005833333333333334 0.015
4 0.8091666666666667 0.44083333333333335 0.018333333333333333 0.03833333333333333
4 0.7708333333333334 0.415 0.0125 0.028333333333333332
4 0.8733333333333333 0.415 0.011666666666666667 0.03
4 0.755 0.4008333333333333 0.01 0.0225
4 0.9125 0.4891666666666667 0.025833333333333333 0.059166666666666666
4 0.8508333333333333 0.4025 0.009166666666666667 0.024166666666666666
4 0.8233333333333334 0.38416666666666666 0.0075 0.0175
4 0.8075 0.3908333333333333 0.0075 0.019166666666666665
4 0.7908333333333334 0.39416666666666667 0.008333333333333333 0.02
4 0.7858333333333334 0.38666666666666666 0.006666666666666667 0.0175
4 0.7383333333333333 0.3825 0.005833333333333334 0.016666666666666666
4 0.8575 0.395 0.0075 0.018333333333333333