0 0.53 0.39666666666666667 0.008333333333333333 0.03666666666666667
4 0.72 0.475 0.0175 0.07416666666666667
4 0.7816666666666666 0.3883333333333333 0.008333333333333333 0.035
4 0.9025 0.715 0.0475 0.18833333333333332
4 0.7458333333333333 0.3525 0.004166666666666667 0.020833333333333332
4 0.8075 0.33416666666666667 0.0025 0.014166666666666666
0 0.9458333333333333 0.3575 0.004166666666666667 0.019166666666666665
0 0.6041666666666666 0.37916666666666665 0.008333333333333333 0.030833333333333334
0 0.9 0.3416666666666667 0.004166666666666667 0.014166666666666666
0 0.8791666666666667 0.3516666666666667 0.0033333333333333335 0.018333333333333333
4 0.7158333333333333 0.4083333333333333 0.010833333333333334 0.043333333333333335
4 0.7666666666666667 0.3433333333333333 0.0033333333333333335 0.0175
4 0.715 0.335 0.0025 0.013333333333333334
0 0.415 0.44416666666666665 0.014166666666666666 0.060833333333333336
0 0.6783333333333333 0.35583333333333333 0.004166666666666667 0.020833333333333332
4 0.73 0.3333333333333333 0.0025 0.010833333333333334
0 0.8641666666666666 0.335 0.0025 0.013333333333333334
0 0.6475 0.35 0.004166666666666667 0.019166666666666665
0 0.6358333333333334 0.34 0.0033333333333333335 0.015
0 0.6425 0.3358333333333333 0.0025 0.013333333333333334
0 0.68 0.37166666666666665 0.006666666666666667 0.025833333333333333
4 0.845 0.355 0.004166666666666667 0.020833333333333332
0 0.8358333333333333 0.3466666666666667 0.0033333333333333335 0.015
4 0.915 0.3625 0.004166666666666667 0.020833333333333332
0 0.6308333333333334 0.345 0.004166666666666667 0.018333333333333333
4 0.7066666666666667 0.3375 0.0025 0.014166666666666666
4 0.7958333333333333 0.3416666666666667 0.0033333333333333335 0.014166666666666666
4 0.7841666666666667 0.3475 0.0025 0.0175
0 0.2125 0.6291666666666667 0.0425 0.15416666666666667
0 0.8725 0.3441666666666667 0.0033333333333333335 0.016666666666666666
4 0.7858333333333334 0.35833333333333334 0.004166666666666667 0.021666666666666667
0 0.6608333333333334 0.3333333333333333 0.0025 0.011666666666666667
0 0.7116666666666667 0.3616666666666667 0.005833333333333334 0.025833333333333333
0 0.6758333333333333 0.3308333333333333 0.0025 0.013333333333333334
4 0.7091666666666666 0.3458333333333333 0.004166666666666667 0.021666666666666667
4 0.8233333333333334 0.37833333333333335 0.006666666666666667 0.030833333333333334
4 0.825 0.3675 0.006666666666666667 0.025833333333333333