0 0.16333333333333333 0.325 0.016666666666666666 0.06333333333333334
0 0.7275 0.335 0.008333333333333333 0.035
4 0.4825 0.3541666666666667 0.015 0.06
4 0.7575 0.365 0.011666666666666667 0.0475
4 0.6616666666666666 0.35083333333333333 0.011666666666666667 0.04583333333333333
0 0.31916666666666665 0.3025 0.011666666666666667 0.0475
0 0.875 0.3641666666666667 0.009166666666666667 0.03666666666666667
4 0.9208333333333333 0.3983333333333333 0.013333333333333334 0.04666666666666667
0 0.5875 0.31333333333333335 0.008333333333333333 0.035833333333333335
0 0.4533333333333333 0.3016666666666667 0.008333333333333333 0.03833333333333333
4 0.4325 0.44166666666666665 0.025 0.09333333333333334
4 0.43166666666666664 0.37916666666666665 0.020833333333333332 0.0725
4 0.5675 0.3466666666666667 0.0125 0.0525
4 0.5625 0.6341666666666667 0.05 0.18166666666666667