0 0.5091666666666667 0.6258333333333334 0.043333333333333335 0.06666666666666667
0 0.45 0.5058333333333334 0.0075 0.013333333333333334
0 0.4775 0.49333333333333335 0.005833333333333334 0.009166666666666667
0 0.49333333333333335 0.49833333333333335 0.006666666666666667 0.011666666666666667
4 0.4058333333333333 0.535 0.015833333333333335 0.025833333333333333
4 0.46166666666666667 0.5225 0.014166666666666666 0.020833333333333332
4 0.5241666666666667 0.5125 0.010833333333333334 0.0175
2 0.9166666666666666 0.5758333333333333 0.0375 0.04416666666666667
2 0.7366666666666667 0.6241666666666666 0.04833333333333333 0.06416666666666666
2 0.44166666666666665 0.5625 0.0275 0.03666666666666667
2 0.5358333333333334 0.505 0.008333333333333333 0.015
2 0.5583333333333333 0.5275 0.013333333333333334 0.020833333333333332