2 0.44083333333333335 0.33 0.013333333333333334 0.06166666666666667
4 0.07 0.43833333333333335 0.04 0.12416666666666666
2 0.4708333333333333 0.2633333333333333 0.006666666666666667 0.029166666666666667
2 0.7925 0.48583333333333334 0.0325 0.10666666666666667
2 0.5333333333333333 0.2708333333333333 0.006666666666666667 0.028333333333333332
2 0.44416666666666665 0.4691666666666667 0.0275 0.12166666666666667
2 0.5658333333333333 0.2966666666666667 0.008333333333333333 0.03666666666666667
2 0.43583333333333335 0.26 0.004166666666666667 0.029166666666666667
2 0.6275 0.3475 0.014166666666666666 0.0575
2 0.4375 0.2833333333333333 0.0075 0.03666666666666667
2 0.5041666666666667 0.2675 0.006666666666666667 0.028333333333333332
4 0.45416666666666666 0.6883333333333334 0.06166666666666667 0.22583333333333333