0 0.5033333333333333 0.27416666666666667 0.005833333333333334 0.025
0 0.7241666666666666 0.30583333333333335 0.006666666666666667 0.029166666666666667
0 0.8766666666666667 0.33666666666666667 0.008333333333333333 0.03166666666666667
4 0.5216666666666666 0.2916666666666667 0.006666666666666667 0.030833333333333334
4 0.09833333333333333 0.46166666666666667 0.04083333333333333 0.11916666666666667
0 0.6116666666666667 0.28833333333333333 0.006666666666666667 0.025833333333333333
4 0.17583333333333334 0.2475 0.006666666666666667 0.025833333333333333
0 0.24 0.24083333333333334 0.005833333333333334 0.020833333333333332
4 0.43416666666666665 0.2808333333333333 0.006666666666666667 0.030833333333333334
0 0.4125 0.2633333333333333 0.005833333333333334 0.024166666666666666
4 0.8658333333333333 0.3491666666666667 0.010833333333333334 0.0425
4 0.7616666666666667 0.7408333333333333 0.058333333333333334 0.20333333333333334
0 0.08333333333333333 0.22583333333333333 0.005 0.019166666666666665
4 0.6175 0.30333333333333334 0.0075 0.0325
4 0.10583333333333333 0.24166666666666667 0.006666666666666667 0.025
0 0.15833333333333333 0.23416666666666666 0.004166666666666667 0.020833333333333332
0 0.31333333333333335 0.25 0.005833333333333334 0.024166666666666666
4 0.7341666666666666 0.32416666666666666 0.010833333333333334 0.03666666666666667
4 0.2475 0.255 0.006666666666666667 0.025
4 0.33916666666666667 0.2683333333333333 0.006666666666666667 0.0275