4 0.06416666666666666 0.35583333333333333 0.0225 0.085
4 0.06 0.22416666666666665 0.009166666666666667 0.03166666666666667
4 0.5458333333333333 0.6408333333333334 0.04 0.1775
4 0.2816666666666667 0.4533333333333333 0.03 0.115
4 0.2275 0.23416666666666666 0.006666666666666667 0.025
4 0.2783333333333333 0.235 0.005 0.0225
4 0.30666666666666664 0.235 0.005 0.019166666666666665
0 0.11083333333333334 0.21583333333333332 0.006666666666666667 0.025
0 0.16166666666666665 0.21916666666666668 0.005833333333333334 0.0225
4 0.1575 0.23083333333333333 0.0075 0.028333333333333332
0 0.19 0.21916666666666668 0.005 0.021666666666666667
0 0.2225 0.22083333333333333 0.004166666666666667 0.019166666666666665
0 0.24 0.22083333333333333 0.005 0.018333333333333333
0 0.24833333333333332 0.22083333333333333 0.004166666666666667 0.020833333333333332
0 0.2525 0.215 0.0033333333333333335 0.016666666666666666
0 0.24583333333333332 0.2175 0.0033333333333333335 0.0175
0 0.2825 0.215 0.0033333333333333335 0.015
4 0.31916666666666665 0.2325 0.004166666666666667 0.019166666666666665
4 0.3233333333333333 0.23083333333333333 0.004166666666666667 0.019166666666666665
4 0.31583333333333335 0.22583333333333333 0.004166666666666667 0.018333333333333333
4 0.3258333333333333 0.22416666666666665 0.0025 0.016666666666666666
4 0.3466666666666667 0.22666666666666666 0.004166666666666667 0.016666666666666666
4 0.405 0.23416666666666666 0.004166666666666667 0.016666666666666666
4 0.4375 0.23833333333333334 0.004166666666666667 0.016666666666666666
4 0.47583333333333333 0.24333333333333335 0.0025 0.014166666666666666
0 0.3525 0.225 0.0025 0.013333333333333334
0 0.39 0.23 0.0033333333333333335 0.014166666666666666
0 0.41083333333333333 0.23333333333333334 0.0033333333333333335 0.014166666666666666
0 0.43333333333333335 0.235 0.0025 0.013333333333333334
0 0.4483333333333333 0.23583333333333334 0.0025 0.013333333333333334
0 0.4558333333333333 0.23583333333333334 0.0025 0.013333333333333334
0 0.4691666666666667 0.23666666666666666 0.0025 0.011666666666666667
4 0.495 0.24416666666666667 0.0025 0.013333333333333334
4 0.5033333333333333 0.24416666666666667 0.0025 0.013333333333333334
0 0.49916666666666665 0.24 0.0025 0.013333333333333334
4 0.5116666666666667 0.24416666666666667 0.0025 0.011666666666666667
4 0.53 0.24583333333333332 0.0025 0.011666666666666667
4 0.5516666666666666 0.24916666666666668 0.0025 0.011666666666666667
0 0.5675 0.25 0.0025 0.010833333333333334
4 0.5783333333333334 0.2525 0.0025 0.011666666666666667
4 0.6041666666666666 0.25666666666666665 0.0025 0.011666666666666667
0 0.6066666666666667 0.25666666666666665 0.0025 0.010833333333333334
4 0.6308333333333334 0.26166666666666666 0.0025 0.011666666666666667
0 0.6466666666666666 0.2633333333333333 0.0025 0.01
4 0.6608333333333334 0.2683333333333333 0.0025 0.011666666666666667
4 0.6766666666666666 0.2708333333333333 0.0025 0.011666666666666667
0 0.6841666666666667 0.2708333333333333 0.0025 0.011666666666666667
4 0.6933333333333334 0.2758333333333333 0.0025 0.013333333333333334
4 0.7033333333333334 0.28 0.0025 0.011666666666666667
4 0.71 0.2825 0.0025 0.013333333333333334
0 0.7158333333333333 0.2775 0.0025 0.011666666666666667
4 0.7241666666666666 0.2875 0.0033333333333333335 0.014166666666666666
0 0.7416666666666667 0.2841666666666667 0.0025 0.011666666666666667
0 0.7566666666666667 0.2891666666666667 0.0025 0.013333333333333334
0 0.765 0.29333333333333333 0.0025 0.014166666666666666
0 0.7775 0.295 0.0025 0.014166666666666666
4 0.77 0.2975 0.0033333333333333335 0.015
0 0.8016666666666666 0.3016666666666667 0.0025 0.014166666666666666
0 0.8283333333333334 0.30666666666666664 0.0033333333333333335 0.016666666666666666
4 0.8191666666666667 0.30833333333333335 0.0033333333333333335 0.015
0 0.8591666666666666 0.31333333333333335 0.004166666666666667 0.015
0 0.8908333333333334 0.31833333333333336 0.004166666666666667 0.015
4 0.93 0.33 0.004166666666666667 0.016666666666666666
0 0.95 0.3283333333333333 0.0025 0.0175
4 0.8725 0.31916666666666665 0.0033333333333333335 0.016666666666666666