4 0.43416666666666665 0.5266666666666666 0.03 0.10333333333333333
4 0.31666666666666665 0.435 0.018333333333333333 0.06416666666666666
4 0.22666666666666666 0.39166666666666666 0.011666666666666667 0.04666666666666667
4 0.14833333333333334 0.37083333333333335 0.01 0.03666666666666667
0 0.16416666666666666 0.3225 0.004166666666666667 0.0175
4 0.15 0.33416666666666667 0.004166666666666667 0.0225
4 0.0575 0.3275 0.004166666666666667 0.016666666666666666
4 0.09416666666666666 0.35583333333333333 0.008333333333333333 0.0325
4 0.7458333333333333 0.7616666666666667 0.025833333333333333 0.12416666666666666
0 0.050833333333333335 0.33916666666666667 0.0033333333333333335 0.021666666666666667
4 0.09 0.345 0.005 0.0275
0 0.11916666666666667 0.32916666666666666 0.005 0.020833333333333332
4 0.12583333333333332 0.32 0.0033333333333333335 0.016666666666666666
0 0.1475 0.32083333333333336 0.0033333333333333335 0.016666666666666666
0 0.05416666666666667 0.47583333333333333 0.010833333333333334 0.085
4 0.19833333333333333 0.3308333333333333 0.004166666666666667 0.021666666666666667
4 0.225 0.32 0.0033333333333333335 0.016666666666666666
4 0.24166666666666667 0.3275 0.004166666666666667 0.018333333333333333
4 0.24333333333333335 0.32416666666666666 0.004166666666666667 0.016666666666666666
4 0.18166666666666667 0.3175 0.004166666666666667 0.015
0 0.1025 0.32416666666666666 0.004166666666666667 0.0225