0 0.6066666666666667 0.5633333333333334 0.023333333333333334 0.10083333333333333
0 0.765 0.5133333333333333 0.021666666666666667 0.075
0 0.8833333333333333 0.48833333333333334 0.015833333333333335 0.060833333333333336
0 0.46 0.3983333333333333 0.009166666666666667 0.035833333333333335
0 0.33916666666666667 0.38666666666666666 0.008333333333333333 0.0325
0 0.6083333333333333 0.4041666666666667 0.01 0.035
4 0.30083333333333334 0.36833333333333335 0.005833333333333334 0.021666666666666667
0 0.69 0.4058333333333333 0.0075 0.028333333333333332
4 0.5266666666666666 0.38916666666666666 0.006666666666666667 0.021666666666666667
0 0.18666666666666668 0.365 0.006666666666666667 0.025
0 0.7333333333333333 0.4008333333333333 0.004166666666666667 0.019166666666666665
4 0.45166666666666666 0.3725 0.0033333333333333335 0.014166666666666666
4 0.6466666666666666 0.38416666666666666 0.004166666666666667 0.016666666666666666
4 0.5475 0.3775 0.0033333333333333335 0.013333333333333334
4 0.6566666666666666 0.38166666666666665 0.004166666666666667 0.016666666666666666
0 0.15166666666666667 0.35833333333333334 0.005 0.025
0 0.245 0.37416666666666665 0.008333333333333333 0.0275
0 0.915 0.4091666666666667 0.004166666666666667 0.016666666666666666
4 0.4008333333333333 0.38083333333333336 0.005 0.0175
0 0.8433333333333334 0.3958333333333333 0.004166666666666667 0.011666666666666667
4 0.63 0.3875 0.005 0.018333333333333333
0 0.8733333333333333 0.39916666666666667 0.005833333333333334 0.0175
0 0.215 0.7316666666666667 0.06583333333333333 0.21
0 0.56 0.37583333333333335 0.004166666666666667 0.011666666666666667
0 0.7808333333333334 0.38666666666666666 0.004166666666666667 0.015
4 0.7033333333333334 0.38166666666666665 0.004166666666666667 0.015
4 0.6016666666666667 0.3883333333333333 0.005833333333333334 0.025
0 0.14083333333333334 0.35583333333333333 0.005833333333333334 0.021666666666666667
0 0.165 0.3541666666666667 0.005 0.0225