1 0.4116666666666667 0.38333333333333336 0.028333333333333332 0.13666666666666666
1 0.45916666666666667 0.4125 0.03833333333333333 0.15333333333333332
4 0.4325 0.4225 0.025833333333333333 0.09166666666666666
2 0.285 0.31666666666666665 0.014166666666666666 0.05583333333333333
2 0.22083333333333333 0.27166666666666667 0.01 0.03916666666666667
2 0.1825 0.24666666666666667 0.0075 0.030833333333333334
2 0.16083333333333333 0.23 0.005833333333333334 0.025
2 0.14416666666666667 0.21833333333333332 0.005 0.021666666666666667
2 0.1325 0.20916666666666667 0.004166666666666667 0.018333333333333333
2 0.12333333333333334 0.20416666666666666 0.0033333333333333335 0.016666666666666666
2 0.11583333333333333 0.19833333333333333 0.0025 0.014166666666666666
2 0.11083333333333334 0.19416666666666665 0.0025 0.014166666666666666
2 0.10583333333333333 0.19083333333333333 0.0016666666666666668 0.011666666666666667
2 0.1025 0.18833333333333332 0.0025 0.010833333333333334
2 0.09916666666666667 0.185 0.0025 0.010833333333333334
2 0.09583333333333334 0.1825 0.0025 0.010833333333333334
2 0.0925 0.18083333333333335 0.0016666666666666668 0.008333333333333333
2 0.09083333333333334 0.17916666666666667 0.0016666666666666668 0.008333333333333333