0 0.9233333333333333 0.5233333333333333 0.023333333333333334 0.08333333333333333
0 0.6566666666666666 0.535 0.03 0.10083333333333333
0 0.7075 0.38416666666666666 0.0075 0.03166666666666667
0 0.8183333333333334 0.4008333333333333 0.0075 0.035833333333333335
0 0.55 0.35833333333333334 0.005 0.018333333333333333
0 0.5791666666666667 0.365 0.005 0.018333333333333333
4 0.6716666666666666 0.36916666666666664 0.005 0.0225
4 0.7633333333333333 0.38166666666666665 0.005 0.024166666666666666
0 0.8791666666666667 0.38416666666666666 0.004166666666666667 0.014166666666666666
0 0.5391666666666667 0.35583333333333333 0.004166666666666667 0.016666666666666666
4 0.8925 0.3958333333333333 0.005833333333333334 0.025833333333333333
0 0.6275 0.37 0.0075 0.0275
4 0.6225 0.3616666666666667 0.0033333333333333335 0.0175
4 0.9283333333333333 0.39166666666666666 0.004166666666666667 0.016666666666666666
0 0.5575 0.35583333333333333 0.004166666666666667 0.014166666666666666
4 0.8666666666666667 0.385 0.0025 0.013333333333333334
0 0.16416666666666666 0.7683333333333333 0.03833333333333333 0.1575
0 0.6183333333333333 0.36 0.004166666666666667 0.015