0 0.13916666666666666 0.6883333333333334 0.0725 0.16333333333333333
0 0.15333333333333332 0.5183333333333333 0.035833333333333335 0.07833333333333334
0 0.10416666666666667 0.46416666666666667 0.025833333333333333 0.055
0 0.7441666666666666 0.4008333333333333 0.009166666666666667 0.021666666666666667
0 0.11583333333333333 0.3875 0.008333333333333333 0.014166666666666666
0 0.22666666666666666 0.38333333333333336 0.008333333333333333 0.013333333333333334
0 0.36333333333333334 0.37833333333333335 0.006666666666666667 0.011666666666666667
0 0.5066666666666667 0.37833333333333335 0.006666666666666667 0.011666666666666667
4 0.815 0.5683333333333334 0.05333333333333334 0.105
4 0.4075 0.43 0.0175 0.04083333333333333
4 0.525 0.4675 0.025833333333333333 0.06
4 0.3375 0.415 0.015833333333333335 0.03333333333333333
4 0.2025 0.41333333333333333 0.015 0.03166666666666667
4 0.8625 0.38416666666666666 0.006666666666666667 0.015
4 0.85 0.38 0.005833333333333334 0.014166666666666666
4 0.92 0.415 0.009166666666666667 0.025833333333333333
4 0.9158333333333334 0.41083333333333333 0.006666666666666667 0.0225
4 0.9066666666666666 0.4058333333333333 0.0075 0.021666666666666667
4 0.8941666666666667 0.4025 0.005833333333333334 0.0175
4 0.8866666666666667 0.3958333333333333 0.005833333333333334 0.0175
4 0.8775 0.39 0.005 0.015833333333333335
4 0.8375 0.3775 0.005 0.014166666666666666
4 0.8208333333333333 0.37416666666666665 0.0033333333333333335 0.010833333333333334
4 0.7941666666666667 0.3725 0.0033333333333333335 0.01
4 0.7608333333333334 0.36916666666666664 0.0033333333333333335 0.01
4 0.7391666666666666 0.3983333333333333 0.0075 0.021666666666666667
4 0.7391666666666666 0.37333333333333335 0.0033333333333333335 0.011666666666666667
4 0.72 0.36916666666666664 0.004166666666666667 0.016666666666666666
4 0.6816666666666666 0.36833333333333335 0.0033333333333333335 0.014166666666666666