0 0.39166666666666666 0.4866666666666667 0.024166666666666666 0.08166666666666667
0 0.1775 0.6183333333333333 0.043333333333333335 0.15333333333333332
4 0.6666666666666666 0.41 0.01 0.04
0 0.31166666666666665 0.42083333333333334 0.0125 0.05416666666666667
4 0.9208333333333333 0.4666666666666667 0.016666666666666666 0.060833333333333336
4 0.7066666666666667 0.58 0.0325 0.11666666666666667
0 0.42583333333333334 0.3525 0.005 0.020833333333333332
0 0.8566666666666667 0.41833333333333333 0.009166666666666667 0.03833333333333333
0 0.9033333333333333 0.4083333333333333 0.006666666666666667 0.0275
0 0.8116666666666666 0.3958333333333333 0.006666666666666667 0.028333333333333332
4 0.6183333333333333 0.39166666666666666 0.008333333333333333 0.03333333333333333
4 0.8191666666666667 0.38666666666666666 0.005 0.020833333333333332
0 0.6883333333333334 0.36666666666666664 0.005 0.019166666666666665
0 0.92 0.39666666666666667 0.005 0.019166666666666665
4 0.4475 0.3775 0.0075 0.030833333333333334
4 0.605 0.46166666666666667 0.019166666666666665 0.0675
4 0.8941666666666667 0.395 0.005 0.0225
0 0.3025 0.38666666666666666 0.009166666666666667 0.04
0 0.3175 0.3675 0.0075 0.030833333333333334
4 0.545 0.36083333333333334 0.005 0.021666666666666667
0 0.6091666666666666 0.3566666666666667 0.004166666666666667 0.0175
4 0.88 0.39916666666666667 0.005833333333333334 0.021666666666666667
4 0.7583333333333333 0.43666666666666665 0.0125 0.049166666666666664
2 0.07083333333333333 0.325 0.004166666666666667 0.021666666666666667
0 0.755 0.3975 0.005 0.0325
4 0.6533333333333333 0.36666666666666664 0.004166666666666667 0.020833333333333332
0 0.7766666666666666 0.37833333333333335 0.004166666666666667 0.0175
2 0.1175 0.3225 0.004166666666666667 0.018333333333333333
0 0.3641666666666667 0.3566666666666667 0.006666666666666667 0.024166666666666666
4 0.6983333333333334 0.37916666666666665 0.005833333333333334 0.025
4 0.7866666666666666 0.3858333333333333 0.005 0.024166666666666666
0 0.5408333333333334 0.3525 0.004166666666666667 0.016666666666666666
4 0.6375 0.38166666666666665 0.0075 0.0275
4 0.7341666666666666 0.37583333333333335 0.005 0.0225
2 0.17 0.32166666666666666 0.0025 0.015
4 0.585 0.36 0.005 0.018333333333333333
4 0.5066666666666667 0.42083333333333334 0.011666666666666667 0.04666666666666667
4 0.4575 0.39416666666666667 0.008333333333333333 0.03666666666666667
4 0.46166666666666667 0.36666666666666664 0.0075 0.030833333333333334
0 0.8508333333333333 0.38666666666666666 0.005833333333333334 0.0225