0 0.36666666666666664 0.5008333333333334 0.005833333333333334 0.009166666666666667
0 0.34 0.5033333333333333 0.006666666666666667 0.010833333333333334
0 0.33416666666666667 0.51 0.008333333333333333 0.0125
0 0.3675 0.52 0.01 0.016666666666666666
0 0.1625 0.5341666666666667 0.016666666666666666 0.025833333333333333
0 0.42916666666666664 0.5008333333333334 0.005 0.008333333333333333
0 0.485 0.5016666666666667 0.005 0.008333333333333333
0 0.5308333333333334 0.5041666666666667 0.005 0.008333333333333333
0 0.5691666666666667 0.5058333333333334 0.005 0.009166666666666667
0 0.5791666666666667 0.5208333333333334 0.009166666666666667 0.015
0 0.6133333333333333 0.5091666666666667 0.005 0.009166666666666667
0 0.6041666666666666 0.5441666666666667 0.015833333333333335 0.025
0 0.465 0.5266666666666666 0.0125 0.02
0 0.45666666666666667 0.565 0.023333333333333334 0.035833333333333335
0 0.7708333333333334 0.5225 0.009166666666666667 0.015
0 0.7641666666666667 0.5633333333333334 0.021666666666666667 0.03166666666666667
0 0.7741666666666667 0.7183333333333334 0.07 0.1075
0 0.8775 0.5458333333333333 0.016666666666666666 0.021666666666666667
0 0.9425 0.5366666666666666 0.013333333333333334 0.0175
4 0.2575 0.5116666666666667 0.009166666666666667 0.015
4 0.14416666666666667 0.52 0.0125 0.019166666666666665
4 0.41333333333333333 0.5091666666666667 0.0075 0.0125
4 0.56 0.5158333333333334 0.008333333333333333 0.013333333333333334
4 0.5 0.53 0.0125 0.02
4 0.5 0.605 0.04 0.055
4 0.6825 0.5216666666666666 0.010833333333333334 0.014166666666666666
4 0.7533333333333333 0.5266666666666666 0.010833333333333334 0.016666666666666666
2 0.26666666666666666 0.515 0.01 0.015833333333333335
2 0.27666666666666667 0.5333333333333333 0.014166666666666666 0.023333333333333334
2 0.13 0.57 0.03 0.04
2 0.39166666666666666 0.5108333333333334 0.008333333333333333 0.013333333333333334
2 0.4791666666666667 0.5108333333333334 0.006666666666666667 0.011666666666666667
2 0.5866666666666667 0.5283333333333333 0.011666666666666667 0.018333333333333333
2 0.3858333333333333 0.7733333333333333 0.075 0.13583333333333333
2 0.6691666666666667 0.5783333333333334 0.024166666666666666 0.03833333333333333
2 0.69 0.5425 0.015833333333333335 0.023333333333333334