0 0.115 0.2925 0.010833333333333334 0.043333333333333335
0 0.305 0.26916666666666667 0.005 0.024166666666666666
0 0.18166666666666667 0.275 0.0075 0.035
0 0.38166666666666665 0.2758333333333333 0.0033333333333333335 0.020833333333333332
0 0.45 0.28 0.004166666666666667 0.020833333333333332
4 0.3258333333333333 0.30416666666666664 0.0075 0.03833333333333333
4 0.9108333333333334 0.37083333333333335 0.005833333333333334 0.020833333333333332
4 0.3425 0.28833333333333333 0.005833333333333334 0.029166666666666667
4 0.3925 0.2866666666666667 0.005833333333333334 0.025833333333333333
4 0.41 0.44083333333333335 0.020833333333333332 0.08833333333333333
4 0.7608333333333334 0.7683333333333333 0.051666666666666666 0.15666666666666668
1 0.8933333333333333 0.3475 0.005833333333333334 0.028333333333333332
0 0.24416666666666667 0.2683333333333333 0.005833333333333334 0.0275
4 0.4741666666666667 0.29333333333333333 0.004166666666666667 0.024166666666666666
4 0.3441666666666667 0.34 0.011666666666666667 0.0525
0 0.34833333333333333 0.22583333333333333 0.0016666666666666668 0.011666666666666667
0 0.93 0.3641666666666667 0.0033333333333333335 0.0175
4 0.8633333333333333 0.35333333333333333 0.0033333333333333335 0.0175
0 0.8375 0.33416666666666667 0.0025 0.014166666666666666
0 0.495 0.2808333333333333 0.0025 0.016666666666666666
1 0.8791666666666667 0.3433333333333333 0.004166666666666667 0.025833333333333333
4 0.76 0.31166666666666665 0.0025 0.013333333333333334
4 0.34 0.21833333333333332 0.0016666666666666668 0.010833333333333334
4 0.78 0.31916666666666665 0.0025 0.013333333333333334
0 0.5091666666666667 0.265 0.0025 0.013333333333333334
4 0.5825 0.2841666666666667 0.0033333333333333335 0.016666666666666666
0 0.24083333333333334 0.19916666666666666 0.0016666666666666668 0.010833333333333334
0 0.3175 0.21833333333333332 0.0025 0.010833333333333334
0 0.8575 0.3416666666666667 0.0025 0.014166666666666666
0 0.43916666666666665 0.24416666666666667 0.0016666666666666668 0.011666666666666667
4 0.8025 0.3283333333333333 0.0025 0.015
4 0.37833333333333335 0.2275 0.0016666666666666668 0.010833333333333334
4 0.0575 0.15916666666666668 0.0016666666666666668 0.01
0 0.515 0.2758333333333333 0.0025 0.016666666666666666
4 0.7416666666666667 0.30583333333333335 0.0025 0.011666666666666667
4 0.42333333333333334 0.23666666666666666 0.0016666666666666668 0.01
4 0.5591666666666667 0.2708333333333333 0.0025 0.011666666666666667
4 0.5466666666666666 0.2975 0.0025 0.018333333333333333
4 0.6783333333333333 0.2833333333333333 0.0016666666666666668 0.010833333333333334
1 0.8183333333333334 0.3308333333333333 0.004166666666666667 0.025833333333333333
4 0.5308333333333334 0.26 0.0016666666666666668 0.011666666666666667
0 0.3908333333333333 0.235 0.0025 0.013333333333333334
0 0.7633333333333333 0.30666666666666664 0.0016666666666666668 0.010833333333333334
4 0.5858333333333333 0.2941666666666667 0.0025 0.016666666666666666
0 0.085 0.17083333333333334 0.0025 0.011666666666666667
0 0.20416666666666666 0.1925 0.0016666666666666668 0.010833333333333334
0 0.285 0.20833333333333334 0.0016666666666666668 0.010833333333333334
0 0.7916666666666666 0.31666666666666665 0.0016666666666666668 0.011666666666666667
4 0.26 0.2 0.0016666666666666668 0.010833333333333334
4 0.7266666666666667 0.3 0.0016666666666666668 0.010833333333333334
4 0.8258333333333333 0.3375 0.0025 0.016666666666666666
4 0.0825 0.16666666666666666 0.0016666666666666668 0.010833333333333334
1 0.8308333333333333 0.335 0.004166666666666667 0.0275
0 0.265 0.19583333333333333 0.0016666666666666668 0.008333333333333333
0 0.4875 0.255 0.0016666666666666668 0.011666666666666667
4 0.45166666666666666 0.23083333333333333 0.0016666666666666668 0.01
0 0.6708333333333333 0.2791666666666667 0.0016666666666666668 0.01
0 0.7008333333333333 0.28583333333333333 0.0016666666666666668 0.008333333333333333
0 0.7341666666666666 0.295 0.0025 0.01
0 0.8166666666666667 0.3275 0.0025 0.013333333333333334
0 0.8841666666666667 0.3491666666666667 0.0033333333333333335 0.016666666666666666
4 0.22166666666666668 0.19 0.0016666666666666668 0.008333333333333333
4 0.29583333333333334 0.20333333333333334 0.0008333333333333334 0.008333333333333333
0 0.12916666666666668 0.1775 0.0016666666666666668 0.01
4 0.3958333333333333 0.22166666666666668 0.0016666666666666668 0.008333333333333333
4 0.31333333333333335 0.21166666666666667 0.0016666666666666668 0.01
4 0.325 0.20833333333333334 0.0008333333333333334 0.0075
4 0.17666666666666667 0.17916666666666667 0.0008333333333333334 0.008333333333333333
4 0.14416666666666667 0.1775 0.0016666666666666668 0.008333333333333333
4 0.09416666666666666 0.16666666666666666 0.0016666666666666668 0.008333333333333333
4 0.6141666666666666 0.265 0.0016666666666666668 0.01
4 0.3625 0.215 0.0008333333333333334 0.008333333333333333
0 0.165 0.185 0.0016666666666666668 0.01
0 0.05 0.15583333333333332 0.0025 0.006666666666666667
0 0.185 0.18083333333333335 0.0008333333333333334 0.0075
4 0.7075 0.29333333333333333 0.0016666666666666668 0.01
4 0.48333333333333334 0.23833333333333334 0.0016666666666666668 0.008333333333333333
4 0.6491666666666667 0.27416666666666667 0.0016666666666666668 0.0075
0 0.375 0.215 0.0016666666666666668 0.008333333333333333
0 0.3016666666666667 0.20083333333333334 0.0008333333333333334 0.008333333333333333
4 0.485 0.25083333333333335 0.0016666666666666668 0.01
4 0.12833333333333333 0.17083333333333334 0.0016666666666666668 0.0075
0 0.13833333333333334 0.17083333333333334 0.0016666666666666668 0.0075
0 0.33416666666666667 0.20833333333333334 0.0016666666666666668 0.0075
0 0.4083333333333333 0.22166666666666668 0.0016666666666666668 0.006666666666666667
4 0.4241666666666667 0.22666666666666666 0.0008333333333333334 0.0075
0 0.445 0.2275 0.0016666666666666668 0.008333333333333333
0 0.48 0.23666666666666666 0.0008333333333333334 0.0075
4 0.5116666666666667 0.24333333333333335 0.0016666666666666668 0.008333333333333333
4 0.5441666666666667 0.25083333333333335 0.0008333333333333334 0.0075
0 0.5558333333333333 0.25333333333333335 0.0008333333333333334 0.006666666666666667
4 0.5725 0.2575 0.0008333333333333334 0.006666666666666667
0 0.5941666666666666 0.26166666666666666 0.0008333333333333334 0.006666666666666667
0 0.6358333333333334 0.2708333333333333 0.0016666666666666668 0.0075