0 0.4625 0.32416666666666666 0.010833333333333334 0.04583333333333333
0 0.3075 0.3425 0.019166666666666665 0.065
0 0.07583333333333334 0.43333333333333335 0.03916666666666667 0.11916666666666667
4 0.6891666666666667 0.36833333333333335 0.0125 0.049166666666666664
4 0.5041666666666667 0.39916666666666667 0.019166666666666665 0.07583333333333334
0 0.8883333333333333 0.37583333333333335 0.009166666666666667 0.035
0 0.7366666666666667 0.3475 0.008333333333333333 0.035833333333333335
4 0.45166666666666666 0.49916666666666665 0.03166666666666667 0.125
4 0.5916666666666667 0.37083333333333335 0.016666666666666666 0.056666666666666664
4 0.9333333333333333 0.405 0.0125 0.04666666666666667
4 0.8016666666666666 0.38 0.0125 0.04416666666666667
0 0.5983333333333334 0.33 0.0075 0.03833333333333333