4 0.28833333333333333 0.3416666666666667 0.016666666666666666 0.0675
0 0.059166666666666666 0.20166666666666666 0.005833333333333334 0.020833333333333332
4 0.095 0.2683333333333333 0.0125 0.0475
4 0.20583333333333334 0.3016666666666667 0.015 0.05583333333333333
4 0.07416666666666667 0.21 0.005833333333333334 0.025
0 0.1125 0.20666666666666667 0.005 0.021666666666666667
4 0.3466666666666667 0.4116666666666667 0.025833333333333333 0.09333333333333334
4 0.7291666666666666 0.2866666666666667 0.0033333333333333335 0.015
4 0.3175 0.2175 0.0025 0.013333333333333334
0 0.22916666666666666 0.2125 0.0033333333333333335 0.016666666666666666
0 0.325 0.21666666666666667 0.0025 0.010833333333333334
4 0.8808333333333334 0.315 0.004166666666666667 0.015
4 0.36916666666666664 0.22416666666666665 0.0025 0.011666666666666667
0 0.1775 0.21 0.005 0.018333333333333333
0 0.3775 0.22416666666666665 0.0025 0.011666666666666667
0 0.8508333333333333 0.30666666666666664 0.0033333333333333335 0.013333333333333334
4 0.8233333333333334 0.305 0.004166666666666667 0.016666666666666666
4 0.5841666666666666 0.25166666666666665 0.0025 0.011666666666666667
0 0.35833333333333334 0.2225 0.0025 0.011666666666666667
4 0.6233333333333333 0.25916666666666666 0.0025 0.011666666666666667
4 0.6541666666666667 0.2708333333333333 0.0033333333333333335 0.010833333333333334
4 0.49083333333333334 0.2375 0.0025 0.011666666666666667
4 0.29833333333333334 0.21583333333333332 0.0025 0.011666666666666667
0 0.7441666666666666 0.2875 0.0025 0.014166666666666666
1 0.5733333333333334 0.615 0.07 0.30583333333333335
4 0.2758333333333333 0.2225 0.004166666666666667 0.016666666666666666
4 0.645 0.26666666666666666 0.0033333333333333335 0.011666666666666667
4 0.9216666666666666 0.32416666666666666 0.004166666666666667 0.0175
0 0.22083333333333333 0.2125 0.004166666666666667 0.016666666666666666
4 0.435 0.2325 0.0025 0.013333333333333334
1 0.665 0.6833333333333333 0.07666666666666666 0.3258333333333333
0 0.91 0.31833333333333336 0.0033333333333333335 0.015
4 0.56 0.24666666666666667 0.0025 0.010833333333333334
4 0.7741666666666667 0.2966666666666667 0.0033333333333333335 0.015
0 0.695 0.27666666666666667 0.0025 0.011666666666666667
0 0.15333333333333332 0.20833333333333334 0.004166666666666667 0.0175
4 0.29333333333333333 0.22083333333333333 0.0033333333333333335 0.013333333333333334
4 0.5358333333333334 0.24333333333333335 0.0025 0.010833333333333334
0 0.7983333333333333 0.2975 0.0033333333333333335 0.013333333333333334
0 0.5283333333333333 0.24166666666666667 0.0016666666666666668 0.008333333333333333
0 0.42083333333333334 0.2275 0.0016666666666666668 0.010833333333333334
0 0.26166666666666666 0.20833333333333334 0.004166666666666667 0.013333333333333334
4 0.6091666666666666 0.25666666666666665 0.0025 0.011666666666666667
0 0.20583333333333334 0.21333333333333335 0.0033333333333333335 0.018333333333333333
4 0.6358333333333334 0.26166666666666666 0.0025 0.013333333333333334
4 0.25083333333333335 0.22083333333333333 0.005 0.018333333333333333
0 0.6808333333333333 0.27 0.0025 0.011666666666666667
4 0.28833333333333333 0.22083333333333333 0.0033333333333333335 0.016666666666666666
4 0.69 0.2791666666666667 0.0033333333333333335 0.011666666666666667
4 0.15 0.21666666666666667 0.005 0.0225
4 0.4533333333333333 0.23333333333333334 0.0025 0.011666666666666667
0 0.2925 0.21416666666666667 0.0033333333333333335 0.010833333333333334
0 0.235 0.20833333333333334 0.004166666666666667 0.014166666666666666
0 0.3983333333333333 0.22416666666666665 0.0025 0.01
0 0.6016666666666667 0.25416666666666665 0.0025 0.01
0 0.7225 0.2833333333333333 0.0025 0.014166666666666666
0 0.7708333333333334 0.29333333333333333 0.0033333333333333335 0.014166666666666666
0 0.7033333333333334 0.2775 0.0025 0.011666666666666667
4 0.39916666666666667 0.23 0.0025 0.011666666666666667
4 0.6408333333333334 0.2658333333333333 0.0025 0.011666666666666667
0 0.6608333333333334 0.2658333333333333 0.0025 0.01
4 0.2075 0.22 0.005 0.020833333333333332
0 0.41333333333333333 0.22666666666666666 0.0025 0.011666666666666667
4 0.4633333333333333 0.23416666666666666 0.0025 0.011666666666666667
4 0.4725 0.23416666666666666 0.0025 0.01
0 0.49416666666666664 0.23583333333333334 0.0016666666666666668 0.010833333333333334
4 0.5116666666666667 0.24 0.0025 0.010833333333333334
4 0.61 0.7091666666666666 0.0575 0.21
0 0.565 0.2475 0.0016666666666666668 0.01
0 0.69 0.27416666666666667 0.0025 0.011666666666666667
0 0.6341666666666667 0.26 0.0025 0.010833333333333334
0 0.2275 0.20916666666666667 0.0033333333333333335 0.014166666666666666
4 0.2891666666666667 0.21666666666666667 0.0033333333333333335 0.016666666666666666