4 0.5208333333333334 0.4816666666666667 0.020833333333333332 0.08666666666666667
0 0.08916666666666667 0.3675 0.01 0.03916666666666667
0 0.07083333333333333 0.5275 0.03666666666666667 0.11416666666666667
0 0.905 0.4041666666666667 0.0125 0.0475
4 0.565 0.39166666666666666 0.011666666666666667 0.043333333333333335
4 0.2758333333333333 0.3516666666666667 0.0075 0.029166666666666667
0 0.085 0.7758333333333334 0.03166666666666667 0.14416666666666667
0 0.6016666666666667 0.36833333333333335 0.008333333333333333 0.0325
4 0.3325 0.3308333333333333 0.005833333333333334 0.021666666666666667
0 0.7316666666666667 0.38166666666666665 0.01 0.04
4 0.48 0.3541666666666667 0.0075 0.030833333333333334
0 0.5891666666666666 0.35333333333333333 0.006666666666666667 0.028333333333333332
0 0.2375 0.3333333333333333 0.005833333333333334 0.024166666666666666
4 0.2608333333333333 0.36916666666666664 0.01 0.03833333333333333
4 0.4683333333333333 0.37083333333333335 0.008333333333333333 0.03666666666666667
0 0.5683333333333334 0.33166666666666667 0.004166666666666667 0.019166666666666665
0 0.056666666666666664 0.43583333333333335 0.015 0.065
0 0.19166666666666668 0.3408333333333333 0.006666666666666667 0.025
0 0.1875 0.3283333333333333 0.004166666666666667 0.021666666666666667
4 0.28833333333333333 0.3258333333333333 0.004166666666666667 0.019166666666666665
0 0.17166666666666666 0.3225 0.004166666666666667 0.019166666666666665
0 0.2791666666666667 0.31416666666666665 0.004166666666666667 0.015
4 0.8641666666666666 0.6758333333333333 0.0525 0.18083333333333335
0 0.15083333333333335 0.3491666666666667 0.0075 0.030833333333333334
4 0.255 0.32416666666666666 0.004166666666666667 0.0175
4 0.2991666666666667 0.3175 0.0033333333333333335 0.015
0 0.4175 0.31333333333333335 0.0025 0.014166666666666666
4 0.495 0.33166666666666667 0.0033333333333333335 0.019166666666666665
0 0.21416666666666667 0.31583333333333335 0.004166666666666667 0.016666666666666666
4 0.4766666666666667 0.32083333333333336 0.0033333333333333335 0.015
4 0.44166666666666665 0.31833333333333336 0.0033333333333333335 0.014166666666666666
0 0.5616666666666666 0.32666666666666666 0.004166666666666667 0.016666666666666666
0 0.5416666666666666 0.3225 0.004166666666666667 0.015
4 0.3233333333333333 0.3383333333333333 0.005833333333333334 0.025833333333333333
4 0.8225 0.3275 0.0033333333333333335 0.015
4 0.49166666666666664 0.3258333333333333 0.0025 0.016666666666666666
0 0.5116666666666667 0.31916666666666665 0.0033333333333333335 0.014166666666666666
4 0.4025 0.3175 0.0033333333333333335 0.013333333333333334
4 0.28 0.3908333333333333 0.015 0.04666666666666667
0 0.585 0.3408333333333333 0.005833333333333334 0.0225
4 0.49166666666666664 0.3433333333333333 0.005833333333333334 0.0225
4 0.2575 0.32 0.0025 0.016666666666666666
4 0.3491666666666667 0.42083333333333334 0.018333333333333333 0.058333333333333334
4 0.7666666666666667 0.43083333333333335 0.019166666666666665 0.060833333333333336