0 0.6158333333333333 0.2758333333333333 0.010833333333333334 0.04583333333333333
0 0.09 0.3275 0.0125 0.03833333333333333
0 0.42583333333333334 0.27416666666666667 0.009166666666666667 0.03666666666666667
0 0.6958333333333333 0.29583333333333334 0.013333333333333334 0.0575
0 0.195 0.305 0.010833333333333334 0.035833333333333335
0 0.7408333333333333 0.4533333333333333 0.028333333333333332 0.12833333333333333
0 0.315 0.285 0.008333333333333333 0.035833333333333335
0 0.5225 0.27 0.009166666666666667 0.04
4 0.5883333333333334 0.24916666666666668 0.008333333333333333 0.035833333333333335
4 0.32916666666666666 0.26916666666666667 0.0075 0.03166666666666667
4 0.18333333333333332 0.2925 0.008333333333333333 0.030833333333333334
4 0.465 0.255 0.008333333333333333 0.03166666666666667
4 0.0525 0.31916666666666665 0.0075 0.035
2 0.8741666666666666 0.22416666666666665 0.008333333333333333 0.03333333333333333
2 0.8833333333333333 0.2075 0.006666666666666667 0.025833333333333333
0 0.5108333333333334 0.6675 0.060833333333333336 0.22416666666666665
2 0.92 0.195 0.006666666666666667 0.0225
4 0.7175 0.2525 0.01 0.03916666666666667
4 0.8466666666666667 0.2708333333333333 0.013333333333333334 0.05
1 0.7558333333333334 0.3908333333333333 0.0275 0.18333333333333332
2 0.89 0.19583333333333333 0.005 0.0225
1 0.7116666666666667 0.45166666666666666 0.05333333333333334 0.23166666666666666
2 0.8566666666666667 0.25166666666666665 0.0125 0.0425
0 0.7583333333333333 0.3433333333333333 0.011666666666666667 0.08083333333333333