0 0.5533333333333333 0.24416666666666667 0.0075 0.03333333333333333
0 0.6475 0.22416666666666665 0.0075 0.029166666666666667
0 0.7591666666666667 0.21 0.0075 0.028333333333333332
4 0.7425 0.23083333333333333 0.008333333333333333 0.035
0 0.4925 0.49666666666666665 0.034166666666666665 0.14166666666666666
0 0.8858333333333334 0.20083333333333334 0.0075 0.029166666666666667
0 0.47833333333333333 0.2725 0.009166666666666667 0.041666666666666664
4 0.6633333333333333 0.26166666666666666 0.010833333333333334 0.04416666666666667
4 0.8658333333333333 0.3308333333333333 0.020833333333333332 0.085
0 0.5075 0.4008333333333333 0.023333333333333334 0.09916666666666667
4 0.9 0.21666666666666667 0.01 0.03666666666666667
4 0.8033333333333333 0.2225 0.008333333333333333 0.03333333333333333
0 0.455 0.31666666666666665 0.014166666666666666 0.058333333333333334
4 0.6875 0.24333333333333335 0.008333333333333333 0.03916666666666667
4 0.6875 0.28 0.0125 0.049166666666666664
0 0.31666666666666665 0.7508333333333334 0.0425 0.19166666666666668