0 0.3408333333333333 0.4508333333333333 0.0225 0.05333333333333334
0 0.13333333333333333 0.435 0.023333333333333334 0.045
0 0.10416666666666667 0.7491666666666666 0.059166666666666666 0.205
0 0.3541666666666667 0.5358333333333334 0.04583333333333333 0.0925
0 0.17333333333333334 0.385 0.011666666666666667 0.016666666666666666
0 0.35833333333333334 0.3775 0.010833333333333334 0.016666666666666666
0 0.48083333333333333 0.37166666666666665 0.009166666666666667 0.015
0 0.7725 0.3825 0.014166666666666666 0.0175
0 0.695 0.37583333333333335 0.0125 0.014166666666666666
0 0.6041666666666666 0.36833333333333335 0.010833333333333334 0.014166666666666666
4 0.42083333333333334 0.4058333333333333 0.016666666666666666 0.03666666666666667
4 0.73 0.44 0.025 0.049166666666666664
4 0.26666666666666666 0.3983333333333333 0.015833333333333335 0.03333333333333333
4 0.5658333333333333 0.42 0.018333333333333333 0.04