0 0.14 0.38666666666666666 0.016666666666666666 0.06666666666666667
0 0.7775 0.3308333333333333 0.018333333333333333 0.07583333333333334
0 0.30333333333333334 0.275 0.0075 0.030833333333333334
0 0.2275 0.295 0.0075 0.03333333333333333
0 0.12083333333333333 0.3525 0.013333333333333334 0.0525
4 0.5691666666666667 0.2275 0.005833333333333334 0.024166666666666666
0 0.1625 0.32083333333333336 0.011666666666666667 0.041666666666666664
0 0.37166666666666665 0.26166666666666666 0.006666666666666667 0.0275
0 0.2758333333333333 0.4083333333333333 0.023333333333333334 0.08583333333333333
0 0.53 0.38916666666666666 0.02666666666666667 0.09166666666666666
0 0.6333333333333333 0.23416666666666666 0.006666666666666667 0.029166666666666667
0 0.46166666666666667 0.2475 0.005833333333333334 0.025833333333333333
4 0.8825 0.22833333333333333 0.008333333333333333 0.035
0 0.5516666666666666 0.23833333333333334 0.005833333333333334 0.0275
4 0.2525 0.2733333333333333 0.006666666666666667 0.0275
4 0.3433333333333333 0.25583333333333336 0.005 0.025
0 0.7116666666666667 0.23583333333333334 0.008333333333333333 0.0325
4 0.6733333333333333 0.2225 0.006666666666666667 0.025
1 0.8341666666666666 0.2808333333333333 0.025833333333333333 0.1025
0 0.7808333333333334 0.24583333333333332 0.009166666666666667 0.035
4 0.14416666666666667 0.30083333333333334 0.0075 0.03166666666666667
4 0.45666666666666667 0.23833333333333334 0.004166666666666667 0.024166666666666666
2 0.9375 0.18416666666666667 0.004166666666666667 0.018333333333333333
2 0.8991666666666667 0.20416666666666666 0.005833333333333334 0.025833333333333333
2 0.9058333333333334 0.19333333333333333 0.004166666666666667 0.021666666666666667
2 0.9116666666666666 0.18583333333333332 0.0033333333333333335 0.0175
2 0.8891666666666667 0.22 0.0075 0.03166666666666667
4 0.7808333333333334 0.2225 0.006666666666666667 0.029166666666666667
0 0.8433333333333334 0.2891666666666667 0.009166666666666667 0.058333333333333334
1 0.8441666666666666 0.26666666666666666 0.0125 0.0925
4 0.6183333333333333 0.6141666666666666 0.05583333333333333 0.2