0 0.1225 0.32166666666666666 0.01 0.03916666666666667
0 0.22 0.29583333333333334 0.008333333333333333 0.03333333333333333
0 0.59 0.24916666666666668 0.0075 0.0325
0 0.3016666666666667 0.2791666666666667 0.008333333333333333 0.03166666666666667
0 0.32666666666666666 0.5166666666666667 0.041666666666666664 0.14166666666666666
4 0.8691666666666666 0.24416666666666667 0.010833333333333334 0.0425
0 0.7125 0.4116666666666667 0.03166666666666667 0.11166666666666666
0 0.6758333333333333 0.25083333333333335 0.008333333333333333 0.03833333333333333
4 0.17416666666666666 0.2925 0.0075 0.030833333333333334
4 0.64 0.23333333333333334 0.0075 0.029166666666666667
4 0.7566666666666667 0.23416666666666666 0.008333333333333333 0.03333333333333333
2 0.8775 0.23083333333333333 0.008333333333333333 0.035833333333333335
4 0.5283333333333333 0.23833333333333334 0.005833333333333334 0.0275
1 0.8175 0.3025 0.015 0.11916666666666667
4 0.2783333333333333 0.2708333333333333 0.005833333333333334 0.025
0 0.75 0.2625 0.010833333333333334 0.04416666666666667
2 0.89 0.21166666666666667 0.0075 0.029166666666666667
1 0.7991666666666667 0.3275 0.0325 0.14
2 0.8975 0.19833333333333333 0.005 0.0225
0 0.5025 0.25166666666666665 0.006666666666666667 0.03166666666666667
0 0.4033333333333333 0.2625 0.0075 0.029166666666666667
2 0.9308333333333333 0.18666666666666668 0.005 0.021666666666666667
4 0.4058333333333333 0.25166666666666665 0.004166666666666667 0.025
2 0.9033333333333333 0.18833333333333332 0.004166666666666667 0.020833333333333332
0 0.8133333333333334 0.33666666666666667 0.0125 0.08083333333333333
0 0.8066666666666666 0.29 0.005 0.060833333333333336
3 0.9233333333333333 0.18416666666666667 0.0025 0.014166666666666666