0 0.08083333333333333 0.3825 0.013333333333333334 0.028333333333333332
0 0.095 0.39916666666666667 0.015 0.034166666666666665
0 0.2 0.4025 0.016666666666666666 0.035833333333333335
0 0.26166666666666666 0.4266666666666667 0.0175 0.041666666666666664
0 0.2841666666666667 0.48333333333333334 0.029166666666666667 0.06666666666666667
0 0.2275 0.36083333333333334 0.009166666666666667 0.010833333333333334
0 0.26916666666666667 0.36333333333333334 0.009166666666666667 0.01
0 0.31083333333333335 0.36666666666666664 0.010833333333333334 0.010833333333333334
0 0.40166666666666667 0.37333333333333335 0.010833333333333334 0.014166666666666666
0 0.48833333333333334 0.3883333333333333 0.0125 0.015
4 0.23833333333333334 0.38416666666666666 0.011666666666666667 0.02666666666666667
4 0.37166666666666665 0.39666666666666667 0.010833333333333334 0.0275
4 0.4675 0.4175 0.015833333333333335 0.035
4 0.5658333333333333 0.45 0.0225 0.04833333333333333
4 0.6508333333333334 0.5191666666666667 0.035 0.08