4 0.11166666666666666 0.29833333333333334 0.016666666666666666 0.05583333333333333
4 0.21583333333333332 0.3416666666666667 0.020833333333333332 0.06666666666666667
4 0.8716666666666667 0.405 0.011666666666666667 0.04
4 0.46166666666666667 0.5233333333333333 0.0375 0.1275
4 0.8133333333333334 0.375 0.010833333333333334 0.035
0 0.94 0.39416666666666667 0.0075 0.030833333333333334
4 0.3425 0.41083333333333333 0.0275 0.08666666666666667
4 0.7975 0.35833333333333334 0.006666666666666667 0.0275
4 0.8066666666666666 0.3525 0.0075 0.025
4 0.8366666666666667 0.3541666666666667 0.006666666666666667 0.024166666666666666
4 0.875 0.3566666666666667 0.004166666666666667 0.020833333333333332
1 0.8775 0.35083333333333333 0.004166666666666667 0.0325
1 0.8708333333333333 0.35 0.006666666666666667 0.0325
4 0.8991666666666667 0.35833333333333334 0.005 0.0175
4 0.9216666666666666 0.35833333333333334 0.005 0.0175
4 0.9325 0.35833333333333334 0.004166666666666667 0.016666666666666666
4 0.925 0.3541666666666667 0.0025 0.014166666666666666
0 0.9341666666666667 0.3858333333333333 0.005833333333333334 0.025833333333333333
4 0.8975 0.3466666666666667 0.0025 0.013333333333333334
4 0.8675 0.3383333333333333 0.0025 0.013333333333333334
4 0.8366666666666667 0.3308333333333333 0.0025 0.011666666666666667
0 0.8416666666666667 0.32916666666666666 0.0025 0.010833333333333334
0 0.7875 0.3175 0.0025 0.010833333333333334
0 0.7391666666666666 0.30833333333333335 0.0025 0.011666666666666667
0 0.695 0.3 0.0016666666666666668 0.010833333333333334
0 0.6683333333333333 0.295 0.0008333333333333334 0.01
0 0.6475 0.29083333333333333 0.0016666666666666668 0.011666666666666667
0 0.6216666666666667 0.2866666666666667 0.0025 0.011666666666666667
0 0.5975 0.2816666666666667 0.0016666666666666668 0.013333333333333334
0 0.5691666666666667 0.2758333333333333 0.0016666666666666668 0.011666666666666667
0 0.5475 0.2708333333333333 0.0016666666666666668 0.011666666666666667
0 0.5058333333333334 0.26166666666666666 0.0016666666666666668 0.010833333333333334
0 0.49666666666666665 0.26 0.0016666666666666668 0.010833333333333334
0 0.49 0.2575 0.0016666666666666668 0.010833333333333334
0 0.4716666666666667 0.2525 0.0016666666666666668 0.01
0 0.44166666666666665 0.24583333333333332 0.0016666666666666668 0.008333333333333333
0 0.4075 0.23833333333333334 0.0016666666666666668 0.01
0 0.36916666666666664 0.23083333333333333 0.0016666666666666668 0.01
0 0.32916666666666666 0.225 0.0016666666666666668 0.008333333333333333
0 0.25333333333333335 0.21416666666666667 0.0016666666666666668 0.008333333333333333
0 0.225 0.21083333333333334 0.0025 0.010833333333333334
0 0.20333333333333334 0.21 0.0025 0.010833333333333334
0 0.18666666666666668 0.20833333333333334 0.0025 0.011666666666666667
0 0.16416666666666666 0.20583333333333334 0.0025 0.011666666666666667
0 0.1375 0.20166666666666666 0.0025 0.011666666666666667
0 0.10583333333333333 0.1975 0.0025 0.011666666666666667
0 0.08083333333333333 0.19333333333333333 0.0025 0.011666666666666667
0 0.05333333333333334 0.18833333333333332 0.0025 0.013333333333333334
4 0.075 0.19666666666666666 0.004166666666666667 0.013333333333333334
4 0.14666666666666667 0.20666666666666667 0.0033333333333333335 0.014166666666666666
4 0.19416666666666665 0.2125 0.0033333333333333335 0.014166666666666666
4 0.2275 0.21666666666666667 0.0025 0.013333333333333334
4 0.2525 0.21916666666666668 0.0025 0.011666666666666667
4 0.27166666666666667 0.21916666666666668 0.0025 0.010833333333333334
4 0.2891666666666667 0.22166666666666668 0.0025 0.010833333333333334
4 0.3125 0.22416666666666665 0.0025 0.01
4 0.3383333333333333 0.22916666666666666 0.0016666666666666668 0.01
4 0.36666666666666664 0.23333333333333334 0.0016666666666666668 0.008333333333333333
4 0.3925 0.23916666666666667 0.0025 0.008333333333333333
4 0.4166666666666667 0.24333333333333335 0.0025 0.01
4 0.43583333333333335 0.24666666666666667 0.0025 0.010833333333333334
4 0.44333333333333336 0.25 0.0025 0.008333333333333333
4 0.45 0.25333333333333335 0.0025 0.010833333333333334
4 0.4625 0.25666666666666665 0.0025 0.010833333333333334
4 0.4925 0.26416666666666666 0.0025 0.010833333333333334
4 0.5241666666666667 0.2708333333333333 0.0025 0.013333333333333334
4 0.5566666666666666 0.27666666666666667 0.0025 0.014166666666666666
4 0.595 0.2841666666666667 0.0025 0.014166666666666666
4 0.6341666666666667 0.2916666666666667 0.0025 0.014166666666666666
4 0.6666666666666666 0.2975 0.0025 0.013333333333333334
4 0.6925 0.30333333333333334 0.0025 0.010833333333333334
4 0.7233333333333334 0.30833333333333335 0.0025 0.013333333333333334
4 0.7675 0.31666666666666665 0.0025 0.011666666666666667
4 0.8066666666666666 0.32416666666666666 0.0025 0.013333333333333334