2 0.605 0.5208333333333334 0.0425 0.1575
2 0.8133333333333334 0.25333333333333335 0.011666666666666667 0.04583333333333333
2 0.8516666666666667 0.20583333333333334 0.0075 0.025833333333333333
2 0.8375 0.22333333333333333 0.008333333333333333 0.03333333333333333
2 0.765 0.31666666666666665 0.018333333333333333 0.06916666666666667
2 0.945 0.18083333333333335 0.005 0.019166666666666665
2 0.8275 0.235 0.010833333333333334 0.04
2 0.8683333333333333 0.18333333333333332 0.005 0.019166666666666665
2 0.8616666666666667 0.19333333333333333 0.006666666666666667 0.024166666666666666
2 0.8183333333333334 0.23666666666666666 0.0075 0.03833333333333333
2 0.8725 0.1775 0.0033333333333333335 0.0175
2 0.8766666666666667 0.1725 0.0033333333333333335 0.014166666666666666
2 0.94 0.17416666666666666 0.004166666666666667 0.019166666666666665
2 0.9358333333333333 0.16916666666666666 0.0033333333333333335 0.016666666666666666