2 0.7883333333333333 0.33916666666666667 0.021666666666666667 0.08666666666666667
2 0.8983333333333333 0.25833333333333336 0.015 0.05416666666666667
2 0.8316666666666667 0.25916666666666666 0.013333333333333334 0.050833333333333335
4 0.58 0.18083333333333335 0.0016666666666666668 0.01
3 0.8825 0.22833333333333333 0.006666666666666667 0.035
4 0.6608333333333334 0.17333333333333334 0.0016666666666666668 0.01
4 0.5433333333333333 0.18333333333333332 0.0016666666666666668 0.008333333333333333
2 0.705 0.16916666666666666 0.0016666666666666668 0.011666666666666667
4 0.62 0.1775 0.0016666666666666668 0.008333333333333333
2 0.6158333333333333 0.6575 0.06333333333333334 0.22583333333333333
4 0.7525 0.165 0.0016666666666666668 0.010833333333333334
0 0.42333333333333334 0.19833333333333333 0.0016666666666666668 0.0075
4 0.42 0.19583333333333333 0.0016666666666666668 0.0075
4 0.44666666666666666 0.19416666666666665 0.0016666666666666668 0.0075
0 0.455 0.19416666666666665 0.0016666666666666668 0.008333333333333333
0 0.4875 0.19166666666666668 0.0016666666666666668 0.008333333333333333
4 0.4775 0.19083333333333333 0.0016666666666666668 0.0075
4 0.5091666666666667 0.18666666666666668 0.0016666666666666668 0.008333333333333333
0 0.5241666666666667 0.1875 0.0016666666666666668 0.01
0 0.5625 0.185 0.0016666666666666668 0.008333333333333333
0 0.6041666666666666 0.18083333333333335 0.0016666666666666668 0.008333333333333333
0 0.6483333333333333 0.17583333333333334 0.0025 0.010833333333333334
2 0.695 0.17166666666666666 0.0025 0.010833333333333334
0 0.7466666666666667 0.1675 0.0025 0.010833333333333334
2 0.8016666666666666 0.16333333333333333 0.0016666666666666668 0.008333333333333333
0 0.8583333333333333 0.15666666666666668 0.0025 0.01
4 0.8558333333333333 0.1575 0.0016666666666666668 0.008333333333333333
2 0.36583333333333334 0.2025 0.0025 0.013333333333333334
2 0.37 0.20166666666666666 0.0025 0.011666666666666667
2 0.345 0.20666666666666667 0.0016666666666666668 0.008333333333333333
2 0.3466666666666667 0.205 0.0016666666666666668 0.0075
2 0.3908333333333333 0.19916666666666666 0.0008333333333333334 0.008333333333333333
4 0.3933333333333333 0.19916666666666666 0.0016666666666666668 0.006666666666666667