0 0.39416666666666667 0.36333333333333334 0.016666666666666666 0.065
0 0.44916666666666666 0.41833333333333333 0.020833333333333332 0.09333333333333334
0 0.06 0.37416666666666665 0.011666666666666667 0.04416666666666667
0 0.2625 0.3075 0.006666666666666667 0.030833333333333334
4 0.0975 0.31 0.005 0.020833333333333332
2 0.45416666666666666 0.265 0.006666666666666667 0.028333333333333332
2 0.5041666666666667 0.2658333333333333 0.006666666666666667 0.03166666666666667
0 0.20333333333333334 0.3516666666666667 0.010833333333333334 0.04416666666666667
0 0.4041666666666667 0.59 0.04416666666666667 0.16666666666666666
4 0.7175 0.35833333333333334 0.023333333333333334 0.08333333333333333
2 0.36083333333333334 0.2866666666666667 0.006666666666666667 0.029166666666666667
4 0.15166666666666667 0.30083333333333334 0.005 0.019166666666666665
4 0.4191666666666667 0.30666666666666664 0.010833333333333334 0.041666666666666664
4 0.17 0.32083333333333336 0.0075 0.029166666666666667
0 0.30083333333333334 0.2891666666666667 0.005833333333333334 0.025833333333333333
0 0.30833333333333335 0.3458333333333333 0.0125 0.050833333333333335
4 0.28583333333333333 0.31666666666666665 0.009166666666666667 0.035833333333333335
4 0.5575 0.31416666666666665 0.015 0.05416666666666667
2 0.4008333333333333 0.29 0.008333333333333333 0.035
4 0.08333333333333333 0.3475 0.009166666666666667 0.03333333333333333
0 0.19666666666666666 0.28833333333333333 0.0033333333333333335 0.018333333333333333
0 0.2925 0.2808333333333333 0.004166666666666667 0.020833333333333332
4 0.2125 0.30583333333333335 0.006666666666666667 0.025833333333333333
4 0.1925 0.2966666666666667 0.005 0.021666666666666667
4 0.21583333333333332 0.2975 0.004166666666666667 0.0225
0 0.25416666666666665 0.2816666666666667 0.0033333333333333335 0.019166666666666665
0 0.125 0.30083333333333334 0.004166666666666667 0.018333333333333333