0 0.20083333333333334 0.33 0.016666666666666666 0.06666666666666667
0 0.8916666666666667 0.36333333333333334 0.009166666666666667 0.035
0 0.34 0.3075 0.0125 0.0475
0 0.4716666666666667 0.30416666666666664 0.009166666666666667 0.03666666666666667
0 0.7441666666666666 0.335 0.008333333333333333 0.0325
4 0.4725 0.3458333333333333 0.015 0.0575
4 0.665 0.3416666666666667 0.010833333333333334 0.041666666666666664
2 0.11416666666666667 0.22333333333333333 0.006666666666666667 0.025
4 0.4 0.3775 0.020833333333333332 0.075
2 0.145 0.26 0.01 0.03916666666666667
4 0.7791666666666667 0.3575 0.009166666666666667 0.03666666666666667
4 0.5625 0.335 0.010833333333333334 0.04666666666666667
1 0.48 0.6291666666666667 0.07833333333333334 0.3333333333333333
2 0.17666666666666667 0.30083333333333334 0.014166666666666666 0.05583333333333333
4 0.375 0.4716666666666667 0.03166666666666667 0.12166666666666667
4 0.905 0.3825 0.011666666666666667 0.041666666666666664
0 0.6066666666666667 0.31583333333333335 0.008333333333333333 0.03333333333333333
2 0.12666666666666668 0.23833333333333334 0.0075 0.030833333333333334
2 0.085 0.22 0.006666666666666667 0.025
1 0.6758333333333333 0.7183333333333334 0.0475 0.25833333333333336
2 0.051666666666666666 0.21833333333333332 0.004166666666666667 0.0275
4 0.5508333333333333 0.7491666666666666 0.0525 0.19666666666666666