0 0.265 0.7416666666666667 0.08 0.125
0 0.37333333333333335 0.5325 0.015 0.021666666666666667
0 0.34 0.5166666666666667 0.01 0.015833333333333335
0 0.3566666666666667 0.51 0.008333333333333333 0.0125
0 0.4275 0.5083333333333333 0.0075 0.011666666666666667
0 0.49833333333333335 0.5083333333333333 0.006666666666666667 0.01
0 0.5225 0.56 0.020833333333333332 0.0325
0 0.5608333333333333 0.5108333333333334 0.006666666666666667 0.01
0 0.6191666666666666 0.5133333333333333 0.006666666666666667 0.01
0 0.6908333333333333 0.5175 0.006666666666666667 0.0125
0 0.7658333333333334 0.5741666666666667 0.0275 0.0375
0 0.7975 0.545 0.0175 0.023333333333333334
4 0.07 0.5958333333333333 0.04 0.051666666666666666
4 0.2658333333333333 0.5425 0.016666666666666666 0.0275
4 0.4875 0.5266666666666666 0.013333333333333334 0.02
4 0.7058333333333333 0.5325 0.0125 0.019166666666666665
4 0.8491666666666666 0.5783333333333334 0.0275 0.03833333333333333
4 0.8966666666666666 0.5391666666666667 0.015 0.02
2 0.31166666666666665 0.5541666666666667 0.02 0.0325
2 0.4716666666666667 0.5325 0.015 0.021666666666666667
2 0.5775 0.5275 0.0125 0.018333333333333333
2 0.9225 0.565 0.025833333333333333 0.03166666666666667
2 0.5883333333333334 0.6583333333333333 0.050833333333333335 0.07916666666666666