0 0.9075 0.365 0.008333333333333333 0.0275
0 0.07833333333333334 0.29083333333333333 0.015 0.049166666666666664
0 0.16916666666666666 0.2633333333333333 0.010833333333333334 0.035
0 0.9425 0.3825 0.010833333333333334 0.0325
0 0.28583333333333333 0.24583333333333332 0.006666666666666667 0.025
4 0.9216666666666666 0.4191666666666667 0.016666666666666666 0.04666666666666667
4 0.38666666666666666 0.265 0.006666666666666667 0.025833333333333333
4 0.31833333333333336 0.2758333333333333 0.0075 0.03666666666666667
4 0.31583333333333335 0.3075 0.013333333333333334 0.05
4 0.7941666666666667 0.33916666666666667 0.0075 0.025833333333333333
0 0.9191666666666667 0.35833333333333334 0.006666666666666667 0.024166666666666666
4 0.8008333333333333 0.3566666666666667 0.009166666666666667 0.03166666666666667
4 0.4 0.4475 0.029166666666666667 0.10833333333333334
0 0.34833333333333333 0.24916666666666668 0.005 0.020833333333333332
4 0.7216666666666667 0.2808333333333333 0.004166666666666667 0.011666666666666667
0 0.49416666666666664 0.265 0.004166666666666667 0.015
4 0.475 0.26916666666666667 0.005 0.020833333333333332
4 0.42916666666666664 0.26666666666666666 0.006666666666666667 0.021666666666666667
4 0.8458333333333333 0.33416666666666667 0.005833333333333334 0.020833333333333332
4 0.6008333333333333 0.2775 0.004166666666666667 0.015
4 0.7008333333333333 0.2816666666666667 0.004166666666666667 0.011666666666666667
4 0.9158333333333334 0.3441666666666667 0.005 0.018333333333333333
4 0.5641666666666667 0.7366666666666667 0.06166666666666667 0.21916666666666668
4 0.745 0.2816666666666667 0.0033333333333333335 0.010833333333333334
0 0.4041666666666667 0.255 0.005 0.018333333333333333
0 0.455 0.26 0.005 0.016666666666666666
0 0.5541666666666667 0.2683333333333333 0.004166666666666667 0.015
0 0.2275 0.25166666666666665 0.0075 0.029166666666666667
4 0.8066666666666666 0.33166666666666667 0.006666666666666667 0.0225
4 0.51 0.27166666666666667 0.005 0.019166666666666665
0 0.6391666666666667 0.2708333333333333 0.0033333333333333335 0.011666666666666667
4 0.5425 0.27416666666666667 0.005 0.0175
4 0.3441666666666667 0.3475 0.0175 0.06666666666666667
0 0.6641666666666667 0.27166666666666667 0.0033333333333333335 0.013333333333333334
4 0.68 0.2833333333333333 0.004166666666666667 0.014166666666666666
4 0.35833333333333334 0.2675 0.008333333333333333 0.030833333333333334
0 0.5283333333333333 0.26666666666666666 0.004166666666666667 0.016666666666666666
0 0.5791666666666667 0.26916666666666667 0.0033333333333333335 0.015
1 0.6291666666666667 0.27416666666666667 0.005 0.025
1 0.5741666666666667 0.265 0.004166666666666667 0.0225
1 0.585 0.265 0.004166666666666667 0.024166666666666666
1 0.6183333333333333 0.27416666666666667 0.005 0.025
0 0.6116666666666667 0.2708333333333333 0.0033333333333333335 0.013333333333333334
0 0.71 0.2725 0.0033333333333333335 0.011666666666666667
0 0.6825 0.2708333333333333 0.0025 0.011666666666666667
4 0.6233333333333333 0.2783333333333333 0.0033333333333333335 0.0175
4 0.5733333333333334 0.27416666666666667 0.004166666666666667 0.016666666666666666
0 0.7341666666666666 0.27416666666666667 0.0033333333333333335 0.013333333333333334
0 0.7558333333333334 0.2758333333333333 0.0033333333333333335 0.011666666666666667
0 0.7925 0.2758333333333333 0.0033333333333333335 0.013333333333333334
4 0.7658333333333334 0.2833333333333333 0.0033333333333333335 0.011666666666666667
4 0.7866666666666666 0.2833333333333333 0.0033333333333333335 0.011666666666666667
0 0.775 0.27416666666666667 0.0025 0.011666666666666667
0 0.8066666666666666 0.2775 0.0025 0.011666666666666667
0 0.8358333333333333 0.2833333333333333 0.0025 0.010833333333333334
0 0.88 0.2916666666666667 0.0033333333333333335 0.013333333333333334
4 0.8133333333333334 0.2841666666666667 0.0025 0.011666666666666667
4 0.8533333333333334 0.29 0.0033333333333333335 0.011666666666666667
4 0.9033333333333333 0.2991666666666667 0.0033333333333333335 0.011666666666666667
4 0.9491666666666667 0.31083333333333335 0.0033333333333333335 0.013333333333333334
0 0.9308333333333333 0.3025 0.0033333333333333335 0.011666666666666667