0 0.20416666666666666 0.5908333333333333 0.0525 0.11333333333333333
0 0.4816666666666667 0.4675 0.023333333333333334 0.051666666666666666
0 0.6866666666666666 0.42333333333333334 0.014166666666666666 0.034166666666666665
0 0.7508333333333334 0.41083333333333333 0.0125 0.0275
0 0.7766666666666666 0.3983333333333333 0.009166666666666667 0.025
0 0.755 0.3925 0.0075 0.0175
0 0.7408333333333333 0.3858333333333333 0.006666666666666667 0.0175
0 0.7358333333333333 0.38166666666666665 0.005 0.015833333333333335
0 0.7533333333333333 0.3775 0.005 0.015
0 0.79 0.3725 0.005 0.014166666666666666
0 0.8158333333333333 0.36833333333333335 0.005 0.013333333333333334
0 0.8725 0.36 0.004166666666666667 0.011666666666666667
0 0.8633333333333333 0.3616666666666667 0.0033333333333333335 0.01
0 0.8541666666666666 0.36333333333333334 0.0033333333333333335 0.010833333333333334
0 0.8458333333333333 0.3641666666666667 0.0033333333333333335 0.010833333333333334
0 0.8358333333333333 0.365 0.005 0.01
4 0.835 0.38083333333333336 0.005833333333333334 0.0175
4 0.8433333333333334 0.3858333333333333 0.008333333333333333 0.018333333333333333
4 0.8591666666666666 0.3925 0.009166666666666667 0.021666666666666667
4 0.8625 0.37583333333333335 0.005 0.014166666666666666
4 0.8825 0.37166666666666665 0.005 0.010833333333333334
4 0.9175 0.4525 0.015833333333333335 0.043333333333333335
4 0.9133333333333333 0.4008333333333333 0.009166666666666667 0.024166666666666666
4 0.895 0.3675 0.005 0.010833333333333334
4 0.8075 0.49583333333333335 0.03 0.06166666666666667
4 0.9008333333333334 0.5966666666666667 0.049166666666666664 0.10166666666666667