0 0.35083333333333333 0.5166666666666667 0.028333333333333332 0.09583333333333334
0 0.1825 0.7083333333333334 0.050833333333333335 0.1975
4 0.6166666666666667 0.4866666666666667 0.018333333333333333 0.08166666666666667
4 0.69 0.4241666666666667 0.0125 0.04666666666666667
0 0.3233333333333333 0.4008333333333333 0.010833333333333334 0.041666666666666664
0 0.8908333333333334 0.4083333333333333 0.009166666666666667 0.035
4 0.7891666666666667 0.4525 0.016666666666666666 0.0575
4 0.8041666666666667 0.615 0.0425 0.13333333333333333
4 0.9 0.395 0.005833333333333334 0.025
0 0.8475 0.42 0.010833333333333334 0.0425
4 0.65 0.4075 0.01 0.03916666666666667
0 0.47333333333333333 0.36333333333333334 0.005833333333333334 0.025
4 0.5466666666666666 0.37333333333333335 0.006666666666666667 0.025
4 0.8016666666666666 0.385 0.005833333333333334 0.025833333333333333
0 0.8391666666666666 0.41 0.010833333333333334 0.03666666666666667
4 0.5033333333333333 0.37916666666666665 0.006666666666666667 0.028333333333333332
4 0.7025 0.38916666666666666 0.008333333333333333 0.030833333333333334
2 0.13166666666666665 0.3416666666666667 0.005 0.021666666666666667
4 0.4841666666666667 0.4075 0.011666666666666667 0.043333333333333335
0 0.30833333333333335 0.43916666666666665 0.014166666666666666 0.058333333333333334
0 0.35083333333333333 0.38 0.009166666666666667 0.03333333333333333
4 0.7133333333333334 0.37583333333333335 0.005833333333333334 0.024166666666666666
2 0.17666666666666667 0.3383333333333333 0.005 0.019166666666666665
4 0.66 0.3975 0.008333333333333333 0.03333333333333333
4 0.49416666666666664 0.39166666666666666 0.0075 0.035
0 0.6691666666666667 0.3675 0.005833333333333334 0.019166666666666665
4 0.8266666666666667 0.3908333333333333 0.006666666666666667 0.0275
4 0.755 0.3858333333333333 0.0075 0.030833333333333334
4 0.5966666666666667 0.37083333333333335 0.005833333333333334 0.025
2 0.22916666666666666 0.33666666666666667 0.004166666666666667 0.0175
0 0.9458333333333333 0.3975 0.006666666666666667 0.024166666666666666
4 0.6408333333333334 0.37 0.005833333333333334 0.0225
0 0.8525 0.38666666666666666 0.005833333333333334 0.021666666666666667
4 0.5208333333333334 0.43833333333333335 0.015 0.05583333333333333
0 0.4066666666666667 0.36916666666666664 0.006666666666666667 0.025833333333333333
0 0.7533333333333333 0.37416666666666665 0.005 0.021666666666666667
2 0.059166666666666666 0.3441666666666667 0.0075 0.030833333333333334