0 0.31083333333333335 0.5458333333333333 0.03333333333333333 0.11083333333333334
0 0.8858333333333334 0.45166666666666666 0.014166666666666666 0.05333333333333334
0 0.7583333333333333 0.4475 0.013333333333333334 0.05333333333333334
0 0.49916666666666665 0.4775 0.020833333333333332 0.0725
2 0.8333333333333334 0.38083333333333336 0.005833333333333334 0.021666666666666667
0 0.64 0.4558333333333333 0.015 0.06
4 0.29833333333333334 0.3383333333333333 0.0025 0.014166666666666666
2 0.9083333333333333 0.38416666666666666 0.005 0.020833333333333332
2 0.8708333333333333 0.3825 0.005 0.019166666666666665
4 0.35833333333333334 0.3333333333333333 0.0025 0.013333333333333334
2 0.5583333333333333 0.36083333333333334 0.004166666666666667 0.019166666666666665
2 0.5241666666666667 0.3625 0.004166666666666667 0.018333333333333333
2 0.46 0.3591666666666667 0.005 0.020833333333333332
4 0.2891666666666667 0.33416666666666667 0.0025 0.011666666666666667
2 0.43416666666666665 0.3458333333333333 0.004166666666666667 0.015
2 0.415 0.35833333333333334 0.005 0.020833333333333332
2 0.495 0.36 0.0033333333333333335 0.019166666666666665
0 0.33916666666666667 0.34 0.0033333333333333335 0.011666666666666667
4 0.7816666666666666 0.5858333333333333 0.03333333333333333 0.12416666666666666
4 0.2725 0.335 0.0033333333333333335 0.013333333333333334
2 0.33166666666666667 0.3416666666666667 0.004166666666666667 0.015
0 0.42583333333333334 0.3433333333333333 0.0033333333333333335 0.013333333333333334
4 0.9141666666666667 0.5241666666666667 0.025833333333333333 0.08333333333333333
2 0.7958333333333333 0.37666666666666665 0.005 0.018333333333333333