0 0.915 0.4275 0.0125 0.04583333333333333
4 0.69 0.445 0.013333333333333334 0.050833333333333335
4 0.5408333333333334 0.43833333333333335 0.0125 0.04666666666666667
0 0.7366666666666667 0.4191666666666667 0.010833333333333334 0.035833333333333335
0 0.25333333333333335 0.42083333333333334 0.008333333333333333 0.03666666666666667
0 0.07666666666666666 0.42916666666666664 0.010833333333333334 0.04
0 0.4091666666666667 0.415 0.008333333333333333 0.035
2 0.3333333333333333 0.37333333333333335 0.004166666666666667 0.020833333333333332
4 0.8383333333333334 0.46 0.016666666666666666 0.06166666666666667
4 0.245 0.5066666666666667 0.023333333333333334 0.0775
2 0.7008333333333333 0.37166666666666665 0.004166666666666667 0.0175
2 0.5483333333333333 0.37416666666666665 0.004166666666666667 0.018333333333333333
2 0.255 0.37583333333333335 0.004166666666666667 0.020833333333333332
0 0.5675 0.4141666666666667 0.009166666666666667 0.035
2 0.3875 0.37416666666666665 0.004166666666666667 0.018333333333333333
4 0.38083333333333336 0.44083333333333335 0.011666666666666667 0.04416666666666667
2 0.2975 0.37416666666666665 0.004166666666666667 0.018333333333333333
2 0.6175 0.37083333333333335 0.005 0.019166666666666665
4 0.2175 0.44416666666666665 0.0125 0.0525
2 0.195 0.37583333333333335 0.004166666666666667 0.020833333333333332
4 0.4533333333333333 0.535 0.02666666666666667 0.09583333333333334
2 0.47333333333333333 0.375 0.005 0.021666666666666667
4 0.7216666666666667 0.65 0.0475 0.15666666666666668