0 0.73 0.34833333333333333 0.03333333333333333 0.08333333333333333
0 0.5075 0.5533333333333333 0.07416666666666667 0.17083333333333334
0 0.8016666666666666 0.2808333333333333 0.025833333333333333 0.05416666666666667
0 0.8266666666666667 0.21583333333333332 0.0125 0.03
0 0.8433333333333334 0.2325 0.015833333333333335 0.0375
0 0.7358333333333333 0.20916666666666667 0.009166666666666667 0.024166666666666666
0 0.7858333333333334 0.19333333333333333 0.008333333333333333 0.02
0 0.9008333333333334 0.17833333333333334 0.008333333333333333 0.019166666666666665
4 0.9325 0.18333333333333332 0.010833333333333334 0.021666666666666667
4 0.8933333333333333 0.19083333333333333 0.01 0.023333333333333334
2 0.44166666666666665 0.6108333333333333 0.08333333333333333 0.19083333333333333