0 0.06916666666666667 0.22916666666666666 0.006666666666666667 0.025
4 0.20083333333333334 0.335 0.016666666666666666 0.06166666666666667
0 0.9033333333333333 0.36583333333333334 0.006666666666666667 0.025
4 0.2425 0.4058333333333333 0.024166666666666666 0.08583333333333333
4 0.3575 0.5841666666666666 0.04083333333333333 0.16
4 0.18333333333333332 0.2941666666666667 0.0125 0.04666666666666667
4 0.8708333333333333 0.37333333333333335 0.006666666666666667 0.029166666666666667
0 0.051666666666666666 0.23833333333333334 0.005833333333333334 0.03166666666666667
4 0.765 0.335 0.005 0.021666666666666667
0 0.8241666666666667 0.3425 0.0033333333333333335 0.019166666666666665
4 0.30333333333333334 0.24083333333333334 0.0033333333333333335 0.016666666666666666
0 0.7433333333333333 0.32166666666666666 0.004166666666666667 0.019166666666666665
4 0.16583333333333333 0.255 0.005833333333333334 0.0275
0 0.4033333333333333 0.2525 0.0033333333333333335 0.014166666666666666
4 0.3775 0.2525 0.0033333333333333335 0.0175
0 0.5633333333333334 0.2841666666666667 0.0033333333333333335 0.016666666666666666
4 0.18166666666666667 0.23333333333333334 0.004166666666666667 0.020833333333333332
4 0.23166666666666666 0.2325 0.0033333333333333335 0.0175
0 0.12166666666666667 0.21583333333333332 0.004166666666666667 0.018333333333333333
0 0.24083333333333334 0.22833333333333333 0.0033333333333333335 0.015
0 0.30916666666666665 0.2375 0.0033333333333333335 0.014166666666666666
0 0.10166666666666667 0.215 0.005 0.019166666666666665
4 0.5241666666666667 0.2825 0.0033333333333333335 0.0175
0 0.07833333333333334 0.21833333333333332 0.005 0.020833333333333332
4 0.6858333333333333 0.315 0.004166666666666667 0.019166666666666665
4 0.165 0.2425 0.004166666666666667 0.021666666666666667
4 0.8266666666666667 0.3541666666666667 0.006666666666666667 0.025
4 0.1725 0.2683333333333333 0.008333333333333333 0.035833333333333335
0 0.6208333333333333 0.2966666666666667 0.004166666666666667 0.0175
0 0.16833333333333333 0.21916666666666668 0.0033333333333333335 0.015
0 0.355 0.24416666666666667 0.0033333333333333335 0.015
4 0.45166666666666666 0.26666666666666666 0.0025 0.016666666666666666
4 0.6058333333333333 0.29833333333333334 0.004166666666666667 0.018333333333333333
0 0.5041666666666667 0.27166666666666667 0.0033333333333333335 0.015
0 0.6825 0.31 0.0033333333333333335 0.0175
0 0.45416666666666666 0.2608333333333333 0.0016666666666666668 0.013333333333333334