0 0.14 0.39416666666666667 0.03 0.1
0 0.4975 0.32 0.01 0.0425
4 0.5216666666666666 0.38333333333333336 0.0175 0.06916666666666667
4 0.46 0.4575 0.024166666666666666 0.10666666666666667
0 0.6341666666666667 0.3283333333333333 0.008333333333333333 0.03666666666666667
4 0.6141666666666666 0.3625 0.011666666666666667 0.05333333333333334
0 0.9266666666666666 0.37916666666666665 0.01 0.03666666666666667
0 0.77 0.3475 0.009166666666666667 0.035833333333333335
0 0.3441666666666667 0.33166666666666667 0.015833333333333335 0.058333333333333334
4 0.7166666666666667 0.36333333333333334 0.010833333333333334 0.04583333333333333
3 0.10166666666666667 0.22 0.006666666666666667 0.025
3 0.16666666666666666 0.2425 0.008333333333333333 0.028333333333333332
4 0.8283333333333334 0.3775 0.010833333333333334 0.0425
3 0.21 0.23583333333333334 0.004166666666666667 0.024166666666666666
4 0.52 0.7241666666666666 0.0575 0.22083333333333333