0 0.14416666666666667 0.6675 0.06 0.18083333333333335
0 0.7541666666666667 0.4683333333333333 0.0175 0.06333333333333334
0 0.4475 0.5208333333333334 0.023333333333333334 0.09583333333333334
0 0.895 0.4766666666666667 0.0175 0.07083333333333333
0 0.6208333333333333 0.4825 0.019166666666666665 0.07583333333333334
4 0.8691666666666666 0.7133333333333334 0.05583333333333333 0.17833333333333334
2 0.44583333333333336 0.35583333333333333 0.005 0.020833333333333332
2 0.4766666666666667 0.35833333333333334 0.0025 0.0175
2 0.36 0.35333333333333333 0.005833333333333334 0.021666666666666667
2 0.8366666666666667 0.38416666666666666 0.004166666666666667 0.020833333333333332
4 0.44666666666666666 0.3383333333333333 0.0033333333333333335 0.013333333333333334
4 0.23666666666666666 0.3308333333333333 0.004166666666666667 0.014166666666666666
2 0.7616666666666667 0.3775 0.005 0.020833333333333332
2 0.5141666666666667 0.3575 0.005833333333333334 0.019166666666666665
2 0.4083333333333333 0.3566666666666667 0.005833333333333334 0.021666666666666667
2 0.7991666666666667 0.38083333333333336 0.004166666666666667 0.019166666666666665
2 0.3825 0.33916666666666667 0.004166666666666667 0.015
2 0.8741666666666666 0.3858333333333333 0.004166666666666667 0.019166666666666665