0 0.23083333333333333 0.47583333333333333 0.02666666666666667 0.06
0 0.415 0.43416666666666665 0.0175 0.0425
0 0.5708333333333333 0.41583333333333333 0.013333333333333334 0.03166666666666667
0 0.6125 0.4 0.010833333333333334 0.025833333333333333
0 0.6375 0.3858333333333333 0.008333333333333333 0.019166666666666665
0 0.6425 0.3925 0.009166666666666667 0.02
0 0.8725 0.37416666666666665 0.006666666666666667 0.015
0 0.785 0.37166666666666665 0.005833333333333334 0.014166666666666666
0 0.6016666666666667 0.38 0.0075 0.0175
0 0.56 0.37666666666666665 0.006666666666666667 0.015
0 0.5158333333333334 0.37333333333333335 0.005 0.014166666666666666
0 0.4683333333333333 0.37 0.005 0.014166666666666666
0 0.46 0.3625 0.0033333333333333335 0.01
0 0.44166666666666665 0.3641666666666667 0.004166666666666667 0.010833333333333334
0 0.4266666666666667 0.3675 0.005 0.010833333333333334
0 0.4816666666666667 0.36083333333333334 0.005 0.01
0 0.49083333333333334 0.355 0.0033333333333333335 0.0075
0 0.5166666666666667 0.36 0.004166666666666667 0.01
0 0.5316666666666666 0.35833333333333334 0.0033333333333333335 0.009166666666666667
0 0.725 0.36916666666666664 0.005 0.013333333333333334
0 0.7166666666666667 0.3641666666666667 0.0033333333333333335 0.01
0 0.6991666666666667 0.36583333333333334 0.005 0.014166666666666666
0 0.7033333333333334 0.355 0.0025 0.006666666666666667
0 0.6858333333333333 0.35333333333333333 0.0016666666666666668 0.006666666666666667
0 0.6941666666666667 0.35333333333333333 0.0025 0.005833333333333334
0 0.7158333333333333 0.3566666666666667 0.0025 0.006666666666666667
0 0.7258333333333333 0.35833333333333334 0.0033333333333333335 0.009166666666666667
0 0.7291666666666666 0.3625 0.0025 0.008333333333333333
0 0.7308333333333333 0.36 0.0033333333333333335 0.009166666666666667
0 0.5191666666666667 0.35583333333333333 0.0025 0.009166666666666667
0 0.5366666666666666 0.3566666666666667 0.0025 0.009166666666666667
0 0.5391666666666667 0.3591666666666667 0.0025 0.008333333333333333
0 0.4675 0.35333333333333333 0.0025 0.0075
0 0.4741666666666667 0.35083333333333333 0.0025 0.0075
4 0.7841666666666667 0.5216666666666666 0.03666666666666667 0.07833333333333334
4 0.8458333333333333 0.46416666666666667 0.024166666666666666 0.055
4 0.8641666666666666 0.43416666666666665 0.018333333333333333 0.041666666666666664
4 0.8416666666666667 0.41333333333333333 0.014166666666666666 0.03166666666666667
4 0.8175 0.4 0.010833333333333334 0.025833333333333333
4 0.8141666666666667 0.3908333333333333 0.008333333333333333 0.0225
4 0.8383333333333334 0.38416666666666666 0.008333333333333333 0.019166666666666665
4 0.8783333333333333 0.3883333333333333 0.009166666666666667 0.02
4 0.9058333333333334 0.3925 0.009166666666666667 0.023333333333333334
4 0.7775 0.37833333333333335 0.006666666666666667 0.0175
4 0.76 0.38416666666666666 0.008333333333333333 0.02
4 0.7158333333333333 0.37583333333333335 0.006666666666666667 0.016666666666666666
4 0.6975 0.37833333333333335 0.006666666666666667 0.0175
4 0.5291666666666667 0.36583333333333334 0.005833333333333334 0.013333333333333334
4 0.5033333333333333 0.3525 0.0033333333333333335 0.008333333333333333
4 0.5083333333333333 0.3516666666666667 0.0033333333333333335 0.008333333333333333
4 0.55 0.36833333333333335 0.005833333333333334 0.013333333333333334
4 0.5475 0.3641666666666667 0.004166666666666667 0.013333333333333334
4 0.5683333333333334 0.35583333333333333 0.0033333333333333335 0.01
4 0.5833333333333334 0.3625 0.0033333333333333335 0.011666666666666667
4 0.5925 0.37 0.005 0.015
4 0.595 0.36583333333333334 0.004166666666666667 0.015
4 0.5975 0.3566666666666667 0.0033333333333333335 0.010833333333333334
4 0.6041666666666666 0.36083333333333334 0.004166666666666667 0.010833333333333334
4 0.6233333333333333 0.36916666666666664 0.005833333333333334 0.015
4 0.6158333333333333 0.36333333333333334 0.004166666666666667 0.010833333333333334
4 0.6141666666666666 0.3591666666666667 0.0033333333333333335 0.009166666666666667
4 0.6208333333333333 0.3525 0.0033333333333333335 0.008333333333333333
4 0.6308333333333334 0.35333333333333333 0.0025 0.0075
4 0.6475 0.37416666666666665 0.005 0.015833333333333335
4 0.655 0.37166666666666665 0.006666666666666667 0.015
4 0.5208333333333334 0.3541666666666667 0.0025 0.008333333333333333
4 0.5416666666666666 0.3541666666666667 0.0025 0.008333333333333333
4 0.5391666666666667 0.35333333333333333 0.0033333333333333335 0.008333333333333333
4 0.8458333333333333 0.36 0.0033333333333333335 0.008333333333333333