0 0.8975 0.44 0.045 0.13583333333333333
2 0.06333333333333334 0.2916666666666667 0.008333333333333333 0.03833333333333333
2 0.155 0.2791666666666667 0.008333333333333333 0.03666666666666667
2 0.11 0.3225 0.013333333333333334 0.05416666666666667
2 0.11416666666666667 0.2833333333333333 0.0075 0.03666666666666667
3 0.0925 0.2708333333333333 0.004166666666666667 0.025833333333333333
3 0.905 0.21833333333333332 0.004166666666666667 0.03166666666666667
0 0.4008333333333333 0.7783333333333333 0.029166666666666667 0.13916666666666666
3 0.18916666666666668 0.2625 0.004166666666666667 0.0275
3 0.8333333333333334 0.20083333333333334 0.004166666666666667 0.0225
3 0.2683333333333333 0.24083333333333334 0.005 0.0225
3 0.215 0.24083333333333334 0.0025 0.020833333333333332
3 0.7716666666666666 0.20833333333333334 0.0033333333333333335 0.025
3 0.3358333333333333 0.22 0.0025 0.018333333333333333
3 0.3625 0.22416666666666665 0.0025 0.0175
3 0.46166666666666667 0.205 0.0016666666666666668 0.016666666666666666
3 0.4658333333333333 0.21083333333333334 0.0025 0.0175
3 0.57 0.20416666666666666 0.0025 0.019166666666666665
3 0.5875 0.1975 0.0025 0.016666666666666666
3 0.6741666666666667 0.20416666666666666 0.0025 0.019166666666666665
3 0.7191666666666666 0.19583333333333333 0.0025 0.018333333333333333