0 0.32 0.5241666666666667 0.029166666666666667 0.0975
0 0.38166666666666665 0.4775 0.0225 0.07416666666666667
0 0.9141666666666667 0.41 0.01 0.04
0 0.09916666666666667 0.38416666666666666 0.0125 0.0425
0 0.21166666666666667 0.4025 0.0125 0.0475
4 0.6891666666666667 0.49166666666666664 0.021666666666666667 0.07416666666666667
4 0.7841666666666667 0.43416666666666665 0.0125 0.050833333333333335
4 0.7133333333333334 0.4083333333333333 0.010833333333333334 0.03666666666666667
0 0.37583333333333335 0.4166666666666667 0.010833333333333334 0.05
4 0.255 0.38166666666666665 0.010833333333333334 0.03833333333333333
4 0.6591666666666667 0.4475 0.015833333333333335 0.056666666666666664
4 0.1225 0.3441666666666667 0.005833333333333334 0.021666666666666667
4 0.9141666666666667 0.485 0.020833333333333332 0.06833333333333333
0 0.6225 0.38166666666666665 0.006666666666666667 0.028333333333333332
4 0.47333333333333333 0.38166666666666665 0.008333333333333333 0.0325
4 0.6358333333333334 0.39416666666666667 0.008333333333333333 0.0325
4 0.195 0.36666666666666664 0.008333333333333333 0.03333333333333333
4 0.3675 0.38916666666666666 0.0075 0.03666666666666667
4 0.77 0.5958333333333333 0.03666666666666667 0.125
0 0.7358333333333333 0.38166666666666665 0.0075 0.029166666666666667
4 0.5858333333333333 0.415 0.010833333333333334 0.041666666666666664
0 0.3541666666666667 0.3616666666666667 0.006666666666666667 0.024166666666666666
4 0.165 0.35 0.0075 0.025833333333333333
0 0.42333333333333334 0.36833333333333335 0.0075 0.028333333333333332
4 0.49416666666666664 0.39916666666666667 0.010833333333333334 0.041666666666666664
0 0.060833333333333336 0.34 0.005 0.024166666666666666
0 0.2225 0.3441666666666667 0.005833333333333334 0.024166666666666666
0 0.135 0.33916666666666667 0.005833333333333334 0.021666666666666667
4 0.3016666666666667 0.36833333333333335 0.008333333333333333 0.029166666666666667
0 0.5283333333333333 0.37416666666666665 0.005833333333333334 0.0275
0 0.185 0.3416666666666667 0.005833333333333334 0.021666666666666667
4 0.23083333333333333 0.35833333333333334 0.006666666666666667 0.0275
0 0.44166666666666665 0.4425 0.015 0.05416666666666667
0 0.2833333333333333 0.35333333333333333 0.005833333333333334 0.024166666666666666
4 0.10666666666666667 0.3541666666666667 0.006666666666666667 0.029166666666666667
4 0.0975 0.3433333333333333 0.005833333333333334 0.021666666666666667
4 0.5516666666666666 0.39 0.009166666666666667 0.03166666666666667
4 0.38 0.37583333333333335 0.006666666666666667 0.0275
0 0.8241666666666667 0.39166666666666666 0.008333333333333333 0.03166666666666667
0 0.1025 0.7541666666666667 0.065 0.18833333333333332