0 0.305 0.5441666666666667 0.02666666666666667 0.1075
0 0.2608333333333333 0.4475 0.015 0.060833333333333336
4 0.7033333333333334 0.5233333333333333 0.03 0.10083333333333333
0 0.06583333333333333 0.4058333333333333 0.010833333333333334 0.041666666666666664
4 0.4241666666666667 0.41 0.011666666666666667 0.04416666666666667
0 0.7933333333333333 0.3883333333333333 0.010833333333333334 0.041666666666666664
4 0.5625 0.44583333333333336 0.015833333333333335 0.06666666666666667
4 0.9216666666666666 0.44583333333333336 0.024166666666666666 0.06916666666666667
4 0.5766666666666667 0.3875 0.010833333333333334 0.03833333333333333
4 0.6983333333333334 0.4091666666666667 0.015 0.050833333333333335
0 0.19416666666666665 0.41833333333333333 0.0125 0.04666666666666667
4 0.43833333333333335 0.3616666666666667 0.005833333333333334 0.024166666666666666
4 0.3125 0.395 0.010833333333333334 0.03833333333333333
4 0.2175 0.3875 0.009166666666666667 0.03333333333333333
0 0.0725 0.3458333333333333 0.0033333333333333335 0.014166666666666666
4 0.335 0.3525 0.005 0.018333333333333333
0 0.6583333333333333 0.3725 0.008333333333333333 0.0325
4 0.12083333333333333 0.3566666666666667 0.004166666666666667 0.018333333333333333
4 0.10666666666666667 0.37333333333333335 0.006666666666666667 0.025
0 0.4608333333333333 0.34833333333333333 0.004166666666666667 0.020833333333333332
4 0.20166666666666666 0.3466666666666667 0.004166666666666667 0.015
4 0.3933333333333333 0.35583333333333333 0.005 0.021666666666666667
4 0.49416666666666664 0.3725 0.008333333333333333 0.030833333333333334
4 0.19166666666666668 0.3433333333333333 0.0033333333333333335 0.015
4 0.2833333333333333 0.3491666666666667 0.004166666666666667 0.018333333333333333
4 0.26916666666666667 0.3308333333333333 0.0025 0.01
4 0.235 0.34833333333333333 0.0033333333333333335 0.016666666666666666
0 0.3983333333333333 0.3458333333333333 0.004166666666666667 0.0175
4 0.12666666666666668 0.35083333333333333 0.0025 0.015
0 0.26 0.3375 0.0025 0.011666666666666667
4 0.13416666666666666 0.38083333333333336 0.0075 0.029166666666666667
0 0.30333333333333334 0.33166666666666667 0.0025 0.010833333333333334
0 0.08083333333333333 0.3425 0.0033333333333333335 0.013333333333333334
0 0.5741666666666667 0.36333333333333334 0.005833333333333334 0.028333333333333332
0 0.5083333333333333 0.35583333333333333 0.005833333333333334 0.021666666666666667
0 0.25166666666666665 0.34 0.0025 0.014166666666666666
4 0.23083333333333333 0.3358333333333333 0.0016666666666666668 0.010833333333333334
0 0.08916666666666667 0.34 0.0025 0.010833333333333334
0 0.2833333333333333 0.3333333333333333 0.0025 0.010833333333333334
4 0.265 0.32916666666666666 0.0025 0.008333333333333333
0 0.06166666666666667 0.35 0.004166666666666667 0.015
4 0.1325 0.3475 0.0025 0.014166666666666666
4 0.11166666666666666 0.36333333333333334 0.004166666666666667 0.020833333333333332
0 0.31083333333333335 0.3283333333333333 0.0016666666666666668 0.008333333333333333
0 0.05 0.3541666666666667 0.0025 0.0175
0 0.3358333333333333 0.3441666666666667 0.0033333333333333335 0.0175
0 0.255 0.3433333333333333 0.004166666666666667 0.014166666666666666
4 0.27166666666666667 0.33 0.0016666666666666668 0.01