0 0.6225 0.6133333333333333 0.04083333333333333 0.06
0 0.7258333333333333 0.5116666666666667 0.008333333333333333 0.013333333333333334
0 0.6691666666666667 0.5075 0.008333333333333333 0.011666666666666667
0 0.6516666666666666 0.5366666666666666 0.015 0.023333333333333334
0 0.6225 0.5058333333333334 0.0075 0.010833333333333334
0 0.5675 0.5033333333333333 0.006666666666666667 0.01
0 0.49916666666666665 0.5033333333333333 0.006666666666666667 0.01
0 0.43166666666666664 0.5525 0.021666666666666667 0.0325
0 0.41833333333333333 0.5041666666666667 0.008333333333333333 0.011666666666666667
0 0.37 0.5091666666666667 0.01 0.013333333333333334
0 0.33416666666666667 0.5191666666666667 0.011666666666666667 0.0175
0 0.32416666666666666 0.5366666666666666 0.019166666666666665 0.024166666666666666
4 0.8216666666666667 0.5341666666666667 0.018333333333333333 0.024166666666666666
4 0.9458333333333333 0.5475 0.010833333333333334 0.028333333333333332
4 0.6358333333333334 0.525 0.0125 0.019166666666666665
4 0.4791666666666667 0.5591666666666667 0.025833333333333333 0.035833333333333335
4 0.44 0.5166666666666667 0.010833333333333334 0.018333333333333333
4 0.21916666666666668 0.5233333333333333 0.0125 0.019166666666666665
2 0.8358333333333333 0.6075 0.043333333333333335 0.058333333333333334
2 0.6433333333333333 0.5541666666666667 0.021666666666666667 0.03333333333333333
2 0.5283333333333333 0.5183333333333333 0.010833333333333334 0.0175
2 0.405 0.52 0.0125 0.0175
2 0.2075 0.5291666666666667 0.015 0.0225
2 0.060833333333333336 0.5708333333333333 0.024166666666666666 0.041666666666666664