4 0.6883333333333334 0.4816666666666667 0.019166666666666665 0.08583333333333333
0 0.44916666666666666 0.42083333333333334 0.0125 0.0525
4 0.6091666666666666 0.38083333333333336 0.008333333333333333 0.03833333333333333
0 0.18666666666666668 0.7716666666666666 0.03333333333333333 0.15
0 0.3933333333333333 0.5041666666666667 0.02 0.08916666666666667
0 0.4716666666666667 0.3858333333333333 0.008333333333333333 0.03666666666666667
0 0.49666666666666665 0.3458333333333333 0.005 0.020833333333333332
4 0.6366666666666667 0.41333333333333333 0.0125 0.0525
0 0.9183333333333333 0.3433333333333333 0.004166666666666667 0.024166666666666666
4 0.815 0.3458333333333333 0.005833333333333334 0.025
4 0.8183333333333334 0.3975 0.010833333333333334 0.049166666666666664
0 0.5225 0.335 0.004166666666666667 0.016666666666666666
4 0.5966666666666667 0.36333333333333334 0.006666666666666667 0.030833333333333334
4 0.785 0.37333333333333335 0.008333333333333333 0.035833333333333335
0 0.5041666666666667 0.34 0.004166666666666667 0.0175
4 0.7933333333333333 0.3566666666666667 0.006666666666666667 0.029166666666666667
4 0.9225 0.7566666666666667 0.056666666666666664 0.17916666666666667
0 0.9116666666666666 0.33 0.004166666666666667 0.018333333333333333
0 0.9158333333333334 0.335 0.0025 0.020833333333333332
0 0.56 0.3308333333333333 0.0025 0.014166666666666666
0 0.4866666666666667 0.365 0.006666666666666667 0.0275
4 0.5858333333333333 0.3525 0.005 0.024166666666666666
4 0.5808333333333333 0.3383333333333333 0.0025 0.018333333333333333
0 0.8816666666666667 0.325 0.004166666666666667 0.0175
4 0.825 0.3383333333333333 0.004166666666666667 0.020833333333333332
4 0.8008333333333333 0.3275 0.0033333333333333335 0.0175
4 0.7658333333333334 0.3275 0.0025 0.015
4 0.6058333333333333 0.3325 0.0025 0.015
0 0.49083333333333334 0.355 0.004166666666666667 0.0225
4 0.655 0.32916666666666666 0.0025 0.016666666666666666
4 0.7108333333333333 0.3275 0.0025 0.015
0 0.7158333333333333 0.32416666666666666 0.0025 0.013333333333333334
0 0.6108333333333333 0.3283333333333333 0.0025 0.013333333333333334
0 0.515 0.30416666666666664 0.0016666666666666668 0.0075
0 0.5175 0.30416666666666664 0.0016666666666666668 0.008333333333333333
2 0.5141666666666667 0.31083333333333335 0.0008333333333333334 0.008333333333333333
4 0.5791666666666667 0.3433333333333333 0.004166666666666667 0.021666666666666667
4 0.6033333333333334 0.31916666666666665 0.0016666666666666668 0.01
4 0.6175 0.315 0.0016666666666666668 0.01
4 0.6266666666666667 0.31166666666666665 0.0016666666666666668 0.010833333333333334
4 0.6458333333333334 0.30916666666666665 0.0016666666666666668 0.011666666666666667
0 0.6108333333333333 0.2991666666666667 0.0025 0.015
0 0.6566666666666666 0.325 0.0025 0.015
0 0.6266666666666667 0.31916666666666665 0.0025 0.006666666666666667
0 0.6458333333333334 0.31916666666666665 0.0025 0.005833333333333334
0 0.6658333333333334 0.31916666666666665 0.0025 0.005833333333333334
0 0.6616666666666666 0.30666666666666664 0.0016666666666666668 0.008333333333333333
4 0.6108333333333333 0.31 0.0025 0.006666666666666667
4 0.6108333333333333 0.31666666666666665 0.0025 0.005833333333333334
0 0.6616666666666666 0.31333333333333335 0.0016666666666666668 0.005833333333333334
4 0.6658333333333334 0.31 0.0016666666666666668 0.008333333333333333
0 0.7675 0.3225 0.0025 0.015
4 0.77 0.31333333333333335 0.0016666666666666668 0.008333333333333333
4 0.8233333333333334 0.33166666666666667 0.0025 0.0175
0 0.8258333333333333 0.3225 0.0025 0.015
0 0.9216666666666666 0.35583333333333333 0.006666666666666667 0.03166666666666667
2 0.8858333333333334 0.31 0.0016666666666666668 0.008333333333333333
2 0.88 0.30916666666666665 0.0016666666666666668 0.0075
2 0.8758333333333334 0.31 0.0008333333333333334 0.0075
2 0.8675 0.30916666666666665 0.0016666666666666668 0.0075
2 0.8575 0.31 0.0016666666666666668 0.006666666666666667
2 0.8525 0.31083333333333335 0.0016666666666666668 0.006666666666666667
2 0.8475 0.31 0.0016666666666666668 0.006666666666666667
2 0.8425 0.31 0.0016666666666666668 0.005833333333333334
2 0.8383333333333334 0.30916666666666665 0.0008333333333333334 0.0075
4 0.7566666666666667 0.3125 0.0016666666666666668 0.0075
0 0.7658333333333334 0.29333333333333333 0.0025 0.01
0 0.7658333333333334 0.30416666666666664 0.0025 0.010833333333333334
0 0.7625 0.305 0.0016666666666666668 0.011666666666666667
4 0.7633333333333333 0.315 0.0016666666666666668 0.005833333333333334
4 0.7658333333333334 0.315 0.0025 0.004166666666666667
4 0.6183333333333333 0.32166666666666666 0.0025 0.004166666666666667
4 0.8658333333333333 0.3025 0.0016666666666666668 0.01
2 0.7 0.30583333333333335 0.0025 0.004166666666666667
2 0.5116666666666667 0.30666666666666664 0.0008333333333333334 0.006666666666666667
4 0.5858333333333333 0.315 0.0008333333333333334 0.005833333333333334
4 0.6333333333333333 0.30833333333333335 0.0008333333333333334 0.006666666666666667
4 0.6633333333333333 0.31333333333333335 0.0008333333333333334 0.008333333333333333
2 0.8633333333333333 0.31 0.0008333333333333334 0.006666666666666667
2 0.82 0.31 0.0008333333333333334 0.005833333333333334
2 0.8241666666666667 0.31083333333333335 0.0008333333333333334 0.006666666666666667
2 0.8291666666666667 0.31 0.0008333333333333334 0.006666666666666667
2 0.8333333333333334 0.31 0.0008333333333333334 0.005833333333333334