0 0.0875 0.7433333333333333 0.0775 0.12666666666666668
0 0.06666666666666667 0.5641666666666667 0.025833333333333333 0.03666666666666667
0 0.06416666666666666 0.5375 0.019166666666666665 0.025
0 0.23416666666666666 0.5591666666666667 0.024166666666666666 0.03333333333333333
0 0.6141666666666666 0.605 0.034166666666666665 0.0525
0 0.9125 0.8391666666666666 0.0775 0.16833333333333333
4 0.14 0.5425 0.019166666666666665 0.02666666666666667
4 0.4175 0.5775 0.025833333333333333 0.03916666666666667
2 0.3275 0.5491666666666667 0.020833333333333332 0.028333333333333332
2 0.3333333333333333 0.6341666666666667 0.03833333333333333 0.06333333333333334
2 0.6808333333333333 0.5608333333333333 0.019166666666666665 0.03