0 0.17 0.38416666666666666 0.008333333333333333 0.018333333333333333
0 0.5608333333333333 0.3983333333333333 0.01 0.025
0 0.6858333333333333 0.37833333333333335 0.008333333333333333 0.02
0 0.4716666666666667 0.41583333333333333 0.013333333333333334 0.0325
0 0.25916666666666666 0.4841666666666667 0.02666666666666667 0.056666666666666664
0 0.635 0.38666666666666666 0.009166666666666667 0.021666666666666667
0 0.3908333333333333 0.44416666666666665 0.018333333333333333 0.04
0 0.6425 0.365 0.006666666666666667 0.015
0 0.705 0.37 0.006666666666666667 0.018333333333333333
0 0.2866666666666667 0.38083333333333336 0.008333333333333333 0.015833333333333335
0 0.5775 0.36666666666666664 0.006666666666666667 0.016666666666666666
0 0.3975 0.37416666666666665 0.006666666666666667 0.0175
0 0.48833333333333334 0.37083333333333335 0.006666666666666667 0.015833333333333335
0 0.855 0.3475 0.0075 0.010833333333333334
0 0.7658333333333334 0.35 0.006666666666666667 0.009166666666666667
0 0.6625 0.3525 0.006666666666666667 0.01
0 0.47833333333333333 0.3525 0.005 0.008333333333333333
4 0.67 0.495 0.034166666666666665 0.06666666666666667
4 0.8633333333333333 0.37333333333333335 0.01 0.0225
4 0.6491666666666667 0.445 0.019166666666666665 0.0425
4 0.8325 0.3883333333333333 0.010833333333333334 0.024166666666666666
4 0.8183333333333334 0.36666666666666664 0.009166666666666667 0.02
4 0.7625 0.3616666666666667 0.0075 0.015833333333333335
4 0.7575 0.4025 0.014166666666666666 0.028333333333333332
4 0.48583333333333334 0.36333333333333334 0.006666666666666667 0.015
4 0.21916666666666668 0.37333333333333335 0.008333333333333333 0.016666666666666666
4 0.6666666666666666 0.42 0.014166666666666666 0.034166666666666665
4 0.31083333333333335 0.37 0.006666666666666667 0.016666666666666666
4 0.6975 0.3575 0.005833333333333334 0.016666666666666666
4 0.62 0.3575 0.006666666666666667 0.016666666666666666
4 0.5483333333333333 0.36 0.006666666666666667 0.015833333333333335
4 0.4058333333333333 0.36583333333333334 0.006666666666666667 0.015833333333333335
4 0.12583333333333332 0.375 0.006666666666666667 0.016666666666666666
2 0.11583333333333333 0.41583333333333333 0.024166666666666666 0.024166666666666666
2 0.12416666666666666 0.37 0.015 0.014166666666666666
1 0.09583333333333334 0.5916666666666667 0.041666666666666664 0.18666666666666668
1 0.885 0.6225 0.07916666666666666 0.22
1 0.7891666666666667 0.5658333333333333 0.07583333333333334 0.17333333333333334