0 0.06333333333333334 0.21666666666666667 0.0075 0.03166666666666667
0 0.94 0.3383333333333333 0.006666666666666667 0.025
4 0.2725 0.39916666666666667 0.025833333333333333 0.09416666666666666
4 0.22333333333333333 0.31833333333333336 0.015833333333333335 0.06666666666666667
4 0.7933333333333333 0.30666666666666664 0.006666666666666667 0.021666666666666667
4 0.18083333333333335 0.23083333333333333 0.006666666666666667 0.0275
0 0.11416666666666667 0.19166666666666668 0.005 0.019166666666666665
4 0.20166666666666666 0.2725 0.011666666666666667 0.049166666666666664
4 0.86 0.3258333333333333 0.006666666666666667 0.025833333333333333
0 0.135 0.19166666666666668 0.004166666666666667 0.018333333333333333
4 0.18833333333333332 0.24416666666666667 0.008333333333333333 0.03666666666666667
0 0.09083333333333334 0.195 0.005 0.0225
4 0.19583333333333333 0.20833333333333334 0.004166666666666667 0.020833333333333332
4 0.9116666666666666 0.3475 0.008333333333333333 0.0325
0 0.7683333333333333 0.2925 0.004166666666666667 0.019166666666666665
0 0.18166666666666667 0.19416666666666665 0.0033333333333333335 0.016666666666666666
4 0.31833333333333336 0.21333333333333335 0.004166666666666667 0.0175
0 0.5216666666666666 0.2425 0.0025 0.015
4 0.43166666666666664 0.6358333333333334 0.050833333333333335 0.1975
4 0.6283333333333333 0.2683333333333333 0.004166666666666667 0.021666666666666667
0 0.8541666666666666 0.31416666666666665 0.005833333333333334 0.021666666666666667
4 0.5441666666666667 0.2525 0.0025 0.0175
0 0.5825 0.255 0.0025 0.014166666666666666
0 0.3233333333333333 0.21 0.0033333333333333335 0.015
4 0.17916666666666667 0.21833333333333332 0.0033333333333333335 0.0225
0 0.08166666666666667 0.20583333333333334 0.006666666666666667 0.025833333333333333
4 0.4691666666666667 0.23833333333333334 0.0033333333333333335 0.018333333333333333
0 0.255 0.20166666666666666 0.0033333333333333335 0.016666666666666666
0 0.7066666666666667 0.2808333333333333 0.004166666666666667 0.0175
0 0.37 0.21666666666666667 0.0033333333333333335 0.013333333333333334
4 0.5083333333333333 0.22416666666666665 0.0025 0.008333333333333333
4 0.24583333333333332 0.20666666666666667 0.005 0.019166666666666665
4 0.7108333333333333 0.28583333333333333 0.005 0.021666666666666667
0 0.4191666666666667 0.22416666666666665 0.0033333333333333335 0.015
4 0.3933333333333333 0.2225 0.0033333333333333335 0.0175
4 0.33166666666666667 0.19833333333333333 0.0016666666666666668 0.0075
0 0.6416666666666667 0.26666666666666666 0.004166666666666667 0.018333333333333333
4 0.26916666666666667 0.19 0.0025 0.01
4 0.2916666666666667 0.1975 0.0016666666666666668 0.0075
4 0.49333333333333335 0.2175 0.0025 0.008333333333333333
4 0.5175 0.21833333333333332 0.0016666666666666668 0.008333333333333333
4 0.31083333333333335 0.19583333333333333 0.0016666666666666668 0.0075
4 0.4708333333333333 0.21666666666666667 0.0016666666666666668 0.01
0 0.32916666666666666 0.1925 0.0016666666666666668 0.006666666666666667
0 0.26666666666666666 0.18833333333333332 0.0025 0.01
0 0.285 0.19083333333333333 0.0016666666666666668 0.005833333333333334
4 0.2966666666666667 0.19 0.0025 0.0075
4 0.29083333333333333 0.19333333333333333 0.0008333333333333334 0.008333333333333333
2 0.3016666666666667 0.19583333333333333 0.0016666666666666668 0.0075
2 0.30583333333333335 0.19166666666666668 0.0016666666666666668 0.006666666666666667
4 0.30833333333333335 0.19083333333333333 0.0008333333333333334 0.0075
0 0.315 0.195 0.0016666666666666668 0.01
0 0.30916666666666665 0.19333333333333333 0.0016666666666666668 0.0075
4 0.3333333333333333 0.19583333333333333 0.0008333333333333334 0.01
4 0.3358333333333333 0.19166666666666668 0.0016666666666666668 0.008333333333333333
4 0.33916666666666667 0.19083333333333333 0.0016666666666666668 0.0075
0 0.3383333333333333 0.19583333333333333 0.0016666666666666668 0.01
0 0.45666666666666667 0.21166666666666667 0.0016666666666666668 0.008333333333333333
0 0.46416666666666667 0.20666666666666667 0.0016666666666666668 0.008333333333333333
0 0.4708333333333333 0.23166666666666666 0.0016666666666666668 0.015
0 0.48083333333333333 0.21583333333333332 0.0016666666666666668 0.0075
4 0.49 0.20833333333333334 0.0025 0.0075
4 0.4666666666666667 0.205 0.0016666666666666668 0.0075
4 0.46166666666666667 0.2025 0.0016666666666666668 0.006666666666666667
4 0.5066666666666667 0.21 0.0016666666666666668 0.0075
0 0.5 0.21083333333333334 0.0016666666666666668 0.006666666666666667
0 0.515 0.21333333333333335 0.0016666666666666668 0.006666666666666667
0 0.5158333333333334 0.21666666666666667 0.0016666666666666668 0.0075
0 0.5241666666666667 0.22583333333333333 0.0016666666666666668 0.010833333333333334
4 0.5283333333333333 0.22666666666666666 0.0025 0.011666666666666667
4 0.62 0.21833333333333332 0.0016666666666666668 0.005833333333333334
4 0.6275 0.22416666666666665 0.0016666666666666668 0.0075
4 0.6308333333333334 0.22416666666666665 0.0016666666666666668 0.0075
4 0.6341666666666667 0.22083333333333333 0.0016666666666666668 0.006666666666666667
4 0.6433333333333333 0.2225 0.0016666666666666668 0.0075
4 0.6525 0.22833333333333333 0.0016666666666666668 0.008333333333333333
4 0.6533333333333333 0.22333333333333333 0.0008333333333333334 0.0075
4 0.665 0.22666666666666666 0.0016666666666666668 0.0075
4 0.6675 0.2275 0.0016666666666666668 0.0075
4 0.6816666666666666 0.23083333333333333 0.0016666666666666668 0.008333333333333333
4 0.6858333333333333 0.23 0.0016666666666666668 0.0075
0 0.6725 0.2275 0.0016666666666666668 0.0075
0 0.6891666666666667 0.23083333333333333 0.0016666666666666668 0.0075
0 0.6908333333333333 0.23 0.0016666666666666668 0.0075
4 0.6925 0.23166666666666666 0.0016666666666666668 0.006666666666666667
4 0.7091666666666666 0.23333333333333334 0.0016666666666666668 0.008333333333333333
0 0.705 0.23 0.0008333333333333334 0.0075
0 0.72 0.23333333333333334 0.0016666666666666668 0.0075
4 0.7225 0.235 0.0016666666666666668 0.01
2 0.64 0.2225 0.0016666666666666668 0.006666666666666667
4 0.62 0.2225 0.0016666666666666668 0.006666666666666667
4 0.62 0.2275 0.0016666666666666668 0.006666666666666667