4 0.2966666666666667 0.3375 0.0125 0.05333333333333334
0 0.36583333333333334 0.29 0.0075 0.035833333333333335
0 0.6991666666666667 0.2816666666666667 0.0125 0.049166666666666664
0 0.55 0.2966666666666667 0.010833333333333334 0.05
0 0.38416666666666666 0.2633333333333333 0.005833333333333334 0.025833333333333333
0 0.8266666666666667 0.25833333333333336 0.010833333333333334 0.043333333333333335
0 0.4775 0.24166666666666667 0.004166666666666667 0.021666666666666667
0 0.42583333333333334 0.2975 0.01 0.043333333333333335
0 0.42916666666666664 0.25083333333333335 0.005 0.024166666666666666
0 0.3591666666666667 0.2758333333333333 0.006666666666666667 0.030833333333333334
0 0.7525 0.21916666666666668 0.005 0.024166666666666666
4 0.7975 0.31916666666666665 0.016666666666666666 0.06916666666666667
4 0.7133333333333334 0.2125 0.004166666666666667 0.020833333333333332
4 0.25333333333333335 0.29 0.006666666666666667 0.03166666666666667
4 0.8825 0.2125 0.005833333333333334 0.025
4 0.5033333333333333 0.3458333333333333 0.015 0.07083333333333333
2 0.7325 0.4141666666666667 0.03 0.10833333333333334
4 0.5316666666666666 0.2275 0.004166666666666667 0.019166666666666665
0 0.8491666666666666 0.22916666666666666 0.006666666666666667 0.03166666666666667
4 0.44166666666666665 0.24 0.005 0.020833333333333332
4 0.6258333333333334 0.2175 0.0033333333333333335 0.019166666666666665
4 0.30583333333333335 0.26916666666666667 0.005 0.025833333333333333
0 0.6191666666666666 0.22416666666666665 0.005 0.020833333333333332
4 0.23416666666666666 0.31333333333333335 0.009166666666666667 0.04
4 0.8025 0.21 0.005833333333333334 0.0225
0 0.6866666666666666 0.22 0.005 0.0225
4 0.375 0.2525 0.005 0.021666666666666667
0 0.8083333333333333 0.2225 0.006666666666666667 0.0275
0 0.5466666666666666 0.23166666666666666 0.004166666666666667 0.021666666666666667
2 0.895 0.19666666666666666 0.004166666666666667 0.019166666666666665
2 0.45916666666666667 0.7433333333333333 0.05333333333333334 0.20833333333333334
2 0.9041666666666667 0.18333333333333332 0.0033333333333333335 0.015
2 0.9258333333333333 0.18166666666666667 0.0033333333333333335 0.016666666666666666
2 0.9491666666666667 0.18083333333333335 0.0025 0.0175
2 0.9 0.18916666666666668 0.0033333333333333335 0.0175
2 0.8875 0.20666666666666667 0.004166666666666667 0.0225
3 0.92 0.18166666666666667 0.0025 0.010833333333333334
1 0.8616666666666667 0.22583333333333333 0.006666666666666667 0.058333333333333334
1 0.8558333333333333 0.23333333333333334 0.010833333333333334 0.06166666666666667
0 0.8616666666666667 0.24166666666666667 0.004166666666666667 0.03666666666666667