0 0.5908333333333333 0.5425 0.02666666666666667 0.09583333333333334
0 0.7116666666666667 0.4875 0.0175 0.06666666666666667
0 0.36333333333333334 0.6916666666666667 0.05 0.18166666666666667
0 0.06416666666666666 0.38166666666666665 0.015 0.0525
0 0.8766666666666667 0.43166666666666664 0.008333333333333333 0.03166666666666667
0 0.8383333333333334 0.44333333333333336 0.010833333333333334 0.04
0 0.785 0.4633333333333333 0.013333333333333334 0.0525
0 0.225 0.395 0.0125 0.04416666666666667
0 0.4083333333333333 0.3958333333333333 0.010833333333333334 0.03916666666666667
0 0.9225 0.4275 0.008333333333333333 0.0275
0 0.78 0.3983333333333333 0.005833333333333334 0.025
0 0.855 0.41 0.005833333333333334 0.024166666666666666
4 0.8866666666666667 0.39916666666666667 0.005 0.018333333333333333
0 0.7133333333333334 0.385 0.005833333333333334 0.0175
0 0.49833333333333335 0.3925 0.008333333333333333 0.028333333333333332
4 0.8708333333333333 0.405 0.005 0.020833333333333332
4 0.16333333333333333 0.36833333333333335 0.010833333333333334 0.035
4 0.9491666666666667 0.4166666666666667 0.004166666666666667 0.0275
4 0.315 0.37416666666666665 0.010833333333333334 0.035833333333333335
4 0.4025 0.3775 0.006666666666666667 0.029166666666666667
4 0.43583333333333335 0.3725 0.0075 0.0275
0 0.5391666666666667 0.3775 0.006666666666666667 0.019166666666666665
0 0.545 0.38666666666666666 0.0075 0.025833333333333333
0 0.6758333333333333 0.3775 0.005833333333333334 0.018333333333333333
0 0.565 0.37 0.005 0.018333333333333333