0 0.6533333333333333 0.29 0.005833333333333334 0.024166666666666666
0 0.08666666666666667 0.24666666666666667 0.009166666666666667 0.0325
0 0.6108333333333333 0.2866666666666667 0.005833333333333334 0.025
0 0.6841666666666667 0.2916666666666667 0.005833333333333334 0.0225
0 0.5133333333333333 0.2733333333333333 0.005833333333333334 0.0225
4 0.11 0.27416666666666667 0.0125 0.04416666666666667
4 0.485 0.2808333333333333 0.0075 0.029166666666666667
4 0.6683333333333333 0.3075 0.0075 0.030833333333333334
4 0.73 0.31083333333333335 0.006666666666666667 0.028333333333333332
4 0.4266666666666667 0.2733333333333333 0.0075 0.029166666666666667
0 0.7058333333333333 0.2916666666666667 0.005 0.020833333333333332
0 0.20583333333333334 0.2475 0.006666666666666667 0.0275
0 0.5733333333333334 0.2816666666666667 0.006666666666666667 0.025
4 0.775 0.31166666666666665 0.006666666666666667 0.025833333333333333
4 0.8 0.31083333333333335 0.004166666666666667 0.021666666666666667
4 0.2725 0.265 0.008333333333333333 0.0325
0 0.41333333333333333 0.2608333333333333 0.005833333333333334 0.024166666666666666
4 0.275 0.515 0.03916666666666667 0.1425
4 0.59 0.2975 0.0075 0.030833333333333334
4 0.7866666666666666 0.2875 0.0033333333333333335 0.014166666666666666
4 0.8141666666666667 0.30833333333333335 0.004166666666666667 0.020833333333333332
4 0.8958333333333334 0.30083333333333334 0.0033333333333333335 0.014166666666666666
4 0.9308333333333333 0.30666666666666664 0.0033333333333333335 0.014166666666666666
4 0.1925 0.2675 0.01 0.03666666666666667
0 0.31166666666666665 0.2525 0.006666666666666667 0.025833333333333333
4 0.8066666666666666 0.2966666666666667 0.004166666666666667 0.0175
4 0.7983333333333333 0.2925 0.0025 0.015
4 0.8191666666666667 0.305 0.004166666666666667 0.018333333333333333
4 0.825 0.2891666666666667 0.0025 0.013333333333333334
0 0.9025 0.2991666666666667 0.0033333333333333335 0.011666666666666667
4 0.8041666666666667 0.2866666666666667 0.0033333333333333335 0.013333333333333334
4 0.7925 0.2866666666666667 0.0033333333333333335 0.013333333333333334
0 0.7558333333333334 0.2775 0.0033333333333333335 0.010833333333333334
4 0.34833333333333333 0.2675 0.008333333333333333 0.030833333333333334
4 0.8575 0.29333333333333333 0.0033333333333333335 0.013333333333333334
4 0.8116666666666666 0.3 0.004166666666666667 0.0175
0 0.845 0.2891666666666667 0.0025 0.010833333333333334
4 0.72 0.7775 0.029166666666666667 0.14166666666666666
4 0.051666666666666666 0.2991666666666667 0.006666666666666667 0.0425
0 0.7216666666666667 0.2916666666666667 0.005 0.018333333333333333
0 0.7208333333333333 0.2775 0.004166666666666667 0.015
0 0.7258333333333333 0.2816666666666667 0.004166666666666667 0.015
0 0.73 0.29 0.005833333333333334 0.018333333333333333
0 0.7291666666666666 0.27416666666666667 0.0025 0.011666666666666667