0 0.24 0.4266666666666667 0.0125 0.018333333333333333
0 0.18916666666666668 0.4975 0.013333333333333334 0.021666666666666667
0 0.1325 0.5191666666666667 0.0225 0.03166666666666667
0 0.14083333333333334 0.49416666666666664 0.014166666666666666 0.019166666666666665
0 0.06416666666666666 0.48083333333333333 0.0125 0.0175
0 0.075 0.4708333333333333 0.008333333333333333 0.0125
4 0.6316666666666667 0.6925 0.06 0.1
4 0.33666666666666667 0.58 0.0325 0.05416666666666667
4 0.25416666666666665 0.5375 0.024166666666666666 0.0375
4 0.27666666666666667 0.5175 0.02 0.0275
4 0.20166666666666666 0.42916666666666664 0.01 0.015
4 0.16583333333333333 0.4508333333333333 0.0075 0.0125
4 0.1175 0.5433333333333333 0.03 0.041666666666666664
4 0.125 0.4683333333333333 0.006666666666666667 0.011666666666666667
2 0.285 0.5591666666666667 0.03916666666666667 0.03166666666666667
2 0.15666666666666668 0.485 0.011666666666666667 0.0175