2 0.8625 0.2175 0.0075 0.0325
2 0.7375 0.345 0.019166666666666665 0.08166666666666667
2 0.7591666666666667 0.3458333333333333 0.0225 0.08333333333333333
2 0.6775 0.4508333333333333 0.034166666666666665 0.12833333333333333
2 0.8391666666666666 0.24583333333333332 0.011666666666666667 0.043333333333333335
2 0.7966666666666666 0.29833333333333334 0.016666666666666666 0.06416666666666666
2 0.875 0.2 0.005 0.025833333333333333
2 0.8958333333333334 0.17333333333333334 0.0033333333333333335 0.016666666666666666
2 0.8841666666666667 0.18833333333333332 0.005 0.021666666666666667
2 0.8908333333333334 0.18 0.005 0.020833333333333332
2 0.9 0.17083333333333334 0.0025 0.013333333333333334
2 0.9008333333333334 0.16666666666666666 0.0025 0.013333333333333334
2 0.9041666666666667 0.16333333333333333 0.0025 0.010833333333333334
2 0.9058333333333334 0.16 0.0016666666666666668 0.011666666666666667