0 0.3408333333333333 0.5416666666666666 0.028333333333333332 0.10833333333333334
0 0.37916666666666665 0.4525 0.015833333333333335 0.06416666666666666
4 0.5891666666666666 0.4225 0.01 0.04
4 0.6266666666666667 0.4633333333333333 0.014166666666666666 0.0575
0 0.7733333333333333 0.4008333333333333 0.005833333333333334 0.024166666666666666
4 0.615 0.39166666666666666 0.005833333333333334 0.024166666666666666
4 0.925 0.4225 0.004166666666666667 0.021666666666666667
4 0.7041666666666667 0.4191666666666667 0.009166666666666667 0.035
0 0.9391666666666667 0.43 0.006666666666666667 0.025
0 0.7916666666666666 0.41583333333333333 0.006666666666666667 0.029166666666666667
0 0.9033333333333333 0.43666666666666665 0.01 0.035833333333333335
0 0.395 0.39416666666666667 0.009166666666666667 0.03833333333333333
0 0.37583333333333335 0.37416666666666665 0.0075 0.029166666666666667
4 0.6458333333333334 0.4025 0.006666666666666667 0.029166666666666667
4 0.8591666666666666 0.4091666666666667 0.005833333333333334 0.020833333333333332
4 0.5241666666666667 0.3675 0.004166666666666667 0.019166666666666665
0 0.4125 0.35833333333333334 0.005 0.018333333333333333
4 0.9466666666666667 0.4625 0.01 0.04666666666666667
4 0.6833333333333333 0.5233333333333333 0.0225 0.08333333333333333
4 0.8375 0.4091666666666667 0.005 0.020833333333333332
0 0.89 0.41333333333333333 0.004166666666666667 0.016666666666666666
0 0.7225 0.4008333333333333 0.006666666666666667 0.024166666666666666
4 0.795 0.39916666666666667 0.0033333333333333335 0.018333333333333333
4 0.5608333333333333 0.36833333333333335 0.004166666666666667 0.0175
4 0.6858333333333333 0.38666666666666666 0.006666666666666667 0.021666666666666667
4 0.8041666666666667 0.43833333333333335 0.010833333333333334 0.041666666666666664
4 0.6533333333333333 0.3775 0.004166666666666667 0.0175
4 0.5275 0.40166666666666667 0.008333333333333333 0.03333333333333333
4 0.6333333333333333 0.3858333333333333 0.005833333333333334 0.021666666666666667
4 0.72 0.38666666666666666 0.004166666666666667 0.018333333333333333
2 0.16916666666666666 0.3225 0.004166666666666667 0.0175
4 0.8258333333333333 0.64 0.0425 0.1325
4 0.5958333333333333 0.37 0.004166666666666667 0.016666666666666666
4 0.7608333333333334 0.3958333333333333 0.005833333333333334 0.020833333333333332
0 0.8466666666666667 0.4141666666666667 0.006666666666666667 0.024166666666666666
0 0.6183333333333333 0.36833333333333335 0.004166666666666667 0.015
2 0.2 0.3225 0.004166666666666667 0.016666666666666666
0 0.8275 0.4033333333333333 0.004166666666666667 0.015
0 0.5583333333333333 0.3616666666666667 0.0033333333333333335 0.015
0 0.7633333333333333 0.3925 0.0025 0.015
2 0.23916666666666667 0.3233333333333333 0.004166666666666667 0.014166666666666666
2 0.12 0.3225 0.005833333333333334 0.019166666666666665
0 0.38083333333333336 0.3641666666666667 0.005 0.024166666666666666
4 0.91 0.4191666666666667 0.005 0.018333333333333333