0 0.5091666666666667 0.5333333333333333 0.02666666666666667 0.10416666666666667
0 0.20666666666666667 0.715 0.050833333333333335 0.19916666666666666
0 0.155 0.4116666666666667 0.013333333333333334 0.05333333333333334
0 0.6866666666666666 0.4708333333333333 0.016666666666666666 0.06416666666666666
0 0.3625 0.38666666666666666 0.008333333333333333 0.0325
0 0.2875 0.39916666666666667 0.008333333333333333 0.04
4 0.25 0.375 0.008333333333333333 0.03666666666666667
0 0.31833333333333336 0.3525 0.005833333333333334 0.021666666666666667
0 0.14333333333333334 0.335 0.005833333333333334 0.020833333333333332
0 0.4075 0.37583333333333335 0.008333333333333333 0.03166666666666667
4 0.26416666666666666 0.3575 0.005833333333333334 0.024166666666666666
0 0.056666666666666664 0.33166666666666667 0.005833333333333334 0.021666666666666667
0 0.8175 0.4608333333333333 0.014166666666666666 0.056666666666666664
4 0.11416666666666667 0.38333333333333336 0.01 0.03916666666666667
4 0.12666666666666668 0.3416666666666667 0.0075 0.0275
2 0.5883333333333334 0.3575 0.004166666666666667 0.015
4 0.45416666666666666 0.3275 0.0025 0.010833333333333334
4 0.20166666666666666 0.3466666666666667 0.005833333333333334 0.021666666666666667
2 0.565 0.3541666666666667 0.004166666666666667 0.014166666666666666
0 0.2675 0.3433333333333333 0.005833333333333334 0.0175
0 0.3775 0.3616666666666667 0.008333333333333333 0.028333333333333332
4 0.2866666666666667 0.36833333333333335 0.006666666666666667 0.029166666666666667
2 0.3466666666666667 0.3275 0.005 0.014166666666666666