2 0.9166666666666666 0.16666666666666666 0.0075 0.024166666666666666
2 0.7125 0.2608333333333333 0.015 0.05416666666666667
2 0.6225 0.3566666666666667 0.02666666666666667 0.0925
2 0.785 0.18333333333333332 0.008333333333333333 0.025
2 0.7716666666666666 0.19916666666666666 0.01 0.030833333333333334
2 0.9316666666666666 0.17416666666666666 0.008333333333333333 0.029166666666666667
2 0.7941666666666667 0.175 0.006666666666666667 0.021666666666666667
1 0.18916666666666668 0.7566666666666667 0.0375 0.17833333333333334
2 0.7516666666666667 0.22083333333333333 0.011666666666666667 0.03833333333333333
2 0.8008333333333333 0.1675 0.006666666666666667 0.0175
2 0.9066666666666666 0.16 0.006666666666666667 0.016666666666666666
2 0.8975 0.15666666666666668 0.004166666666666667 0.01
2 0.8058333333333333 0.16083333333333333 0.004166666666666667 0.0175
2 0.8916666666666667 0.15583333333333332 0.004166666666666667 0.006666666666666667
4 0.05416666666666667 0.24833333333333332 0.004166666666666667 0.014166666666666666
4 0.06833333333333333 0.24333333333333335 0.0033333333333333335 0.010833333333333334
4 0.08583333333333333 0.24 0.004166666666666667 0.011666666666666667
4 0.09166666666666666 0.24166666666666667 0.004166666666666667 0.014166666666666666
4 0.10916666666666666 0.23666666666666666 0.0033333333333333335 0.013333333333333334
4 0.1275 0.23666666666666666 0.0033333333333333335 0.010833333333333334
4 0.13583333333333333 0.23333333333333334 0.0033333333333333335 0.01
4 0.15833333333333333 0.22916666666666666 0.0033333333333333335 0.01
4 0.17166666666666666 0.22583333333333333 0.0033333333333333335 0.01
4 0.18166666666666667 0.22333333333333333 0.0025 0.01
4 0.19583333333333333 0.22416666666666665 0.004166666666666667 0.011666666666666667
4 0.20583333333333334 0.21833333333333332 0.0025 0.008333333333333333
4 0.225 0.215 0.0033333333333333335 0.0075
4 0.23833333333333334 0.21833333333333332 0.0033333333333333335 0.010833333333333334
4 0.23666666666666666 0.215 0.0025 0.008333333333333333
4 0.24083333333333334 0.21166666666666667 0.0025 0.006666666666666667
4 0.25 0.215 0.0033333333333333335 0.01
4 0.2525 0.215 0.0025 0.010833333333333334
4 0.2658333333333333 0.21416666666666667 0.0025 0.010833333333333334
4 0.27 0.21166666666666667 0.0025 0.010833333333333334
4 0.2733333333333333 0.21166666666666667 0.0025 0.010833333333333334
4 0.28833333333333333 0.20416666666666666 0.0025 0.008333333333333333
4 0.29333333333333333 0.20333333333333334 0.0025 0.008333333333333333
0 0.06583333333333333 0.24083333333333334 0.0025 0.01
0 0.08 0.24583333333333332 0.0033333333333333335 0.010833333333333334
0 0.0975 0.23666666666666666 0.0033333333333333335 0.010833333333333334
0 0.115 0.23416666666666666 0.0025 0.01
0 0.1275 0.23166666666666666 0.0033333333333333335 0.008333333333333333
0 0.13166666666666665 0.23666666666666666 0.0025 0.01
0 0.14 0.23083333333333333 0.0025 0.010833333333333334
0 0.1525 0.22833333333333333 0.0025 0.008333333333333333
0 0.16166666666666665 0.23166666666666666 0.0025 0.010833333333333334
0 0.1675 0.22416666666666665 0.0025 0.01
0 0.17916666666666667 0.22916666666666666 0.0025 0.01
0 0.18333333333333332 0.22 0.0025 0.0075
0 0.21416666666666667 0.22416666666666665 0.0033333333333333335 0.010833333333333334
0 0.2475 0.21 0.0025 0.008333333333333333
0 0.255 0.21666666666666667 0.0033333333333333335 0.01
0 0.2808333333333333 0.20833333333333334 0.0025 0.01
0 0.2758333333333333 0.20666666666666667 0.0025 0.008333333333333333
0 0.29583333333333334 0.21 0.0025 0.010833333333333334
0 0.2975 0.20583333333333334 0.0025 0.010833333333333334
0 0.30666666666666664 0.20083333333333334 0.0025 0.0075
0 0.31083333333333335 0.20083333333333334 0.0025 0.0075
0 0.31166666666666665 0.20666666666666667 0.0025 0.008333333333333333
0 0.31666666666666665 0.19916666666666666 0.0025 0.006666666666666667
0 0.32 0.19916666666666666 0.0025 0.008333333333333333
4 0.19333333333333333 0.22083333333333333 0.0025 0.01