0 0.71 0.24416666666666667 0.0075 0.035
0 0.8525 0.29083333333333333 0.013333333333333334 0.0575
0 0.565 0.24583333333333332 0.005833333333333334 0.029166666666666667
0 0.8016666666666666 0.25916666666666666 0.010833333333333334 0.035833333333333335
0 0.665 0.24333333333333335 0.006666666666666667 0.030833333333333334
0 0.8358333333333333 0.26916666666666667 0.0125 0.0475
0 0.76 0.25083333333333335 0.0075 0.03666666666666667
0 0.5041666666666667 0.2425 0.006666666666666667 0.024166666666666666
4 0.7208333333333333 0.2275 0.006666666666666667 0.025833333333333333
4 0.8858333333333334 0.2 0.004166666666666667 0.019166666666666665
0 0.8966666666666666 0.19333333333333333 0.005 0.019166666666666665
4 0.9475 0.1975 0.005 0.019166666666666665
4 0.58 0.22833333333333333 0.006666666666666667 0.021666666666666667
0 0.8233333333333334 0.31583333333333335 0.016666666666666666 0.06666666666666667
0 0.4266666666666667 0.6933333333333334 0.060833333333333336 0.23166666666666666
4 0.8741666666666666 0.23083333333333333 0.0075 0.0325
0 0.8233333333333334 0.19916666666666666 0.005833333333333334 0.019166666666666665
4 0.7041666666666667 0.20833333333333334 0.004166666666666667 0.015
4 0.7975 0.2275 0.006666666666666667 0.029166666666666667
4 0.6525 0.21416666666666667 0.004166666666666667 0.015
1 0.6975 0.4008333333333333 0.0425 0.18333333333333332
0 0.5183333333333333 0.22916666666666666 0.004166666666666667 0.018333333333333333
1 0.7308333333333333 0.38083333333333336 0.024166666666666666 0.175
4 0.8033333333333333 0.2025 0.004166666666666667 0.015
0 0.6883333333333334 0.20833333333333334 0.004166666666666667 0.016666666666666666
0 0.49333333333333335 0.23833333333333334 0.008333333333333333 0.024166666666666666
4 0.6133333333333333 0.22083333333333333 0.005833333333333334 0.019166666666666665
4 0.6241666666666666 0.23083333333333333 0.004166666666666667 0.021666666666666667
0 0.9325 0.1925 0.004166666666666667 0.015
0 0.7183333333333334 0.4191666666666667 0.019166666666666665 0.11416666666666667
0 0.5666666666666667 0.21833333333333332 0.005 0.015
0 0.6266666666666667 0.2125 0.004166666666666667 0.016666666666666666
4 0.5908333333333333 0.22416666666666665 0.004166666666666667 0.019166666666666665
4 0.7566666666666667 0.205 0.004166666666666667 0.016666666666666666
4 0.5933333333333334 0.23 0.005833333333333334 0.0225
0 0.7533333333333333 0.2025 0.004166666666666667 0.016666666666666666