0 0.7566666666666667 0.49083333333333334 0.013333333333333334 0.06666666666666667
0 0.25416666666666665 0.41 0.014166666666666666 0.05416666666666667
0 0.9066666666666666 0.44916666666666666 0.010833333333333334 0.041666666666666664
0 0.7258333333333333 0.43333333333333335 0.01 0.043333333333333335
0 0.6216666666666667 0.55 0.024166666666666666 0.1025
0 0.8433333333333334 0.4691666666666667 0.015 0.05333333333333334
4 0.6166666666666667 0.4083333333333333 0.01 0.03833333333333333
0 0.78 0.41333333333333333 0.008333333333333333 0.035
0 0.3575 0.6883333333333334 0.051666666666666666 0.18166666666666667
0 0.5083333333333333 0.43916666666666665 0.016666666666666666 0.056666666666666664
0 0.8483333333333334 0.4008333333333333 0.006666666666666667 0.025833333333333333
0 0.1175 0.38083333333333336 0.011666666666666667 0.041666666666666664
4 0.4325 0.4041666666666667 0.01 0.0425
0 0.3408333333333333 0.36 0.004166666666666667 0.0175
4 0.8391666666666666 0.38333333333333336 0.005 0.018333333333333333
4 0.6433333333333333 0.38083333333333336 0.005 0.0225
0 0.9308333333333333 0.4141666666666667 0.006666666666666667 0.025833333333333333
4 0.6733333333333333 0.39666666666666667 0.006666666666666667 0.030833333333333334
4 0.5058333333333334 0.36333333333333334 0.0033333333333333335 0.015
4 0.5733333333333334 0.365 0.0033333333333333335 0.0175
0 0.15666666666666668 0.3566666666666667 0.005833333333333334 0.025
4 0.905 0.3925 0.005833333333333334 0.019166666666666665
4 0.3566666666666667 0.3616666666666667 0.005833333333333334 0.019166666666666665
0 0.24333333333333335 0.35833333333333334 0.004166666666666667 0.019166666666666665
4 0.23083333333333333 0.3625 0.005833333333333334 0.025
0 0.77 0.4008333333333333 0.006666666666666667 0.025
4 0.5641666666666667 0.36833333333333335 0.004166666666666667 0.018333333333333333
4 0.8091666666666667 0.38333333333333336 0.004166666666666667 0.0175
0 0.7141666666666666 0.38333333333333336 0.005833333333333334 0.0225
4 0.6975 0.36666666666666664 0.0033333333333333335 0.013333333333333334
0 0.74 0.37916666666666665 0.004166666666666667 0.018333333333333333
0 0.6508333333333334 0.3675 0.0025 0.013333333333333334
4 0.6558333333333334 0.36666666666666664 0.0033333333333333335 0.0175
4 0.8733333333333333 0.3958333333333333 0.005833333333333334 0.021666666666666667
0 0.6358333333333334 0.37166666666666665 0.0033333333333333335 0.015
4 0.54 0.3616666666666667 0.0033333333333333335 0.015
4 0.4116666666666667 0.3625 0.004166666666666667 0.016666666666666666
0 0.7791666666666667 0.3875 0.005 0.020833333333333332
4 0.5875 0.37 0.004166666666666667 0.020833333333333332
4 0.735 0.36833333333333335 0.0033333333333333335 0.011666666666666667
4 0.7625 0.375 0.005 0.0175
4 0.7558333333333334 0.37 0.004166666666666667 0.014166666666666666
4 0.29333333333333333 0.38666666666666666 0.01 0.03833333333333333
0 0.8241666666666667 0.375 0.0033333333333333335 0.015
1 0.4483333333333333 0.37083333333333335 0.006666666666666667 0.025833333333333333
0 0.71 0.3725 0.0033333333333333335 0.0175
4 0.7891666666666667 0.375 0.0025 0.015
0 0.42333333333333334 0.36 0.0033333333333333335 0.013333333333333334
4 0.455 0.3625 0.004166666666666667 0.016666666666666666
4 0.21916666666666668 0.36833333333333335 0.008333333333333333 0.0325
0 0.385 0.3616666666666667 0.0025 0.011666666666666667
0 0.4625 0.36 0.0033333333333333335 0.013333333333333334
0 0.5475 0.36 0.0033333333333333335 0.011666666666666667
4 0.2816666666666667 0.3616666666666667 0.006666666666666667 0.0225
4 0.5758333333333333 0.36333333333333334 0.0025 0.01
4 0.6591666666666667 0.365 0.0025 0.014166666666666666
0 0.9408333333333333 0.3975 0.004166666666666667 0.014166666666666666
4 0.9491666666666667 0.4083333333333333 0.0025 0.021666666666666667