0 0.315 0.33166666666666667 0.014166666666666666 0.05583333333333333
0 0.4508333333333333 0.33666666666666667 0.018333333333333333 0.065
0 0.6416666666666667 0.31833333333333336 0.016666666666666666 0.06416666666666666
0 0.3175 0.2775 0.006666666666666667 0.029166666666666667
0 0.43333333333333335 0.24916666666666668 0.0075 0.025
0 0.37583333333333335 0.26166666666666666 0.006666666666666667 0.0275
4 0.7525 0.3975 0.0275 0.10416666666666667
4 0.33416666666666667 0.42833333333333334 0.029166666666666667 0.0975
0 0.2775 0.295 0.009166666666666667 0.03833333333333333
0 0.7383333333333333 0.22583333333333333 0.006666666666666667 0.028333333333333332
0 0.8116666666666666 0.2833333333333333 0.015 0.05583333333333333
0 0.8 0.23 0.008333333333333333 0.03333333333333333
0 0.6658333333333334 0.22583333333333333 0.0075 0.0275
4 0.15916666666666668 0.31166666666666665 0.010833333333333334 0.03833333333333333
4 0.6983333333333334 0.21666666666666667 0.008333333333333333 0.025
0 0.5925 0.23 0.005 0.025
4 0.8858333333333334 0.2175 0.008333333333333333 0.030833333333333334
4 0.39916666666666667 0.2475 0.006666666666666667 0.0225
4 0.3233333333333333 0.26166666666666666 0.005833333333333334 0.025833333333333333
4 0.1025 0.34833333333333333 0.014166666666666666 0.049166666666666664
4 0.7958333333333333 0.21416666666666667 0.005833333333333334 0.025833333333333333
2 0.9008333333333334 0.19833333333333333 0.005833333333333334 0.025
4 0.6025 0.22166666666666668 0.006666666666666667 0.021666666666666667
4 0.12416666666666666 0.3925 0.018333333333333333 0.07166666666666667
0 0.2658333333333333 0.31583333333333335 0.013333333333333334 0.04416666666666667
0 0.5116666666666667 0.23833333333333334 0.005 0.025833333333333333
0 0.8441666666666666 0.24 0.006666666666666667 0.03916666666666667
4 0.5008333333333334 0.23166666666666666 0.005833333333333334 0.0225
2 0.8916666666666667 0.21083333333333334 0.005833333333333334 0.028333333333333332
2 0.9108333333333334 0.18333333333333332 0.004166666666666667 0.018333333333333333
4 0.2375 0.2841666666666667 0.008333333333333333 0.03166666666666667
2 0.935 0.18166666666666667 0.004166666666666667 0.018333333333333333
2 0.9066666666666666 0.19 0.004166666666666667 0.020833333333333332
1 0.8508333333333333 0.25083333333333335 0.015833333333333335 0.07916666666666666
0 0.8575 0.25833333333333336 0.008333333333333333 0.0475
1 0.8583333333333333 0.24 0.009166666666666667 0.07166666666666667
2 0.5725 0.6633333333333333 0.0625 0.22416666666666665