0 0.22916666666666666 0.36333333333333334 0.035833333333333335 0.07666666666666666
0 0.3308333333333333 0.475 0.050833333333333335 0.125
0 0.18083333333333335 0.31083333333333335 0.024166666666666666 0.055
0 0.235 0.7216666666666667 0.10416666666666667 0.24583333333333332
0 0.19166666666666668 0.28 0.019166666666666665 0.041666666666666664
0 0.7833333333333333 0.25666666666666665 0.020833333333333332 0.04
0 0.18416666666666667 0.2625 0.015 0.0325
0 0.175 0.25083333333333335 0.011666666666666667 0.0275
0 0.6575 0.24666666666666667 0.013333333333333334 0.03
4 0.7025 0.35333333333333333 0.0375 0.0775
4 0.7658333333333334 0.33916666666666667 0.03833333333333333 0.07666666666666666
4 0.5025 0.3125 0.024166666666666666 0.05416666666666667
4 0.5766666666666667 0.29833333333333334 0.023333333333333334 0.05
4 0.48833333333333334 0.27 0.015 0.0375
4 0.42 0.2833333333333333 0.019166666666666665 0.04
4 0.3858333333333333 0.26666666666666666 0.015 0.034166666666666665
4 0.7025 0.35333333333333333 0.0375 0.0775
4 0.36583333333333334 0.2525 0.0125 0.028333333333333332
4 0.3458333333333333 0.2425 0.010833333333333334 0.025
2 0.6441666666666667 0.24666666666666667 0.013333333333333334 0.03
2 0.17416666666666666 0.24666666666666667 0.0125 0.02666666666666667
2 0.4791666666666667 0.2683333333333333 0.014166666666666666 0.03666666666666667
2 0.3433333333333333 0.24083333333333334 0.009166666666666667 0.024166666666666666