4 0.5075 0.4266666666666667 0.020833333333333332 0.07916666666666666
4 0.51 0.5291666666666667 0.034166666666666665 0.12583333333333332
0 0.195 0.35833333333333334 0.02 0.07166666666666667
0 0.4675 0.3258333333333333 0.009166666666666667 0.04
4 0.5516666666666666 0.3883333333333333 0.015833333333333335 0.060833333333333336
0 0.78 0.365 0.0075 0.03166666666666667
0 0.7058333333333333 0.3516666666666667 0.0075 0.03166666666666667
4 0.6116666666666667 0.37333333333333335 0.0125 0.049166666666666664
0 0.5833333333333334 0.3333333333333333 0.008333333333333333 0.03333333333333333
0 0.815 0.36833333333333335 0.009166666666666667 0.030833333333333334
0 0.3441666666666667 0.32916666666666666 0.011666666666666667 0.05
4 0.69 0.37416666666666665 0.01 0.04416666666666667
4 0.7633333333333333 0.38416666666666666 0.009166666666666667 0.0425
4 0.9408333333333333 0.3725 0.005833333333333334 0.0225
4 0.8966666666666666 0.4075 0.01 0.041666666666666664
0 0.8108333333333333 0.34 0.004166666666666667 0.0175
4 0.8691666666666666 0.33916666666666667 0.0033333333333333335 0.013333333333333334
0 0.8975 0.3416666666666667 0.0025 0.011666666666666667
0 0.7641666666666667 0.32416666666666666 0.004166666666666667 0.015
4 0.8891666666666667 0.355 0.005 0.018333333333333333
0 0.8416666666666667 0.3525 0.004166666666666667 0.019166666666666665
0 0.8516666666666667 0.3575 0.004166666666666667 0.021666666666666667
4 0.9108333333333334 0.3616666666666667 0.005 0.019166666666666665
4 0.9441666666666667 0.355 0.0025 0.014166666666666666
0 0.855 0.36666666666666664 0.006666666666666667 0.025833333333333333
4 0.8641666666666666 0.3475 0.005 0.016666666666666666
0 0.7983333333333333 0.3225 0.0025 0.011666666666666667
4 0.9066666666666666 0.3458333333333333 0.0033333333333333335 0.014166666666666666
4 0.8316666666666667 0.33666666666666667 0.004166666666666667 0.016666666666666666
0 0.8591666666666666 0.36333333333333334 0.005 0.025
4 0.8408333333333333 0.3333333333333333 0.0033333333333333335 0.013333333333333334
0 0.7916666666666666 0.3333333333333333 0.004166666666666667 0.0175
4 0.8225 0.33166666666666667 0.0033333333333333335 0.014166666666666666
0 0.8258333333333333 0.3458333333333333 0.005 0.018333333333333333
0 0.8441666666666666 0.36916666666666664 0.0075 0.028333333333333332
0 0.7683333333333333 0.31833333333333336 0.0033333333333333335 0.013333333333333334
4 0.8258333333333333 0.33 0.0025 0.011666666666666667
0 0.7541666666666667 0.31833333333333336 0.004166666666666667 0.014166666666666666
4 0.7725 0.7808333333333334 0.0275 0.13333333333333333