4 0.09916666666666667 0.2775 0.014166666666666666 0.05
0 0.8291666666666667 0.3858333333333333 0.006666666666666667 0.028333333333333332
4 0.8991666666666667 0.435 0.011666666666666667 0.04416666666666667
0 0.7508333333333334 0.3516666666666667 0.005 0.020833333333333332
4 0.17833333333333334 0.4041666666666667 0.024166666666666666 0.0925
4 0.12583333333333332 0.3225 0.015833333333333335 0.06333333333333334
0 0.9083333333333333 0.4141666666666667 0.008333333333333333 0.0325
4 0.7641666666666667 0.3825 0.008333333333333333 0.0325
4 0.32916666666666666 0.6175 0.050833333333333335 0.185
0 0.8033333333333333 0.37416666666666665 0.005833333333333334 0.025
4 0.7066666666666667 0.3525 0.006666666666666667 0.0275
4 0.0875 0.2475 0.010833333333333334 0.04
4 0.6816666666666666 0.3375 0.005833333333333334 0.0225
0 0.08083333333333333 0.18333333333333332 0.004166666666666667 0.018333333333333333
4 0.5675 0.30083333333333334 0.004166666666666667 0.018333333333333333
4 0.35833333333333334 0.245 0.0033333333333333335 0.016666666666666666
4 0.075 0.21416666666666667 0.005833333333333334 0.025833333333333333
4 0.6341666666666667 0.32 0.005833333333333334 0.020833333333333332
4 0.09333333333333334 0.1975 0.005 0.020833333333333332
0 0.22333333333333333 0.21083333333333334 0.004166666666666667 0.015
4 0.07916666666666666 0.22666666666666666 0.008333333333333333 0.03166666666666667
0 0.5166666666666667 0.2816666666666667 0.0033333333333333335 0.015
0 0.315 0.23083333333333333 0.0033333333333333335 0.015
1 0.4 0.6258333333333334 0.0725 0.3358333333333333
0 0.36333333333333334 0.24083333333333334 0.0025 0.016666666666666666
0 0.6908333333333333 0.3308333333333333 0.004166666666666667 0.019166666666666665
0 0.5716666666666667 0.29583333333333334 0.0033333333333333335 0.0175
4 0.21666666666666667 0.21166666666666667 0.004166666666666667 0.0175
0 0.6233333333333333 0.30916666666666665 0.004166666666666667 0.018333333333333333
0 0.41 0.25333333333333335 0.0025 0.015
4 0.4975 0.2808333333333333 0.004166666666666667 0.018333333333333333
1 0.2925 0.515 0.05333333333333334 0.24916666666666668
4 0.28833333333333333 0.2275 0.0033333333333333335 0.015
4 0.145 0.2 0.005 0.0175
0 0.26916666666666667 0.22 0.0033333333333333335 0.014166666666666666
4 0.4241666666666667 0.2633333333333333 0.0033333333333333335 0.0175
0 0.155 0.19666666666666666 0.004166666666666667 0.0175
0 0.465 0.2675 0.0033333333333333335 0.015