0 0.38416666666666666 0.6333333333333333 0.02 0.034166666666666665
0 0.1125 0.5866666666666667 0.010833333333333334 0.02
0 0.27666666666666667 0.5991666666666666 0.013333333333333334 0.023333333333333334
0 0.21666666666666667 0.5925 0.013333333333333334 0.0225
0 0.1525 0.7175 0.0525 0.07333333333333333
0 0.33916666666666667 0.6116666666666667 0.015833333333333335 0.0275
0 0.3441666666666667 0.6616666666666666 0.0325 0.045
0 0.39166666666666666 0.5708333333333333 0.006666666666666667 0.0125
0 0.31916666666666665 0.57 0.008333333333333333 0.011666666666666667
0 0.7183333333333334 0.5808333333333333 0.008333333333333333 0.015
0 0.5833333333333334 0.5766666666666667 0.008333333333333333 0.015
0 0.8741666666666666 0.5858333333333333 0.010833333333333334 0.016666666666666666
0 0.48 0.5741666666666667 0.006666666666666667 0.011666666666666667
0 0.2 0.5691666666666667 0.006666666666666667 0.0125
0 0.09666666666666666 0.5675 0.0075 0.014166666666666666
4 0.7991666666666667 0.6758333333333333 0.035 0.049166666666666664
4 0.7191666666666666 0.6408333333333334 0.024166666666666666 0.03333333333333333
4 0.6108333333333333 0.6158333333333333 0.018333333333333333 0.02666666666666667
4 0.6983333333333334 0.5841666666666666 0.009166666666666667 0.015833333333333335
4 0.4575 0.5741666666666667 0.006666666666666667 0.014166666666666666
4 0.2916666666666667 0.5716666666666667 0.008333333333333333 0.0125
4 0.8075 0.5875 0.0125 0.021666666666666667
4 0.25416666666666665 0.5758333333333333 0.010833333333333334 0.015
4 0.17 0.5716666666666667 0.0075 0.013333333333333334
4 0.47833333333333333 0.5941666666666666 0.010833333333333334 0.021666666666666667
4 0.13916666666666666 0.5741666666666667 0.01 0.016666666666666666
4 0.35833333333333334 0.5816666666666667 0.014166666666666666 0.020833333333333332
4 0.37916666666666665 0.5733333333333334 0.006666666666666667 0.013333333333333334
4 0.5475 0.5775 0.008333333333333333 0.015833333333333335