0 0.4558333333333333 0.5433333333333333 0.0275 0.11166666666666666
0 0.5783333333333334 0.4008333333333333 0.010833333333333334 0.04666666666666667
4 0.8408333333333333 0.445 0.016666666666666666 0.06416666666666666
4 0.7575 0.40166666666666667 0.0125 0.04416666666666667
4 0.6575 0.375 0.008333333333333333 0.035
0 0.49916666666666665 0.37666666666666665 0.008333333333333333 0.035833333333333335
0 0.5875 0.43833333333333335 0.015 0.06416666666666666
0 0.3958333333333333 0.3475 0.006666666666666667 0.025
4 0.6175 0.3458333333333333 0.005 0.020833333333333332
4 0.6775 0.3541666666666667 0.006666666666666667 0.025833333333333333
4 0.48833333333333334 0.335 0.004166666666666667 0.019166666666666665
0 0.4058333333333333 0.31333333333333335 0.0016666666666666668 0.011666666666666667
0 0.44 0.3591666666666667 0.006666666666666667 0.029166666666666667
0 0.8783333333333333 0.365 0.005833333333333334 0.0275
4 0.9158333333333334 0.39416666666666667 0.010833333333333334 0.03833333333333333
4 0.5083333333333333 0.32916666666666666 0.0033333333333333335 0.016666666666666666
0 0.7025 0.3466666666666667 0.004166666666666667 0.021666666666666667
0 0.6958333333333333 0.3408333333333333 0.004166666666666667 0.018333333333333333
4 0.44166666666666665 0.31583333333333335 0.0025 0.011666666666666667
4 0.6216666666666667 0.3383333333333333 0.004166666666666667 0.018333333333333333
0 0.445 0.325 0.0033333333333333335 0.015
0 0.6825 0.3283333333333333 0.0025 0.013333333333333334
4 0.4716666666666667 0.32083333333333336 0.0025 0.014166666666666666
0 0.405 0.32083333333333336 0.0025 0.013333333333333334
4 0.5183333333333333 0.35083333333333333 0.006666666666666667 0.025
0 0.4225 0.3275 0.004166666666666667 0.0175
4 0.5483333333333333 0.31666666666666665 0.0025 0.010833333333333334
4 0.5075 0.3233333333333333 0.0016666666666666668 0.014166666666666666
4 0.6225 0.32416666666666666 0.0025 0.013333333333333334
4 0.7808333333333334 0.36916666666666664 0.008333333333333333 0.030833333333333334
0 0.385 0.31666666666666665 0.0033333333333333335 0.014166666666666666
4 0.5675 0.36 0.006666666666666667 0.0275
0 0.3933333333333333 0.3383333333333333 0.0033333333333333335 0.021666666666666667
0 0.45 0.31333333333333335 0.0025 0.010833333333333334
4 0.5791666666666667 0.31833333333333336 0.0025 0.010833333333333334
0 0.4075 0.33166666666666667 0.004166666666666667 0.0175
4 0.445 0.31833333333333336 0.004166666666666667 0.014166666666666666
4 0.49166666666666664 0.3416666666666667 0.005 0.020833333333333332
4 0.6258333333333334 0.3325 0.0033333333333333335 0.0175
4 0.625 0.3258333333333333 0.0025 0.014166666666666666
0 0.6933333333333334 0.3333333333333333 0.0025 0.018333333333333333
0 0.6766666666666666 0.3258333333333333 0.0033333333333333335 0.014166666666666666
0 0.6608333333333334 0.3225 0.0025 0.011666666666666667
0 0.6358333333333334 0.32 0.0025 0.011666666666666667
0 0.7833333333333333 0.355 0.004166666666666667 0.025
4 0.9441666666666667 0.6116666666666667 0.013333333333333334 0.05333333333333334
0 0.9141666666666667 0.345 0.005 0.0225
0 0.8266666666666667 0.335 0.004166666666666667 0.0175
4 0.6083333333333333 0.32 0.0025 0.011666666666666667
0 0.605 0.31583333333333335 0.0025 0.011666666666666667
0 0.5583333333333333 0.31333333333333335 0.0025 0.011666666666666667
4 0.4691666666666667 0.31583333333333335 0.0016666666666666668 0.011666666666666667
4 0.51 0.31666666666666665 0.0025 0.008333333333333333