4 0.8625 0.5308333333333334 0.03166666666666667 0.1
0 0.5175 0.5316666666666666 0.0275 0.10666666666666667
0 0.19166666666666668 0.38333333333333336 0.011666666666666667 0.043333333333333335
0 0.49833333333333335 0.39666666666666667 0.0125 0.04583333333333333
4 0.5833333333333334 0.3775 0.009166666666666667 0.035
4 0.6375 0.4025 0.0125 0.04416666666666667
4 0.1375 0.36 0.009166666666666667 0.035
0 0.06333333333333334 0.7808333333333334 0.029166666666666667 0.13166666666666665
4 0.525 0.36333333333333334 0.006666666666666667 0.028333333333333332
4 0.3466666666666667 0.3458333333333333 0.006666666666666667 0.024166666666666666
0 0.115 0.41333333333333333 0.015833333333333335 0.056666666666666664
0 0.5575 0.43833333333333335 0.015 0.06166666666666667
4 0.7258333333333333 0.44166666666666665 0.014166666666666666 0.058333333333333334
0 0.24666666666666667 0.3641666666666667 0.01 0.035
4 0.19833333333333333 0.35083333333333333 0.0075 0.029166666666666667
0 0.32166666666666666 0.35583333333333333 0.006666666666666667 0.028333333333333332
4 0.2683333333333333 0.3441666666666667 0.006666666666666667 0.025833333333333333
4 0.4741666666666667 0.35583333333333333 0.006666666666666667 0.025
4 0.4066666666666667 0.3475 0.005 0.024166666666666666
0 0.40166666666666667 0.36 0.006666666666666667 0.028333333333333332
0 0.4525 0.37333333333333335 0.008333333333333333 0.03333333333333333