0 0.125 0.3641666666666667 0.008333333333333333 0.018333333333333333
0 0.6641666666666667 0.42333333333333334 0.02 0.04833333333333333
0 0.44166666666666665 0.39416666666666667 0.0125 0.028333333333333332
0 0.29083333333333333 0.4075 0.014166666666666666 0.035833333333333335
0 0.10333333333333333 0.4175 0.0175 0.03916666666666667
0 0.37583333333333335 0.365 0.006666666666666667 0.018333333333333333
0 0.44 0.37 0.005833333333333334 0.0175
0 0.2891666666666667 0.36333333333333334 0.005 0.015833333333333335
0 0.20333333333333334 0.36083333333333334 0.008333333333333333 0.016666666666666666
0 0.7741666666666667 0.3516666666666667 0.009166666666666667 0.018333333333333333
0 0.5916666666666667 0.365 0.005833333333333334 0.015833333333333335
0 0.6725 0.3575 0.006666666666666667 0.015833333333333335
0 0.8941666666666667 0.34833333333333333 0.006666666666666667 0.016666666666666666
0 0.485 0.38333333333333336 0.0075 0.024166666666666666
4 0.10916666666666666 0.3591666666666667 0.0075 0.019166666666666665
4 0.8066666666666666 0.3566666666666667 0.010833333333333334 0.02
4 0.6441666666666667 0.39 0.0125 0.03166666666666667
4 0.7241666666666666 0.36083333333333334 0.008333333333333333 0.02
4 0.7716666666666666 0.4025 0.016666666666666666 0.03833333333333333
4 0.4075 0.425 0.02 0.04666666666666667
4 0.66 0.3675 0.009166666666666667 0.021666666666666667
4 0.42 0.36083333333333334 0.008333333333333333 0.0175
4 0.315 0.3566666666666667 0.005833333333333334 0.016666666666666666
4 0.20916666666666667 0.3566666666666667 0.005 0.015833333333333335
4 0.9041666666666667 0.35333333333333333 0.008333333333333333 0.018333333333333333
4 0.49166666666666664 0.36583333333333334 0.005833333333333334 0.016666666666666666
4 0.6025 0.3825 0.009166666666666667 0.024166666666666666
4 0.615 0.37416666666666665 0.005 0.0225
2 0.3425 0.47583333333333333 0.03166666666666667 0.07166666666666667
2 0.7433333333333333 0.48083333333333333 0.035833333333333335 0.075
2 0.5125 0.3416666666666667 0.0033333333333333335 0.010833333333333334
2 0.5275 0.3425 0.005 0.010833333333333334
2 0.5433333333333333 0.3425 0.005 0.010833333333333334
2 0.5566666666666666 0.3408333333333333 0.0033333333333333335 0.011666666666666667
2 0.5625 0.3441666666666667 0.005 0.011666666666666667
2 0.5683333333333334 0.34833333333333333 0.004166666666666667 0.014166666666666666
2 0.5733333333333334 0.35583333333333333 0.0033333333333333335 0.015
2 0.5783333333333334 0.3616666666666667 0.005 0.015833333333333335
1 0.4766666666666667 0.37833333333333335 0.0125 0.03916666666666667
1 0.48583333333333334 0.37416666666666665 0.009166666666666667 0.03666666666666667
1 0.6033333333333334 0.37333333333333335 0.006666666666666667 0.03666666666666667
1 0.61 0.3775 0.010833333333333334 0.0425