0 0.765 0.495 0.015 0.06666666666666667
0 0.2608333333333333 0.625 0.03666666666666667 0.15
0 0.4875 0.5066666666666667 0.018333333333333333 0.08583333333333333
2 0.5941666666666666 0.37416666666666665 0.005833333333333334 0.0275
2 0.695 0.38666666666666666 0.004166666666666667 0.025
2 0.2841666666666667 0.34 0.005833333333333334 0.024166666666666666
2 0.37416666666666665 0.3516666666666667 0.005 0.0225
2 0.7925 0.3958333333333333 0.005833333333333334 0.025
2 0.4691666666666667 0.36083333333333334 0.004166666666666667 0.021666666666666667
2 0.895 0.4075 0.006666666666666667 0.019166666666666665
4 0.9375 0.7583333333333333 0.0275 0.17583333333333334