0 0.4025 0.515 0.025833333333333333 0.08916666666666667
4 0.7541666666666667 0.5758333333333333 0.035 0.11666666666666667
0 0.48333333333333334 0.4666666666666667 0.018333333333333333 0.065
4 0.8866666666666667 0.4716666666666667 0.016666666666666666 0.06333333333333334
0 0.4 0.43916666666666665 0.0125 0.05
0 0.1625 0.6433333333333333 0.04833333333333333 0.16333333333333333
0 0.23333333333333334 0.44166666666666665 0.014166666666666666 0.05416666666666667
4 0.745 0.4225 0.006666666666666667 0.0325
0 0.10833333333333334 0.3958333333333333 0.0075 0.028333333333333332
4 0.1975 0.4191666666666667 0.010833333333333334 0.03916666666666667
4 0.435 0.42333333333333334 0.009166666666666667 0.035833333333333335
4 0.8391666666666666 0.44166666666666665 0.010833333333333334 0.043333333333333335
4 0.6666666666666666 0.4166666666666667 0.006666666666666667 0.030833333333333334
4 0.4825 0.4116666666666667 0.006666666666666667 0.0275
4 0.06833333333333333 0.4216666666666667 0.0125 0.043333333333333335
4 0.31833333333333336 0.42083333333333334 0.009166666666666667 0.03833333333333333
4 0.635 0.44333333333333336 0.011666666666666667 0.0475
4 0.5783333333333334 0.41333333333333333 0.0075 0.0275
0 0.7091666666666666 0.41083333333333333 0.006666666666666667 0.024166666666666666
4 0.0625 0.4041666666666667 0.008333333333333333 0.03166666666666667
0 0.9291666666666667 0.42333333333333334 0.01 0.03333333333333333
4 0.18083333333333335 0.4066666666666667 0.006666666666666667 0.030833333333333334
0 0.8166666666666667 0.4166666666666667 0.006666666666666667 0.0275
4 0.83 0.42833333333333334 0.0075 0.035
2 0.71 0.39 0.004166666666666667 0.015
2 0.42083333333333334 0.38416666666666666 0.0033333333333333335 0.014166666666666666
0 0.17666666666666667 0.4008333333333333 0.005833333333333334 0.025833333333333333
2 0.46166666666666667 0.3858333333333333 0.0033333333333333335 0.015
0 0.5991666666666666 0.4066666666666667 0.005833333333333334 0.024166666666666666
4 0.3875 0.41 0.0075 0.028333333333333332
4 0.5383333333333333 0.43 0.010833333333333334 0.04
0 0.39166666666666666 0.4041666666666667 0.005833333333333334 0.021666666666666667
4 0.2866666666666667 0.4091666666666667 0.008333333333333333 0.029166666666666667
2 0.6433333333333333 0.3883333333333333 0.004166666666666667 0.016666666666666666
0 0.285 0.4025 0.005833333333333334 0.028333333333333332
2 0.315 0.3825 0.0033333333333333335 0.0175
2 0.36 0.3825 0.0033333333333333335 0.0175
2 0.3933333333333333 0.38416666666666666 0.004166666666666667 0.016666666666666666
0 0.4925 0.4041666666666667 0.006666666666666667 0.025
2 0.5291666666666667 0.3875 0.004166666666666667 0.018333333333333333
2 0.5875 0.3883333333333333 0.0033333333333333335 0.016666666666666666
4 0.7066666666666667 0.48333333333333334 0.019166666666666665 0.0725