0 0.23083333333333333 0.6141666666666666 0.04416666666666667 0.1475
0 0.4791666666666667 0.5066666666666667 0.025833333333333333 0.08833333333333333
4 0.6491666666666667 0.37916666666666665 0.005 0.0225
4 0.695 0.37833333333333335 0.005 0.021666666666666667
0 0.7233333333333334 0.37416666666666665 0.004166666666666667 0.019166666666666665
0 0.6458333333333334 0.3675 0.0033333333333333335 0.019166666666666665
4 0.7858333333333334 0.5125 0.02666666666666667 0.08333333333333333
0 0.36666666666666664 0.4041666666666667 0.010833333333333334 0.043333333333333335
0 0.3908333333333333 0.44583333333333336 0.018333333333333333 0.06166666666666667
0 0.9183333333333333 0.44 0.0125 0.04666666666666667
0 0.9041666666666667 0.42583333333333334 0.01 0.04
4 0.6441666666666667 0.455 0.018333333333333333 0.06
4 0.5533333333333333 0.38333333333333336 0.0075 0.028333333333333332
4 0.5975 0.37833333333333335 0.006666666666666667 0.025833333333333333
4 0.8708333333333333 0.3983333333333333 0.006666666666666667 0.025
4 0.7175 0.42 0.009166666666666667 0.04
0 0.925 0.4025 0.005833333333333334 0.021666666666666667
0 0.39416666666666667 0.3825 0.0075 0.0325
4 0.7675 0.4008333333333333 0.006666666666666667 0.029166666666666667
4 0.9158333333333334 0.7166666666666667 0.056666666666666664 0.1775
0 0.9475 0.4241666666666667 0.006666666666666667 0.035833333333333335
4 0.5458333333333333 0.3975 0.008333333333333333 0.035
0 0.52 0.36666666666666664 0.005 0.0225
4 0.8941666666666667 0.4816666666666667 0.016666666666666666 0.065
0 0.5875 0.36583333333333334 0.005 0.020833333333333332
0 0.815 0.3858333333333333 0.005 0.021666666666666667
4 0.8225 0.4 0.0075 0.030833333333333334
4 0.54 0.4166666666666667 0.010833333333333334 0.04416666666666667
4 0.7741666666666667 0.3858333333333333 0.004166666666666667 0.024166666666666666
4 0.7258333333333333 0.4083333333333333 0.008333333333333333 0.035
4 0.9008333333333334 0.4066666666666667 0.005 0.028333333333333332
0 0.4525 0.37083333333333335 0.006666666666666667 0.025833333333333333
4 0.77 0.44333333333333336 0.0125 0.05