0 0.2633333333333333 0.5491666666666667 0.0375 0.08583333333333333
0 0.2875 0.485 0.023333333333333334 0.059166666666666666
0 0.32416666666666666 0.4525 0.018333333333333333 0.045
0 0.23583333333333334 0.4325 0.016666666666666666 0.035
0 0.22166666666666668 0.415 0.013333333333333334 0.028333333333333332
0 0.30083333333333334 0.4008333333333333 0.008333333333333333 0.0225
0 0.3641666666666667 0.3933333333333333 0.009166666666666667 0.019166666666666665
0 0.3466666666666667 0.37 0.005 0.01
0 0.3566666666666667 0.3675 0.004166666666666667 0.009166666666666667
0 0.37083333333333335 0.36583333333333334 0.0033333333333333335 0.009166666666666667
0 0.37916666666666665 0.37 0.0033333333333333335 0.009166666666666667
0 0.3875 0.365 0.004166666666666667 0.008333333333333333
0 0.41333333333333333 0.3725 0.005 0.01
0 0.4266666666666667 0.3641666666666667 0.004166666666666667 0.009166666666666667
0 0.44166666666666665 0.3875 0.006666666666666667 0.0175
0 0.44333333333333336 0.37333333333333335 0.005833333333333334 0.011666666666666667
0 0.43083333333333335 0.3616666666666667 0.0033333333333333335 0.008333333333333333
0 0.4691666666666667 0.3825 0.005833333333333334 0.015833333333333335
0 0.47 0.3725 0.004166666666666667 0.01
0 0.4891666666666667 0.38 0.005 0.013333333333333334
0 0.6983333333333334 0.3725 0.005833333333333334 0.010833333333333334
0 0.7466666666666667 0.37666666666666665 0.006666666666666667 0.015833333333333335
0 0.6541666666666667 0.37 0.006666666666666667 0.014166666666666666
0 0.6008333333333333 0.37 0.005 0.01
0 0.58 0.3641666666666667 0.0025 0.006666666666666667
0 0.5466666666666666 0.36833333333333335 0.0033333333333333335 0.01
0 0.55 0.36583333333333334 0.0033333333333333335 0.0075
0 0.5633333333333334 0.36916666666666664 0.0033333333333333335 0.008333333333333333
0 0.565 0.36583333333333334 0.0033333333333333335 0.008333333333333333
0 0.555 0.3591666666666667 0.0025 0.005833333333333334
0 0.5608333333333333 0.3591666666666667 0.0025 0.005833333333333334
0 0.5758333333333333 0.3641666666666667 0.0025 0.006666666666666667
0 0.5733333333333334 0.36083333333333334 0.0025 0.006666666666666667
0 0.5658333333333333 0.36 0.0033333333333333335 0.0075
0 0.5375 0.3591666666666667 0.0025 0.006666666666666667
4 0.42333333333333334 0.3675 0.005 0.010833333333333334
4 0.43916666666666665 0.36916666666666664 0.005 0.011666666666666667
4 0.435 0.36083333333333334 0.005 0.008333333333333333
4 0.45666666666666667 0.3616666666666667 0.0033333333333333335 0.008333333333333333
4 0.45916666666666667 0.35833333333333334 0.0033333333333333335 0.0075
4 0.4658333333333333 0.365 0.004166666666666667 0.008333333333333333
4 0.47333333333333333 0.3675 0.0033333333333333335 0.008333333333333333
4 0.4716666666666667 0.36916666666666664 0.0033333333333333335 0.008333333333333333
4 0.48333333333333334 0.365 0.004166666666666667 0.009166666666666667
4 0.48 0.3616666666666667 0.0033333333333333335 0.008333333333333333
4 0.49833333333333335 0.4175 0.0125 0.030833333333333334
4 0.49666666666666665 0.405 0.01 0.024166666666666666
4 0.5366666666666666 0.43 0.015 0.034166666666666665
4 0.5433333333333333 0.3975 0.009166666666666667 0.0225
4 0.5733333333333334 0.39 0.008333333333333333 0.019166666666666665
4 0.6275 0.4525 0.02 0.04416666666666667
4 0.7966666666666666 0.51 0.035833333333333335 0.0725
4 0.8916666666666667 0.44416666666666665 0.023333333333333334 0.041666666666666664
4 0.815 0.41583333333333333 0.014166666666666666 0.030833333333333334
4 0.8116666666666666 0.4025 0.0125 0.025
4 0.7733333333333333 0.395 0.01 0.021666666666666667
4 0.705 0.38666666666666666 0.008333333333333333 0.016666666666666666
4 0.7508333333333334 0.36583333333333334 0.008333333333333333 0.016666666666666666
4 0.6716666666666666 0.38166666666666665 0.006666666666666667 0.014166666666666666
4 0.645 0.37666666666666665 0.005833333333333334 0.015
4 0.635 0.37666666666666665 0.005833333333333334 0.015833333333333335
4 0.6183333333333333 0.37416666666666665 0.005 0.014166666666666666
4 0.5875 0.3725 0.005 0.014166666666666666
4 0.5925 0.37833333333333335 0.006666666666666667 0.015
4 0.585 0.38166666666666665 0.006666666666666667 0.015
4 0.5833333333333334 0.3858333333333333 0.006666666666666667 0.0175
4 0.57 0.375 0.006666666666666667 0.013333333333333334
4 0.5516666666666666 0.37166666666666665 0.005 0.013333333333333334
4 0.5358333333333334 0.37333333333333335 0.005 0.013333333333333334
4 0.5058333333333334 0.37166666666666665 0.005 0.010833333333333334
4 0.5125 0.37 0.004166666666666667 0.010833333333333334
4 0.5091666666666667 0.365 0.0033333333333333335 0.008333333333333333
4 0.5141666666666667 0.365 0.004166666666666667 0.009166666666666667
4 0.5166666666666667 0.36083333333333334 0.0033333333333333335 0.008333333333333333
4 0.52 0.36333333333333334 0.0033333333333333335 0.008333333333333333
4 0.5225 0.3625 0.004166666666666667 0.008333333333333333
4 0.51 0.36 0.0033333333333333335 0.006666666666666667
4 0.5025 0.3591666666666667 0.0033333333333333335 0.0075
4 0.49083333333333334 0.36333333333333334 0.0033333333333333335 0.01