0 0.1675 0.35333333333333333 0.010833333333333334 0.043333333333333335
0 0.2791666666666667 0.3416666666666667 0.011666666666666667 0.04666666666666667
0 0.4575 0.37333333333333335 0.016666666666666666 0.0725
0 0.5025 0.4575 0.025 0.11083333333333334
4 0.5025 0.30333333333333334 0.010833333333333334 0.04583333333333333
4 0.6491666666666667 0.32083333333333336 0.015833333333333335 0.060833333333333336
0 0.37583333333333335 0.3458333333333333 0.0125 0.056666666666666664
4 0.23083333333333333 0.3225 0.009166666666666667 0.035833333333333335
4 0.84 0.3975 0.0275 0.10583333333333333
4 0.36916666666666664 0.30583333333333335 0.008333333333333333 0.03666666666666667
0 0.4275 0.695 0.058333333333333334 0.22083333333333333
4 0.075 0.35 0.009166666666666667 0.035
2 0.07666666666666666 0.3283333333333333 0.005833333333333334 0.025833333333333333
3 0.06166666666666667 0.32083333333333336 0.005 0.020833333333333332
3 0.07333333333333333 0.3125 0.004166666666666667 0.016666666666666666
3 0.08 0.30333333333333334 0.0033333333333333335 0.013333333333333334
3 0.14 0.3075 0.004166666666666667 0.019166666666666665
3 0.1425 0.2975 0.0033333333333333335 0.016666666666666666