4 0.7425 0.6175 0.03833333333333333 0.13666666666666666
4 0.5641666666666667 0.47833333333333333 0.020833333333333332 0.07416666666666667
0 0.28583333333333333 0.4791666666666667 0.019166666666666665 0.075
0 0.36333333333333334 0.4125 0.009166666666666667 0.03833333333333333
4 0.4975 0.4241666666666667 0.0125 0.049166666666666664
4 0.5075 0.4008333333333333 0.008333333333333333 0.03666666666666667
0 0.31916666666666665 0.385 0.005 0.021666666666666667
0 0.31916666666666665 0.43666666666666665 0.0125 0.050833333333333335
4 0.4241666666666667 0.375 0.004166666666666667 0.019166666666666665
4 0.6733333333333333 0.3616666666666667 0.004166666666666667 0.019166666666666665
0 0.245 0.64 0.041666666666666664 0.15583333333333332
4 0.2708333333333333 0.38166666666666665 0.004166666666666667 0.018333333333333333
0 0.4766666666666667 0.38416666666666666 0.006666666666666667 0.0275
0 0.5516666666666666 0.3725 0.005833333333333334 0.025
4 0.4975 0.36583333333333334 0.004166666666666667 0.018333333333333333
4 0.5833333333333334 0.38666666666666666 0.006666666666666667 0.029166666666666667
0 0.1675 0.3825 0.005 0.021666666666666667
4 0.07583333333333334 0.3775 0.004166666666666667 0.018333333333333333
0 0.405 0.39916666666666667 0.008333333333333333 0.0325
4 0.6225 0.3566666666666667 0.004166666666666667 0.0175
0 0.24583333333333332 0.385 0.005 0.020833333333333332
0 0.4075 0.37916666666666665 0.0033333333333333335 0.019166666666666665
4 0.6966666666666667 0.37083333333333335 0.006666666666666667 0.029166666666666667
0 0.6025 0.36583333333333334 0.005833333333333334 0.0225
0 0.5383333333333333 0.36666666666666664 0.004166666666666667 0.018333333333333333
0 0.10916666666666666 0.38083333333333336 0.004166666666666667 0.018333333333333333
4 0.5633333333333334 0.35833333333333334 0.004166666666666667 0.0175
4 0.6425 0.37833333333333335 0.0075 0.028333333333333332
0 0.5841666666666666 0.3625 0.005 0.020833333333333332
4 0.21 0.37916666666666665 0.004166666666666667 0.018333333333333333
4 0.1475 0.37583333333333335 0.004166666666666667 0.018333333333333333
4 0.3441666666666667 0.38166666666666665 0.005 0.019166666666666665
0 0.475 0.3725 0.0025 0.019166666666666665