0 0.415 0.3566666666666667 0.015833333333333335 0.06333333333333334
0 0.09583333333333334 0.36833333333333335 0.013333333333333334 0.04583333333333333
4 0.5675 0.31 0.016666666666666666 0.0525
0 0.3225 0.345 0.015 0.050833333333333335
0 0.22 0.35 0.0125 0.04583333333333333
0 0.4841666666666667 0.4033333333333333 0.021666666666666667 0.08666666666666667
0 0.49416666666666664 0.5183333333333333 0.034166666666666665 0.14166666666666666
4 0.14916666666666667 0.33916666666666667 0.010833333333333334 0.03666666666666667
4 0.7266666666666667 0.3433333333333333 0.024166666666666666 0.07416666666666667
4 0.42916666666666664 0.30583333333333335 0.01 0.0425
4 0.935 0.46166666666666667 0.03166666666666667 0.14
4 0.295 0.31583333333333335 0.01 0.03833333333333333