4 0.54 0.3958333333333333 0.019166666666666665 0.06833333333333333
0 0.3725 0.34 0.014166666666666666 0.05583333333333333
0 0.5258333333333334 0.3383333333333333 0.010833333333333334 0.0425
0 0.6683333333333333 0.3525 0.008333333333333333 0.035833333333333335
4 0.4716666666666667 0.4525 0.024166666666666666 0.0975
4 0.7441666666666666 0.38916666666666666 0.0125 0.04583333333333333
4 0.6333333333333333 0.38166666666666665 0.0125 0.0525
0 0.1975 0.38083333333333336 0.024166666666666666 0.08833333333333333
4 0.4866666666666667 0.6475 0.0475 0.18666666666666668
4 0.865 0.41 0.0125 0.041666666666666664
0 0.8116666666666666 0.3775 0.010833333333333334 0.035833333333333335
3 0.27416666666666667 0.23916666666666667 0.0025 0.0175
3 0.4708333333333333 0.2758333333333333 0.0033333333333333335 0.019166666666666665
3 0.435 0.27666666666666667 0.004166666666666667 0.020833333333333332
3 0.395 0.26 0.004166666666666667 0.0175
3 0.35 0.25666666666666665 0.004166666666666667 0.019166666666666665
3 0.31166666666666665 0.24083333333333334 0.0025 0.016666666666666666
3 0.18083333333333335 0.2225 0.0033333333333333335 0.015
3 0.19583333333333333 0.21916666666666668 0.0025 0.016666666666666666
3 0.0725 0.20583333333333334 0.004166666666666667 0.018333333333333333
3 0.0625 0.2 0.004166666666666667 0.0175