0 0.7058333333333333 0.35583333333333333 0.020833333333333332 0.075
0 0.8466666666666667 0.22916666666666666 0.006666666666666667 0.0225
0 0.7775 0.29333333333333333 0.0125 0.049166666666666664
0 0.8325 0.24083333333333334 0.006666666666666667 0.0275
2 0.7266666666666667 0.24166666666666667 0.006666666666666667 0.025833333333333333
0 0.8133333333333334 0.26 0.009166666666666667 0.035833333333333335
0 0.43916666666666665 0.5816666666666667 0.04833333333333333 0.1725
1 0.39166666666666666 0.5691666666666667 0.07 0.2941666666666667
1 0.4766666666666667 0.5075 0.055 0.2475
2 0.7866666666666666 0.22083333333333333 0.005 0.018333333333333333
0 0.8558333333333333 0.21916666666666668 0.005833333333333334 0.019166666666666665
0 0.8633333333333333 0.21333333333333335 0.004166666666666667 0.0175
0 0.8691666666666666 0.20833333333333334 0.0033333333333333335 0.016666666666666666
0 0.8733333333333333 0.20416666666666666 0.0033333333333333335 0.014166666666666666
0 0.8775 0.20083333333333334 0.0033333333333333335 0.013333333333333334
0 0.88 0.19833333333333333 0.0025 0.011666666666666667
0 0.8833333333333333 0.19583333333333333 0.0025 0.011666666666666667