4 0.25166666666666665 0.43 0.025833333333333333 0.09416666666666666
4 0.1725 0.3358333333333333 0.014166666666666666 0.056666666666666664
4 0.14083333333333334 0.295 0.01 0.04
4 0.1225 0.2708333333333333 0.0075 0.029166666666666667
4 0.11333333333333333 0.25666666666666665 0.005833333333333334 0.025
4 0.10333333333333333 0.24583333333333332 0.005 0.020833333333333332
4 0.09666666666666666 0.23833333333333334 0.004166666666666667 0.0175
4 0.0925 0.2325 0.0033333333333333335 0.015
4 0.09083333333333334 0.22833333333333333 0.0025 0.015
4 0.08833333333333333 0.225 0.0033333333333333335 0.013333333333333334
4 0.645 0.79 0.025833333333333333 0.11666666666666667