0 0.185 0.6108333333333333 0.04833333333333333 0.06416666666666666
0 0.365 0.5175 0.013333333333333334 0.021666666666666667
0 0.5508333333333333 0.5216666666666666 0.013333333333333334 0.023333333333333334
0 0.7633333333333333 0.5233333333333333 0.014166666666666666 0.0225
4 0.205 0.5241666666666667 0.016666666666666666 0.025
4 0.2975 0.545 0.024166666666666666 0.035833333333333335
4 0.4175 0.5058333333333334 0.01 0.0175
4 0.585 0.5116666666666667 0.010833333333333334 0.019166666666666665
4 0.8016666666666666 0.5291666666666667 0.016666666666666666 0.025
4 0.8541666666666666 0.5258333333333334 0.015 0.023333333333333334
4 0.605 0.5933333333333334 0.034166666666666665 0.055
2 0.37166666666666665 0.5066666666666667 0.01 0.0175
2 0.49416666666666664 0.5291666666666667 0.015 0.02666666666666667
2 0.6316666666666667 0.5133333333333333 0.011666666666666667 0.02
2 0.6983333333333334 0.5366666666666666 0.018333333333333333 0.028333333333333332
2 0.8516666666666667 0.5533333333333333 0.023333333333333334 0.03333333333333333