0 0.5758333333333333 0.5591666666666667 0.03166666666666667 0.10583333333333333
0 0.745 0.5308333333333334 0.025 0.08333333333333333
2 0.1075 0.3308333333333333 0.0075 0.024166666666666666
0 0.9058333333333334 0.5208333333333334 0.02 0.07166666666666667
2 0.20666666666666667 0.3325 0.005833333333333334 0.021666666666666667
0 0.3358333333333333 0.6758333333333333 0.04833333333333333 0.17833333333333334
2 0.15583333333333332 0.33416666666666667 0.005833333333333334 0.0225
2 0.5383333333333333 0.36916666666666664 0.005833333333333334 0.020833333333333332
2 0.575 0.3725 0.005833333333333334 0.019166666666666665
2 0.49916666666666665 0.3641666666666667 0.005 0.019166666666666665
2 0.61 0.37583333333333335 0.005833333333333334 0.0175