4 0.37 0.5683333333333334 0.043333333333333335 0.15583333333333332
4 0.2575 0.44166666666666665 0.02666666666666667 0.10083333333333333
1 0.285 0.43166666666666664 0.0375 0.1725
1 0.2425 0.3958333333333333 0.021666666666666667 0.14416666666666667
4 0.195 0.35833333333333334 0.0175 0.065
4 0.16583333333333333 0.31416666666666665 0.0125 0.0475
4 0.14916666666666667 0.2833333333333333 0.010833333333333334 0.03916666666666667
4 0.14083333333333334 0.26166666666666666 0.008333333333333333 0.03333333333333333
4 0.13583333333333333 0.24666666666666667 0.0075 0.028333333333333332
4 0.14916666666666667 0.22333333333333333 0.004166666666666667 0.018333333333333333
0 0.13916666666666666 0.21166666666666667 0.004166666666666667 0.016666666666666666
0 0.0975 0.20666666666666667 0.005 0.019166666666666665
0 0.07916666666666666 0.20583333333333334 0.004166666666666667 0.019166666666666665
0 0.06 0.20666666666666667 0.005833333333333334 0.021666666666666667
0 0.0525 0.21416666666666667 0.005833333333333334 0.025833333333333333
0 0.7458333333333333 0.3541666666666667 0.005833333333333334 0.0225
0 0.7866666666666666 0.3725 0.006666666666666667 0.024166666666666666
0 0.8016666666666666 0.37916666666666665 0.0075 0.029166666666666667
4 0.8233333333333334 0.4116666666666667 0.0125 0.041666666666666664
0 0.8616666666666667 0.4008333333333333 0.009166666666666667 0.0325
0 0.9158333333333334 0.3433333333333333 0.0033333333333333335 0.013333333333333334
0 0.8758333333333334 0.3333333333333333 0.0033333333333333335 0.014166666666666666
4 0.5125 0.2916666666666667 0.005 0.018333333333333333
4 0.5758333333333333 0.30833333333333335 0.004166666666666667 0.019166666666666665
4 0.6358333333333334 0.3258333333333333 0.004166666666666667 0.020833333333333332
4 0.675 0.34 0.005833333333333334 0.021666666666666667
4 0.69 0.3525 0.006666666666666667 0.024166666666666666
4 0.7266666666666667 0.37416666666666665 0.008333333333333333 0.030833333333333334
0 0.5341666666666667 0.29333333333333333 0.004166666666666667 0.0175
0 0.5841666666666666 0.30583333333333335 0.004166666666666667 0.018333333333333333
4 0.13333333333333333 0.2375 0.005833333333333334 0.025
4 0.19416666666666665 0.225 0.0033333333333333335 0.0175
0 0.20416666666666666 0.2225 0.004166666666666667 0.016666666666666666
0 0.2658333333333333 0.23333333333333334 0.0025 0.014166666666666666
0 0.3075 0.24166666666666667 0.0025 0.013333333333333334
0 0.3933333333333333 0.25916666666666666 0.0033333333333333335 0.014166666666666666
0 0.43666666666666665 0.27 0.0033333333333333335 0.014166666666666666
0 0.4866666666666667 0.2816666666666667 0.0033333333333333335 0.016666666666666666
0 0.6316666666666667 0.3175 0.004166666666666667 0.0175
0 0.6933333333333334 0.3358333333333333 0.004166666666666667 0.019166666666666665
4 0.44583333333333336 0.2775 0.004166666666666667 0.0175
4 0.3858333333333333 0.2625 0.0033333333333333335 0.016666666666666666
4 0.3233333333333333 0.2475 0.004166666666666667 0.016666666666666666
4 0.25833333333333336 0.235 0.0033333333333333335 0.015