0 0.2808333333333333 0.5683333333333334 0.028333333333333332 0.115
0 0.30916666666666665 0.4325 0.011666666666666667 0.04583333333333333
0 0.3466666666666667 0.4125 0.008333333333333333 0.035833333333333335
0 0.2875 0.465 0.016666666666666666 0.06666666666666667
4 0.47 0.42083333333333334 0.011666666666666667 0.043333333333333335
4 0.25 0.38916666666666666 0.005 0.0175
4 0.4791666666666667 0.4008333333333333 0.008333333333333333 0.035
4 0.6575 0.5475 0.0275 0.10416666666666667
4 0.5325 0.36333333333333334 0.004166666666666667 0.016666666666666666
4 0.3983333333333333 0.38083333333333336 0.004166666666666667 0.0175
0 0.38416666666666666 0.4008333333333333 0.0075 0.028333333333333332
4 0.5891666666666666 0.3616666666666667 0.004166666666666667 0.016666666666666666
0 0.38166666666666665 0.385 0.0033333333333333335 0.019166666666666665
0 0.29833333333333334 0.39166666666666666 0.005833333333333334 0.020833333333333332
4 0.4691666666666667 0.37083333333333335 0.004166666666666667 0.016666666666666666
4 0.5266666666666666 0.4608333333333333 0.015 0.060833333333333336
0 0.5691666666666667 0.36916666666666664 0.005833333333333334 0.020833333333333332
4 0.6566666666666666 0.37416666666666665 0.005 0.0225
0 0.22666666666666666 0.3933333333333333 0.005 0.018333333333333333
4 0.5491666666666667 0.38666666666666666 0.0075 0.028333333333333332
0 0.45 0.3883333333333333 0.005833333333333334 0.024166666666666666
0 0.5208333333333334 0.37583333333333335 0.005833333333333334 0.024166666666666666
0 0.5083333333333333 0.37 0.004166666666666667 0.018333333333333333
0 0.5525 0.36666666666666664 0.004166666666666667 0.018333333333333333
4 0.32166666666666666 0.38666666666666666 0.004166666666666667 0.0175
4 0.6358333333333334 0.365 0.005 0.018333333333333333
4 0.19 0.3875 0.005833333333333334 0.016666666666666666
4 0.6058333333333333 0.38 0.006666666666666667 0.025
4 0.6591666666666667 0.36916666666666664 0.0033333333333333335 0.019166666666666665
0 0.4475 0.37833333333333335 0.0033333333333333335 0.019166666666666665
0 0.14916666666666667 0.39166666666666666 0.004166666666666667 0.020833333333333332
0 0.09 0.39166666666666666 0.004166666666666667 0.0175
4 0.12666666666666668 0.385 0.004166666666666667 0.016666666666666666
4 0.05416666666666667 0.3883333333333333 0.004166666666666667 0.018333333333333333