4 0.4008333333333333 0.6475 0.05583333333333333 0.2025
4 0.21 0.37083333333333335 0.023333333333333334 0.08833333333333333
4 0.19666666666666666 0.2833333333333333 0.014166666666666666 0.05416666666666667
4 0.27666666666666667 0.25416666666666665 0.009166666666666667 0.03833333333333333
4 0.39166666666666666 0.25416666666666665 0.006666666666666667 0.03166666666666667
4 0.52 0.2708333333333333 0.005833333333333334 0.028333333333333332
4 0.6625 0.2975 0.006666666666666667 0.029166666666666667
4 0.8033333333333333 0.3275 0.0075 0.030833333333333334
0 0.12416666666666666 0.2225 0.009166666666666667 0.035833333333333335
0 0.25916666666666666 0.22916666666666666 0.006666666666666667 0.029166666666666667
0 0.36833333333333335 0.23833333333333334 0.005833333333333334 0.025
0 0.44333333333333336 0.2475 0.005 0.025
0 0.5208333333333334 0.25833333333333336 0.005 0.024166666666666666
0 0.6008333333333333 0.27166666666666667 0.005 0.021666666666666667
0 0.6883333333333334 0.29 0.005 0.0225
0 0.7908333333333334 0.31083333333333335 0.005833333333333334 0.024166666666666666
0 0.8958333333333334 0.3333333333333333 0.006666666666666667 0.025833333333333333