4 0.4866666666666667 0.3958333333333333 0.016666666666666666 0.075
0 0.105 0.365 0.028333333333333332 0.085
0 0.8766666666666667 0.3491666666666667 0.005833333333333334 0.021666666666666667
4 0.44083333333333335 0.5566666666666666 0.035833333333333335 0.1475
0 0.15916666666666668 0.19916666666666666 0.005833333333333334 0.024166666666666666
0 0.23166666666666666 0.22333333333333333 0.006666666666666667 0.0275
1 0.7366666666666667 0.30833333333333335 0.006666666666666667 0.0325
4 0.455 0.2866666666666667 0.0075 0.035
4 0.48833333333333334 0.3275 0.010833333333333334 0.04416666666666667
0 0.050833333333333335 0.17916666666666667 0.004166666666666667 0.0275
4 0.30083333333333334 0.225 0.006666666666666667 0.024166666666666666
4 0.3825 0.25416666666666665 0.006666666666666667 0.028333333333333332
1 0.7133333333333334 0.3025 0.005833333333333334 0.030833333333333334
0 0.27416666666666667 0.31583333333333335 0.016666666666666666 0.05583333333333333
0 0.31166666666666665 0.2833333333333333 0.01 0.041666666666666664
4 0.22416666666666665 0.20333333333333334 0.005 0.019166666666666665
4 0.6416666666666667 0.29333333333333333 0.005 0.020833333333333332
4 0.5941666666666666 0.2775 0.004166666666666667 0.020833333333333332
0 0.2866666666666667 0.25166666666666665 0.0075 0.03166666666666667
0 0.51 0.24833333333333332 0.0033333333333333335 0.014166666666666666
4 0.5525 0.26666666666666666 0.004166666666666667 0.0175
4 0.1225 0.18666666666666668 0.005 0.020833333333333332
0 0.6016666666666667 0.2775 0.0033333333333333335 0.014166666666666666
0 0.7975 0.3308333333333333 0.005 0.019166666666666665
4 0.7675 0.3308333333333333 0.006666666666666667 0.024166666666666666
1 0.6766666666666666 0.29583333333333334 0.005833333333333334 0.035
4 0.48333333333333334 0.24583333333333332 0.0033333333333333335 0.0175
0 0.7233333333333334 0.31 0.004166666666666667 0.018333333333333333
4 0.8591666666666666 0.3566666666666667 0.006666666666666667 0.025833333333333333
4 0.13 0.165 0.0033333333333333335 0.015
4 0.6883333333333334 0.30666666666666664 0.005 0.021666666666666667
0 0.4625 0.235 0.0025 0.013333333333333334
1 0.7016666666666667 0.30583333333333335 0.006666666666666667 0.0325
4 0.5158333333333334 0.25583333333333336 0.0033333333333333335 0.016666666666666666
0 0.5575 0.2633333333333333 0.0025 0.015
4 0.44666666666666666 0.235 0.0025 0.016666666666666666
0 0.31583333333333335 0.20166666666666666 0.0025 0.011666666666666667
0 0.64 0.28833333333333333 0.0025 0.016666666666666666
0 0.25416666666666665 0.19 0.0025 0.011666666666666667
4 0.23333333333333334 0.18416666666666667 0.0033333333333333335 0.014166666666666666
4 0.3525 0.21 0.0033333333333333335 0.014166666666666666
4 0.075 0.1575 0.0033333333333333335 0.008333333333333333
4 0.1875 0.17583333333333334 0.0033333333333333335 0.014166666666666666
0 0.19333333333333333 0.1775 0.0025 0.010833333333333334
4 0.2966666666666667 0.19666666666666666 0.0033333333333333335 0.015