0 0.2991666666666667 0.57 0.008333333333333333 0.014166666666666666
0 0.2475 0.5725 0.0075 0.015
0 0.14833333333333334 0.5775 0.009166666666666667 0.018333333333333333
0 0.64 0.6108333333333333 0.018333333333333333 0.030833333333333334
0 0.6325 0.5791666666666667 0.006666666666666667 0.015833333333333335
0 0.5041666666666667 0.6183333333333333 0.0225 0.04083333333333333
0 0.235 0.6816666666666666 0.049166666666666664 0.07
0 0.7658333333333334 0.6033333333333334 0.0125 0.021666666666666667
0 0.6808333333333333 0.585 0.010833333333333334 0.016666666666666666
0 0.7333333333333333 0.6091666666666666 0.014166666666666666 0.024166666666666666
0 0.4525 0.5708333333333333 0.0075 0.015
0 0.3641666666666667 0.5691666666666667 0.0075 0.014166666666666666
0 0.715 0.5708333333333333 0.005833333333333334 0.009166666666666667
0 0.5533333333333333 0.5741666666666667 0.006666666666666667 0.015
0 0.8908333333333334 0.5783333333333334 0.008333333333333333 0.010833333333333334
0 0.7908333333333334 0.5733333333333334 0.005 0.011666666666666667
0 0.5183333333333333 0.565 0.004166666666666667 0.009166666666666667
0 0.7333333333333333 0.5933333333333334 0.010833333333333334 0.019166666666666665
0 0.6033333333333334 0.5675 0.006666666666666667 0.011666666666666667
0 0.44 0.5633333333333334 0.005 0.009166666666666667
4 0.4683333333333333 0.5641666666666667 0.006666666666666667 0.011666666666666667
4 0.7516666666666667 0.5766666666666667 0.009166666666666667 0.014166666666666666
4 0.6575 0.57 0.008333333333333333 0.0125
4 0.17583333333333334 0.5658333333333333 0.008333333333333333 0.0125
4 0.8641666666666666 0.5891666666666666 0.0125 0.02
4 0.4175 0.5616666666666666 0.005 0.009166666666666667
4 0.27166666666666667 0.5616666666666666 0.005 0.011666666666666667
4 0.5633333333333334 0.5658333333333333 0.005833333333333334 0.011666666666666667
4 0.8583333333333333 0.5783333333333334 0.008333333333333333 0.014166666666666666
4 0.775 0.575 0.006666666666666667 0.0125
4 0.6891666666666667 0.5716666666666667 0.006666666666666667 0.011666666666666667
4 0.5808333333333333 0.5675 0.006666666666666667 0.013333333333333334
4 0.48833333333333334 0.5641666666666667 0.005833333333333334 0.01
4 0.37083333333333335 0.5625 0.005833333333333334 0.0125