0 0.2125 0.3591666666666667 0.018333333333333333 0.075
0 0.7233333333333334 0.32 0.006666666666666667 0.0275
0 0.81 0.375 0.010833333333333334 0.043333333333333335
0 0.5166666666666667 0.4033333333333333 0.0175 0.07583333333333334
4 0.19166666666666668 0.29083333333333333 0.010833333333333334 0.04666666666666667
4 0.6616666666666666 0.34 0.008333333333333333 0.03916666666666667
4 0.4675 0.3433333333333333 0.0125 0.05333333333333334
4 0.2625 0.24833333333333332 0.005833333333333334 0.025
4 0.6008333333333333 0.34833333333333333 0.010833333333333334 0.04666666666666667
4 0.30416666666666664 0.31833333333333336 0.013333333333333334 0.0525
4 0.6691666666666667 0.3258333333333333 0.0075 0.0325
2 0.285 0.475 0.030833333333333334 0.12416666666666666
0 0.75 0.4008333333333333 0.014166666666666666 0.06
4 0.5933333333333334 0.295 0.005 0.025
0 0.13166666666666665 0.235 0.005833333333333334 0.025833333333333333
0 0.7841666666666667 0.3458333333333333 0.008333333333333333 0.03166666666666667
0 0.30083333333333334 0.24333333333333335 0.005 0.020833333333333332
4 0.16333333333333333 0.25416666666666665 0.005833333333333334 0.035
4 0.5358333333333334 0.2825 0.005 0.024166666666666666
0 0.21333333333333335 0.23666666666666666 0.005833333333333334 0.024166666666666666
2 0.12083333333333333 0.21916666666666668 0.005 0.020833333333333332
4 0.4708333333333333 0.27 0.005 0.0225
0 0.5691666666666667 0.2808333333333333 0.005 0.020833333333333332
0 0.6491666666666667 0.2991666666666667 0.006666666666666667 0.024166666666666666
0 0.3933333333333333 0.25333333333333335 0.004166666666666667 0.019166666666666665
2 0.07 0.20083333333333334 0.004166666666666667 0.0175
4 0.205 0.24916666666666668 0.006666666666666667 0.028333333333333332
4 0.39916666666666667 0.26 0.004166666666666667 0.0225
4 0.14916666666666667 0.2683333333333333 0.006666666666666667 0.03916666666666667
2 0.11166666666666666 0.20583333333333334 0.0025 0.015
4 0.6408333333333334 0.31083333333333335 0.006666666666666667 0.028333333333333332
0 0.4841666666666667 0.2658333333333333 0.004166666666666667 0.020833333333333332
2 0.0925 0.20416666666666666 0.004166666666666667 0.016666666666666666
4 0.3283333333333333 0.2525 0.005833333333333334 0.024166666666666666
2 0.11583333333333333 0.21166666666666667 0.0025 0.0175
2 0.12666666666666668 0.22916666666666666 0.004166666666666667 0.024166666666666666
1 0.14833333333333334 0.25333333333333335 0.009166666666666667 0.060833333333333336
1 0.1575 0.26 0.0125 0.06666666666666667