0 0.45166666666666666 0.43666666666666665 0.024166666666666666 0.10416666666666667
0 0.9333333333333333 0.1975 0.006666666666666667 0.025
4 0.72 0.31916666666666665 0.016666666666666666 0.065
0 0.4241666666666667 0.31916666666666665 0.011666666666666667 0.05
0 0.495 0.28 0.008333333333333333 0.03833333333333333
0 0.8191666666666667 0.20833333333333334 0.005833333333333334 0.0225
4 0.8625 0.215 0.0075 0.028333333333333332
0 0.5575 0.255 0.006666666666666667 0.029166666666666667
4 0.6575 0.29333333333333333 0.0125 0.050833333333333335
4 0.7916666666666666 0.22416666666666665 0.006666666666666667 0.029166666666666667
4 0.8891666666666667 0.38083333333333336 0.03 0.1
4 0.6833333333333333 0.25 0.008333333333333333 0.035
0 0.6358333333333334 0.23583333333333334 0.006666666666666667 0.025833333333333333
4 0.6525 0.2683333333333333 0.006666666666666667 0.041666666666666664
0 0.39 0.5708333333333333 0.04416666666666667 0.16
0 0.43833333333333335 0.37916666666666665 0.0175 0.07833333333333334
0 0.7233333333333334 0.22 0.005833333333333334 0.025
4 0.7341666666666666 0.23583333333333334 0.0075 0.030833333333333334