0 0.25166666666666665 0.27666666666666667 0.0075 0.029166666666666667
4 0.3175 0.43833333333333335 0.023333333333333334 0.09416666666666666
0 0.8108333333333333 0.31833333333333336 0.005833333333333334 0.025
0 0.060833333333333336 0.2975 0.0125 0.04416666666666667
4 0.25666666666666665 0.3516666666666667 0.013333333333333334 0.06
4 0.7675 0.32166666666666666 0.006666666666666667 0.030833333333333334
0 0.32916666666666666 0.265 0.004166666666666667 0.019166666666666665
0 0.17666666666666667 0.2875 0.009166666666666667 0.035833333333333335
4 0.38333333333333336 0.2916666666666667 0.006666666666666667 0.029166666666666667
4 0.3425 0.30416666666666664 0.0075 0.035833333333333335
4 0.4041666666666667 0.26916666666666667 0.004166666666666667 0.021666666666666667
4 0.28 0.32166666666666666 0.010833333333333334 0.04583333333333333
4 0.6416666666666667 0.7833333333333333 0.02666666666666667 0.13166666666666665
0 0.29 0.2658333333333333 0.006666666666666667 0.025
0 0.37083333333333335 0.2608333333333333 0.004166666666666667 0.019166666666666665
4 0.38916666666666666 0.2791666666666667 0.005 0.0275
0 0.4175 0.2575 0.0033333333333333335 0.0175
4 0.43666666666666665 0.27 0.0033333333333333335 0.018333333333333333
0 0.43833333333333335 0.25416666666666665 0.0025 0.014166666666666666
0 0.4625 0.2525 0.0025 0.014166666666666666
4 0.4791666666666667 0.2675 0.0033333333333333335 0.0175
4 0.49333333333333335 0.2633333333333333 0.0033333333333333335 0.016666666666666666
0 0.48833333333333334 0.25166666666666665 0.0025 0.014166666666666666
0 0.5116666666666667 0.25083333333333335 0.0025 0.013333333333333334
4 0.505 0.2608333333333333 0.0025 0.015
4 0.6308333333333334 0.28833333333333333 0.004166666666666667 0.021666666666666667
4 0.6291666666666667 0.2816666666666667 0.0025 0.019166666666666665
4 0.6558333333333334 0.28 0.0033333333333333335 0.016666666666666666
4 0.67 0.2991666666666667 0.005833333333333334 0.025833333333333333
0 0.6991666666666667 0.29333333333333333 0.004166666666666667 0.019166666666666665
0 0.7116666666666667 0.29 0.004166666666666667 0.0175
0 0.72 0.30083333333333334 0.0033333333333333335 0.020833333333333332
4 0.7016666666666667 0.2841666666666667 0.0025 0.016666666666666666
0 0.7508333333333334 0.3075 0.005 0.021666666666666667
0 0.7725 0.29583333333333334 0.0033333333333333335 0.016666666666666666
0 0.7966666666666666 0.2975 0.004166666666666667 0.016666666666666666
0 0.8091666666666667 0.29583333333333334 0.0033333333333333335 0.015
0 0.8116666666666666 0.2925 0.0025 0.015
0 0.8275 0.2925 0.0033333333333333335 0.013333333333333334
0 0.9233333333333333 0.335 0.006666666666666667 0.029166666666666667
4 0.9433333333333334 0.35083333333333333 0.01 0.03666666666666667
0 0.9483333333333334 0.3125 0.0033333333333333335 0.014166666666666666
4 0.9233333333333333 0.3025 0.0025 0.014166666666666666
4 0.5291666666666667 0.25916666666666666 0.0025 0.014166666666666666
0 0.5333333333333333 0.25 0.0016666666666666668 0.010833333333333334
4 0.5483333333333333 0.25833333333333336 0.0025 0.014166666666666666
4 0.5633333333333334 0.25666666666666665 0.0025 0.013333333333333334
4 0.7383333333333333 0.2866666666666667 0.0025 0.014166666666666666
4 0.7425 0.2833333333333333 0.0025 0.013333333333333334
4 0.7508333333333334 0.2833333333333333 0.0025 0.011666666666666667
4 0.7991666666666667 0.285 0.0016666666666666668 0.010833333333333334
0 0.8833333333333333 0.30083333333333334 0.0033333333333333335 0.013333333333333334