2 0.6683333333333333 0.3525 0.024166666666666666 0.09166666666666666
2 0.7391666666666666 0.25833333333333336 0.011666666666666667 0.0525
2 0.7841666666666667 0.19916666666666666 0.006666666666666667 0.028333333333333332
2 0.9241666666666667 0.16833333333333333 0.005833333333333334 0.0225
2 0.9425 0.1775 0.0075 0.0275
2 0.9125 0.1625 0.004166666666666667 0.018333333333333333
2 0.7941666666666667 0.185 0.006666666666666667 0.0225
2 0.7683333333333333 0.22 0.009166666666666667 0.03833333333333333
2 0.9025 0.15916666666666668 0.0033333333333333335 0.011666666666666667
2 0.8016666666666666 0.17416666666666666 0.005 0.020833333333333332
2 0.32083333333333336 0.7608333333333334 0.03333333333333333 0.17416666666666666