4 0.9041666666666667 0.42833333333333334 0.014166666666666666 0.0525
0 0.6883333333333334 0.42 0.013333333333333334 0.05333333333333334
0 0.4925 0.56 0.0325 0.11833333333333333
4 0.8 0.3958333333333333 0.010833333333333334 0.04
4 0.7208333333333333 0.37916666666666665 0.008333333333333333 0.029166666666666667
0 0.6425 0.46166666666666667 0.020833333333333332 0.06916666666666667
0 0.6325 0.3933333333333333 0.01 0.03916666666666667
0 0.59 0.3775 0.008333333333333333 0.0325
0 0.5616666666666666 0.36333333333333334 0.0075 0.024166666666666666
0 0.5791666666666667 0.3566666666666667 0.005 0.021666666666666667
4 0.6741666666666667 0.36583333333333334 0.0075 0.029166666666666667
4 0.6908333333333333 0.36 0.006666666666666667 0.021666666666666667
4 0.7058333333333333 0.35583333333333333 0.005833333333333334 0.019166666666666665
4 0.7133333333333334 0.3491666666666667 0.005833333333333334 0.018333333333333333
4 0.9333333333333333 0.3725 0.006666666666666667 0.025
4 0.8816666666666667 0.36083333333333334 0.006666666666666667 0.021666666666666667
4 0.8458333333333333 0.355 0.005 0.018333333333333333
4 0.8191666666666667 0.3491666666666667 0.004166666666666667 0.015
4 0.7983333333333333 0.345 0.004166666666666667 0.014166666666666666
4 0.7808333333333334 0.33916666666666667 0.004166666666666667 0.015
4 0.7641666666666667 0.33666666666666667 0.0033333333333333335 0.011666666666666667
4 0.6883333333333334 0.3441666666666667 0.004166666666666667 0.015
4 0.6633333333333333 0.3416666666666667 0.004166666666666667 0.014166666666666666
4 0.6466666666666666 0.3375 0.0025 0.011666666666666667
4 0.6575 0.335 0.0033333333333333335 0.01
4 0.6716666666666666 0.3308333333333333 0.0033333333333333335 0.010833333333333334
4 0.665 0.3325 0.0033333333333333335 0.010833333333333334
4 0.6425 0.32666666666666666 0.0025 0.01
4 0.75 0.3333333333333333 0.0033333333333333335 0.010833333333333334
4 0.6316666666666667 0.3258333333333333 0.0025 0.0075
4 0.6475 0.32416666666666666 0.0025 0.0075
4 0.6558333333333334 0.3283333333333333 0.0033333333333333335 0.010833333333333334
0 0.635 0.3475 0.005833333333333334 0.016666666666666666
0 0.6125 0.35333333333333333 0.005 0.015
0 0.6133333333333333 0.3441666666666667 0.005 0.015
0 0.595 0.34 0.004166666666666667 0.011666666666666667
0 0.5833333333333334 0.3358333333333333 0.0033333333333333335 0.013333333333333334
0 0.6125 0.3325 0.0033333333333333335 0.010833333333333334
0 0.6266666666666667 0.32916666666666666 0.004166666666666667 0.010833333333333334
0 0.9258333333333333 0.3566666666666667 0.005 0.018333333333333333
0 0.8875 0.35083333333333333 0.005 0.016666666666666666
0 0.8591666666666666 0.3458333333333333 0.004166666666666667 0.014166666666666666
0 0.835 0.3416666666666667 0.004166666666666667 0.013333333333333334
4 0.74 0.3308333333333333 0.0033333333333333335 0.010833333333333334
4 0.7325 0.32916666666666666 0.0033333333333333335 0.010833333333333334
4 0.725 0.3275 0.0033333333333333335 0.01
4 0.7175 0.3258333333333333 0.0025 0.008333333333333333