4 0.6833333333333333 0.5225 0.024166666666666666 0.08833333333333333
0 0.38416666666666666 0.5275 0.025833333333333333 0.0975
0 0.21583333333333332 0.4325 0.0125 0.04583333333333333
0 0.20333333333333334 0.755 0.055 0.18583333333333332
4 0.6308333333333334 0.45416666666666666 0.015 0.06
4 0.1175 0.42833333333333334 0.010833333333333334 0.041666666666666664
4 0.59 0.42083333333333334 0.011666666666666667 0.04583333333333333
0 0.35583333333333333 0.415 0.01 0.043333333333333335
4 0.25416666666666665 0.4083333333333333 0.009166666666666667 0.035
0 0.4325 0.4266666666666667 0.011666666666666667 0.049166666666666664
4 0.49583333333333335 0.3958333333333333 0.008333333333333333 0.035833333333333335
4 0.8858333333333334 0.7591666666666667 0.055 0.1775
0 0.43416666666666665 0.45666666666666667 0.015 0.06666666666666667
4 0.3875 0.3958333333333333 0.0075 0.03333333333333333