0 0.9108333333333334 0.4025 0.010833333333333334 0.04583333333333333
4 0.5458333333333333 0.4716666666666667 0.020833333333333332 0.07833333333333334
4 0.8766666666666667 0.7375 0.05583333333333333 0.21666666666666667
0 0.8583333333333333 0.37833333333333335 0.009166666666666667 0.03666666666666667
4 0.7091666666666666 0.37416666666666665 0.009166666666666667 0.03833333333333333
4 0.7233333333333334 0.4008333333333333 0.013333333333333334 0.04583333333333333
4 0.7275 0.3425 0.005833333333333334 0.024166666666666666
4 0.6025 0.3233333333333333 0.0033333333333333335 0.016666666666666666
0 0.8191666666666667 0.3425 0.005833333333333334 0.024166666666666666
0 0.43083333333333335 0.3525 0.005833333333333334 0.029166666666666667
4 0.5358333333333334 0.31916666666666665 0.0033333333333333335 0.014166666666666666
0 0.37083333333333335 0.36333333333333334 0.0075 0.035
4 0.6116666666666667 0.3416666666666667 0.006666666666666667 0.024166666666666666
0 0.495 0.3441666666666667 0.005 0.024166666666666666
0 0.2875 0.395 0.010833333333333334 0.04666666666666667
0 0.8633333333333333 0.3641666666666667 0.005833333333333334 0.028333333333333332
4 0.6158333333333333 0.31833333333333336 0.0025 0.013333333333333334
0 0.6633333333333333 0.3308333333333333 0.004166666666666667 0.018333333333333333
0 0.4583333333333333 0.3275 0.0033333333333333335 0.019166666666666665
4 0.5683333333333334 0.35583333333333333 0.005833333333333334 0.029166666666666667
0 0.4975 0.3358333333333333 0.0033333333333333335 0.021666666666666667
4 0.5 0.4033333333333333 0.011666666666666667 0.05
0 0.4716666666666667 0.3308333333333333 0.004166666666666667 0.020833333333333332
4 0.5766666666666667 0.3258333333333333 0.0033333333333333335 0.015
4 0.5883333333333334 0.33 0.0033333333333333335 0.016666666666666666
4 0.7533333333333333 0.3491666666666667 0.006666666666666667 0.025
4 0.7325 0.35833333333333334 0.006666666666666667 0.028333333333333332
4 0.555 0.33166666666666667 0.0033333333333333335 0.020833333333333332
0 0.5233333333333333 0.3408333333333333 0.004166666666666667 0.0225
0 0.09 0.6691666666666667 0.060833333333333336 0.1825
4 0.55 0.31833333333333336 0.0025 0.011666666666666667
4 0.6291666666666667 0.32166666666666666 0.0025 0.013333333333333334
4 0.5858333333333333 0.335 0.004166666666666667 0.021666666666666667
0 0.20166666666666666 0.4666666666666667 0.020833333333333332 0.085
4 0.64 0.32083333333333336 0.0025 0.010833333333333334
0 0.7083333333333334 0.3333333333333333 0.004166666666666667 0.018333333333333333
4 0.6833333333333333 0.33666666666666667 0.005 0.020833333333333332
0 0.48833333333333334 0.31916666666666665 0.0033333333333333335 0.014166666666666666
0 0.4708333333333333 0.32083333333333336 0.004166666666666667 0.015
4 0.6341666666666667 0.3325 0.0033333333333333335 0.0175
0 0.6858333333333333 0.32166666666666666 0.004166666666666667 0.013333333333333334
0 0.77 0.3383333333333333 0.004166666666666667 0.019166666666666665
4 0.8616666666666667 0.45 0.0175 0.06916666666666667
0 0.5025 0.31583333333333335 0.0033333333333333335 0.016666666666666666
4 0.6058333333333333 0.3475 0.005833333333333334 0.028333333333333332
0 0.8633333333333333 0.345 0.0033333333333333335 0.014166666666666666
4 0.5125 0.36916666666666664 0.008333333333333333 0.0325
4 0.5266666666666666 0.33 0.004166666666666667 0.016666666666666666
4 0.5283333333333333 0.3275 0.0033333333333333335 0.011666666666666667
0 0.46416666666666667 0.3225 0.004166666666666667 0.015