4 0.5225 0.5333333333333333 0.023333333333333334 0.09166666666666666
0 0.84 0.43083333333333335 0.01 0.03916666666666667
0 0.68 0.4216666666666667 0.008333333333333333 0.035
4 0.3333333333333333 0.44166666666666665 0.010833333333333334 0.04416666666666667
0 0.0725 0.66 0.04666666666666667 0.16083333333333333
4 0.6358333333333334 0.44416666666666665 0.014166666666666666 0.05
4 0.185 0.49 0.021666666666666667 0.06833333333333333
4 0.49333333333333335 0.44 0.0125 0.04416666666666667
0 0.2125 0.4191666666666667 0.008333333333333333 0.035
4 0.7708333333333334 0.46 0.013333333333333334 0.05583333333333333
0 0.1 0.7891666666666667 0.035833333333333335 0.1175
0 0.36666666666666664 0.4166666666666667 0.0075 0.03333333333333333
4 0.7083333333333334 0.6016666666666667 0.03833333333333333 0.1275
4 0.9291666666666667 0.4766666666666667 0.020833333333333332 0.06166666666666667
0 0.5208333333333334 0.41833333333333333 0.008333333333333333 0.035
4 0.18 0.44166666666666665 0.0125 0.04666666666666667
4 0.32666666666666666 0.5008333333333334 0.0225 0.075