0 0.9033333333333333 0.4058333333333333 0.01 0.03666666666666667
0 0.47583333333333333 0.3383333333333333 0.0125 0.04666666666666667
4 0.61 0.3908333333333333 0.013333333333333334 0.0575
0 0.75 0.37083333333333335 0.01 0.035833333333333335
0 0.12666666666666668 0.4241666666666667 0.03666666666666667 0.11416666666666667
0 0.6133333333333333 0.3491666666666667 0.009166666666666667 0.03833333333333333
0 0.3308333333333333 0.3491666666666667 0.0175 0.06333333333333334
4 0.8183333333333334 0.4058333333333333 0.0125 0.04416666666666667
4 0.7083333333333334 0.39 0.014166666666666666 0.0475
4 0.5308333333333334 0.415 0.019166666666666665 0.07583333333333334
4 0.49 0.5075 0.0325 0.12166666666666667
4 0.9483333333333334 0.44333333333333336 0.005 0.03166666666666667
3 0.5483333333333333 0.3 0.005 0.024166666666666666
3 0.6108333333333333 0.30416666666666664 0.0033333333333333335 0.019166666666666665
3 0.6333333333333333 0.32416666666666666 0.005 0.024166666666666666
3 0.6633333333333333 0.30833333333333335 0.0025 0.0175
3 0.6891666666666667 0.3283333333333333 0.004166666666666667 0.021666666666666667
3 0.7608333333333334 0.34 0.004166666666666667 0.020833333333333332
3 0.7916666666666666 0.34 0.0033333333333333335 0.016666666666666666
3 0.8133333333333334 0.3408333333333333 0.0033333333333333335 0.016666666666666666
3 0.8508333333333333 0.3566666666666667 0.004166666666666667 0.020833333333333332
3 0.8575 0.3541666666666667 0.004166666666666667 0.018333333333333333
3 0.7675 0.3275 0.0033333333333333335 0.015
3 0.7491666666666666 0.32666666666666666 0.0033333333333333335 0.016666666666666666
3 0.7233333333333334 0.3258333333333333 0.0033333333333333335 0.018333333333333333
3 0.6991666666666667 0.31166666666666665 0.0025 0.013333333333333334