0 0.8866666666666667 0.4091666666666667 0.035 0.11416666666666667
0 0.5108333333333334 0.62 0.055 0.20583333333333334
0 0.8341666666666666 0.19583333333333333 0.005833333333333334 0.018333333333333333
4 0.9441666666666667 0.195 0.0075 0.020833333333333332
0 0.855 0.2 0.005 0.019166666666666665
0 0.8983333333333333 0.18666666666666668 0.005 0.0175
0 0.8516666666666667 0.19 0.004166666666666667 0.0175
4 0.9333333333333333 0.19 0.005 0.019166666666666665
0 0.9258333333333333 0.20416666666666666 0.006666666666666667 0.025833333333333333
3 0.35083333333333333 0.25333333333333335 0.006666666666666667 0.024166666666666666
3 0.42083333333333334 0.2325 0.005 0.021666666666666667
3 0.28833333333333333 0.25083333333333335 0.005833333333333334 0.018333333333333333
3 0.22 0.26 0.0075 0.024166666666666666
3 0.41 0.21583333333333332 0.0025 0.011666666666666667
4 0.925 0.1925 0.004166666666666667 0.019166666666666665
3 0.2 0.275 0.008333333333333333 0.028333333333333332
3 0.38083333333333336 0.21416666666666667 0.0025 0.010833333333333334
3 0.24916666666666668 0.24083333333333334 0.004166666666666667 0.016666666666666666
3 0.32666666666666666 0.24333333333333335 0.005 0.019166666666666665
3 0.31916666666666665 0.24 0.005833333333333334 0.020833333333333332
3 0.31166666666666665 0.22583333333333333 0.004166666666666667 0.015
3 0.3925 0.22833333333333333 0.005 0.019166666666666665
3 0.43583333333333335 0.21 0.0025 0.013333333333333334