0 0.5016666666666667 0.5616666666666666 0.020833333333333332 0.03
0 0.4608333333333333 0.5375 0.014166666666666666 0.019166666666666665
0 0.46166666666666667 0.5191666666666667 0.0075 0.011666666666666667
0 0.44916666666666666 0.5083333333333333 0.004166666666666667 0.0075
0 0.4066666666666667 0.5316666666666666 0.01 0.016666666666666666
0 0.3441666666666667 0.5791666666666667 0.02666666666666667 0.035833333333333335
0 0.23416666666666666 0.5708333333333333 0.023333333333333334 0.03166666666666667
0 0.14083333333333334 0.5358333333333334 0.011666666666666667 0.015833333333333335
0 0.12583333333333332 0.6516666666666666 0.051666666666666666 0.0675
0 0.27416666666666667 0.5425 0.013333333333333334 0.02
0 0.30083333333333334 0.525 0.0075 0.011666666666666667
0 0.2975 0.5191666666666667 0.005833333333333334 0.01
0 0.315 0.515 0.005833333333333334 0.008333333333333333
0 0.345 0.5116666666666667 0.005 0.008333333333333333
0 0.35333333333333333 0.5258333333333334 0.008333333333333333 0.013333333333333334
0 0.4025 0.51 0.004166666666666667 0.0075
0 0.4841666666666667 0.5083333333333333 0.004166666666666667 0.006666666666666667
0 0.5116666666666667 0.5091666666666667 0.005 0.0075
0 0.54 0.51 0.005833333333333334 0.009166666666666667
0 0.6208333333333333 0.515 0.0075 0.010833333333333334
0 0.6175 0.5266666666666666 0.011666666666666667 0.015833333333333335
0 0.6275 0.5366666666666666 0.015 0.02
0 0.7141666666666666 0.5183333333333333 0.009166666666666667 0.013333333333333334
4 0.4675 0.5166666666666667 0.0075 0.010833333333333334
4 0.25333333333333335 0.625 0.041666666666666664 0.056666666666666664
4 0.2425 0.5525 0.0175 0.024166666666666666
4 0.23416666666666666 0.5225 0.008333333333333333 0.010833333333333334
4 0.14333333333333334 0.53 0.009166666666666667 0.013333333333333334
4 0.13666666666666666 0.61 0.04083333333333333 0.05
4 0.3591666666666667 0.5166666666666667 0.0075 0.01
4 0.3725 0.5266666666666666 0.01 0.014166666666666666
4 0.5483333333333333 0.5158333333333334 0.0075 0.011666666666666667
4 0.5866666666666667 0.5183333333333333 0.009166666666666667 0.0125
4 0.7083333333333334 0.555 0.020833333333333332 0.03166666666666667
4 0.815 0.5291666666666667 0.014166666666666666 0.020833333333333332
2 0.5175 0.6575 0.04833333333333333 0.07166666666666667
2 0.5358333333333334 0.5941666666666666 0.028333333333333332 0.043333333333333335
2 0.495 0.5558333333333333 0.019166666666666665 0.02666666666666667
2 0.4716666666666667 0.5291666666666667 0.01 0.016666666666666666
2 0.44083333333333335 0.5233333333333333 0.008333333333333333 0.013333333333333334
2 0.41083333333333333 0.5158333333333334 0.005833333333333334 0.01
2 0.3725 0.545 0.015 0.020833333333333332
2 0.21333333333333335 0.5333333333333333 0.010833333333333334 0.015833333333333335
2 0.235 0.525 0.0075 0.011666666666666667
2 0.0975 0.5491666666666667 0.015833333333333335 0.02
2 0.10416666666666667 0.575 0.0275 0.03166666666666667
2 0.3383333333333333 0.5183333333333333 0.006666666666666667 0.01