0 0.16333333333333333 0.5508333333333333 0.014166666666666666 0.019166666666666665
0 0.17083333333333334 0.5391666666666667 0.01 0.015
0 0.20416666666666666 0.5316666666666666 0.008333333333333333 0.011666666666666667
0 0.24916666666666668 0.5258333333333334 0.005833333333333334 0.01
0 0.24333333333333335 0.555 0.014166666666666666 0.021666666666666667
0 0.335 0.5716666666666667 0.021666666666666667 0.030833333333333334
0 0.325 0.5216666666666666 0.005 0.009166666666666667
0 0.385 0.5191666666666667 0.005 0.009166666666666667
0 0.4166666666666667 0.5391666666666667 0.010833333333333334 0.016666666666666666
0 0.43083333333333335 0.5183333333333333 0.006666666666666667 0.01
0 0.4675 0.5191666666666667 0.006666666666666667 0.01
0 0.5075 0.52 0.006666666666666667 0.010833333333333334
0 0.6475 0.5283333333333333 0.01 0.016666666666666666
0 0.7116666666666667 0.5541666666666667 0.018333333333333333 0.028333333333333332
0 0.8191666666666667 0.5341666666666667 0.014166666666666666 0.021666666666666667
0 0.8366666666666667 0.5891666666666666 0.034166666666666665 0.04666666666666667
0 0.8841666666666667 0.8516666666666667 0.13416666666666666 0.175
0 0.46166666666666667 0.5975 0.028333333333333332 0.04416666666666667
4 0.06333333333333334 0.5483333333333333 0.011666666666666667 0.0175
4 0.2625 0.5341666666666667 0.01 0.014166666666666666
4 0.27416666666666667 0.5566666666666666 0.015833333333333335 0.023333333333333334
4 0.4175 0.5325 0.011666666666666667 0.015
4 0.5425 0.5316666666666666 0.011666666666666667 0.016666666666666666
4 0.61 0.535 0.014166666666666666 0.02
2 0.05583333333333333 0.5525 0.013333333333333334 0.019166666666666665
2 0.23166666666666666 0.5375 0.01 0.015
2 0.2525 0.6325 0.043333333333333335 0.056666666666666664
2 0.38916666666666666 0.5483333333333333 0.014166666666666666 0.021666666666666667
2 0.33666666666666667 0.5325 0.008333333333333333 0.013333333333333334
2 0.7141666666666666 0.7441666666666666 0.0725 0.12083333333333333
2 0.45666666666666667 0.565 0.020833333333333332 0.03166666666666667