0 0.14916666666666667 0.325 0.0175 0.06916666666666667
0 0.825 0.32083333333333336 0.009166666666666667 0.03333333333333333
4 0.3516666666666667 0.46 0.03 0.1225
4 0.36083333333333334 0.3616666666666667 0.019166666666666665 0.075
0 0.5541666666666667 0.2866666666666667 0.009166666666666667 0.035
0 0.29 0.2925 0.013333333333333334 0.05
4 0.42916666666666664 0.32416666666666666 0.016666666666666666 0.056666666666666664
4 0.6141666666666666 0.31 0.010833333333333334 0.04
4 0.7233333333333334 0.32083333333333336 0.009166666666666667 0.03666666666666667
4 0.8383333333333334 0.3383333333333333 0.01 0.03833333333333333
4 0.515 0.31 0.014166666666666666 0.0475
2 0.1175 0.2941666666666667 0.015833333333333335 0.056666666666666664
0 0.6875 0.3 0.009166666666666667 0.0325
2 0.07666666666666666 0.25333333333333335 0.010833333333333334 0.041666666666666664
2 0.05333333333333334 0.22916666666666666 0.008333333333333333 0.0325
0 0.4225 0.2825 0.01 0.041666666666666664
1 0.4891666666666667 0.6166666666666667 0.07916666666666666 0.33666666666666667
1 0.7033333333333334 0.7041666666666667 0.04833333333333333 0.28833333333333333
4 0.57 0.7391666666666666 0.07 0.215