0 0.6641666666666667 0.36916666666666664 0.0275 0.09916666666666667
0 0.7366666666666667 0.28833333333333333 0.016666666666666666 0.0675
0 0.7733333333333333 0.24166666666666667 0.011666666666666667 0.04666666666666667
0 0.8475 0.18 0.005833333333333334 0.0225
0 0.4216666666666667 0.6483333333333333 0.0575 0.22916666666666666
0 0.9425 0.16 0.005 0.015
0 0.8125 0.2 0.0075 0.030833333333333334
0 0.7916666666666666 0.22083333333333333 0.01 0.03916666666666667
1 0.49083333333333334 0.5108333333333334 0.055 0.3025
0 0.8541666666666666 0.16916666666666666 0.005 0.019166666666666665
0 0.8941666666666667 0.16166666666666665 0.004166666666666667 0.0175
0 0.835 0.18916666666666668 0.006666666666666667 0.025833333333333333
0 0.8741666666666666 0.16333333333333333 0.005 0.018333333333333333
4 0.9466666666666667 0.20333333333333334 0.01 0.035
4 0.9391666666666667 0.18083333333333335 0.006666666666666667 0.0225
4 0.94 0.19333333333333333 0.0075 0.0275
1 0.3333333333333333 0.6558333333333334 0.10416666666666667 0.385