0 0.1875 0.8108333333333333 0.09916666666666667 0.1575
0 0.315 0.425 0.0125 0.02
0 0.2633333333333333 0.5016666666666667 0.014166666666666666 0.023333333333333334
0 0.21583333333333332 0.5283333333333333 0.02666666666666667 0.034166666666666665
0 0.21166666666666667 0.4975 0.016666666666666666 0.021666666666666667
0 0.13166666666666665 0.4825 0.0125 0.018333333333333333
0 0.13916666666666666 0.4716666666666667 0.0075 0.0125
0 0.06833333333333333 0.44666666666666666 0.008333333333333333 0.010833333333333334
4 0.49666666666666665 0.6141666666666666 0.043333333333333335 0.06916666666666667
4 0.35833333333333334 0.5508333333333333 0.025 0.0425
4 0.36666666666666664 0.5258333333333334 0.019166666666666665 0.03166666666666667
4 0.26916666666666667 0.42833333333333334 0.009166666666666667 0.015833333333333335
4 0.2275 0.4508333333333333 0.006666666666666667 0.0125
4 0.21 0.56 0.03166666666666667 0.04833333333333333
4 0.18666666666666668 0.4691666666666667 0.006666666666666667 0.011666666666666667
4 0.115 0.5075 0.023333333333333334 0.029166666666666667
2 0.4075 0.5808333333333333 0.045 0.0375
2 0.22416666666666665 0.4866666666666667 0.011666666666666667 0.0175