0 0.64 0.32416666666666666 0.015 0.06666666666666667
0 0.5925 0.3025 0.015 0.05583333333333333
0 0.5375 0.2875 0.013333333333333334 0.04666666666666667
0 0.6725 0.37083333333333335 0.019166666666666665 0.08083333333333333
0 0.32083333333333336 0.26166666666666666 0.005833333333333334 0.024166666666666666
4 0.8933333333333333 0.2891666666666667 0.02 0.06333333333333334
0 0.6691666666666667 0.45666666666666667 0.03166666666666667 0.125
0 0.8108333333333333 0.2 0.005 0.021666666666666667
4 0.7675 0.2658333333333333 0.014166666666666666 0.04416666666666667
0 0.85 0.1975 0.006666666666666667 0.0225
0 0.31166666666666665 0.275 0.006666666666666667 0.028333333333333332
4 0.705 0.21166666666666667 0.005 0.021666666666666667
0 0.36666666666666664 0.2825 0.009166666666666667 0.035
4 0.6733333333333333 0.25583333333333336 0.010833333333333334 0.03916666666666667
0 0.36666666666666664 0.2475 0.006666666666666667 0.021666666666666667
4 0.5275 0.2275 0.006666666666666667 0.020833333333333332
0 0.5266666666666666 0.6325 0.05583333333333333 0.20666666666666667
0 0.505 0.22416666666666665 0.004166666666666667 0.018333333333333333
0 0.73 0.20333333333333334 0.005833333333333334 0.019166666666666665
4 0.43416666666666665 0.255 0.009166666666666667 0.0275
0 0.4841666666666667 0.2833333333333333 0.01 0.0425
4 0.4666666666666667 0.25583333333333336 0.008333333333333333 0.029166666666666667
4 0.4483333333333333 0.24166666666666667 0.005833333333333334 0.021666666666666667
0 0.9066666666666666 0.19333333333333333 0.006666666666666667 0.0225
4 0.4266666666666667 0.2475 0.0075 0.025833333333333333
4 0.47833333333333333 0.235 0.005 0.021666666666666667
4 0.865 0.20583333333333334 0.006666666666666667 0.025
4 0.5816666666666667 0.25166666666666665 0.01 0.03333333333333333
0 0.43166666666666664 0.23416666666666666 0.006666666666666667 0.018333333333333333
4 0.7966666666666666 0.20833333333333334 0.0075 0.024166666666666666
0 0.5775 0.215 0.004166666666666667 0.0175
4 0.59 0.22083333333333333 0.006666666666666667 0.021666666666666667
4 0.6508333333333334 0.215 0.005833333333333334 0.021666666666666667
0 0.6541666666666667 0.20833333333333334 0.004166666666666667 0.016666666666666666