4 0.2733333333333333 0.37083333333333335 0.0175 0.06666666666666667
4 0.15 0.25833333333333336 0.006666666666666667 0.0225
2 0.2916666666666667 0.29083333333333333 0.008333333333333333 0.029166666666666667
4 0.16333333333333333 0.27 0.006666666666666667 0.0275
4 0.435 0.5183333333333333 0.034166666666666665 0.12416666666666666
4 0.1825 0.2866666666666667 0.006666666666666667 0.0325
4 0.21333333333333335 0.31666666666666665 0.010833333333333334 0.0425
4 0.1275 0.23833333333333334 0.0033333333333333335 0.015
2 0.26 0.26416666666666666 0.004166666666666667 0.019166666666666665
4 0.13333333333333333 0.24333333333333335 0.005 0.018333333333333333
4 0.14083333333333334 0.24916666666666668 0.005833333333333334 0.020833333333333332
4 0.12333333333333334 0.23416666666666666 0.0033333333333333335 0.014166666666666666
4 0.12 0.23166666666666666 0.0025 0.013333333333333334
4 0.11416666666666667 0.22583333333333333 0.0025 0.010833333333333334
4 0.11666666666666667 0.22916666666666666 0.0025 0.011666666666666667
4 0.1125 0.22416666666666665 0.0025 0.010833333333333334