0 0.36083333333333334 0.7316666666666667 0.06833333333333333 0.2325
0 0.5108333333333334 0.48 0.0325 0.13333333333333333
0 0.5208333333333334 0.3925 0.016666666666666666 0.09333333333333334
0 0.46166666666666667 0.315 0.0125 0.0575
0 0.4816666666666667 0.2725 0.008333333333333333 0.041666666666666664
0 0.5533333333333333 0.24583333333333332 0.0075 0.0325
0 0.6458333333333334 0.22583333333333333 0.006666666666666667 0.028333333333333332
0 0.7558333333333334 0.21166666666666667 0.006666666666666667 0.028333333333333332
0 0.8808333333333334 0.2025 0.0075 0.030833333333333334
4 0.8625 0.3275 0.020833333333333332 0.0825
4 0.6875 0.27666666666666667 0.0125 0.05333333333333334
4 0.6633333333333333 0.26166666666666666 0.010833333333333334 0.04416666666666667
4 0.6866666666666666 0.24416666666666667 0.008333333333333333 0.03916666666666667
4 0.74 0.23166666666666666 0.009166666666666667 0.035
4 0.8 0.22416666666666665 0.008333333333333333 0.035
4 0.8941666666666667 0.21833333333333332 0.009166666666666667 0.035833333333333335
3 0.06333333333333334 0.2816666666666667 0.0033333333333333335 0.015