0 0.35 0.5025 0.030833333333333334 0.0675
0 0.8641666666666666 0.47 0.0225 0.04666666666666667
0 0.68 0.4625 0.018333333333333333 0.045
0 0.5075 0.4666666666666667 0.0225 0.04833333333333333
0 0.17833333333333334 0.6766666666666666 0.07833333333333334 0.15083333333333335
4 0.8908333333333334 0.6975 0.0675 0.15666666666666668
4 0.7916666666666666 0.5791666666666667 0.056666666666666664 0.1025
4 0.8125 0.5358333333333334 0.035833333333333335 0.07833333333333334
2 0.3025 0.3975 0.01 0.015
2 0.525 0.3983333333333333 0.008333333333333333 0.01
2 0.6908333333333333 0.3933333333333333 0.005 0.009166666666666667
2 0.8 0.3908333333333333 0.005 0.008333333333333333
2 0.89 0.39416666666666667 0.010833333333333334 0.01