0 0.4825 0.4558333333333333 0.0175 0.06833333333333333
4 0.8275 0.5558333333333333 0.035 0.11083333333333334
0 0.41833333333333333 0.4083333333333333 0.013333333333333334 0.0475
0 0.06666666666666667 0.4025 0.015 0.050833333333333335
0 0.14083333333333334 0.3775 0.009166666666666667 0.03666666666666667
4 0.5108333333333334 0.38333333333333336 0.01 0.035833333333333335
0 0.43416666666666665 0.585 0.03166666666666667 0.13166666666666665
4 0.6641666666666667 0.4525 0.016666666666666666 0.06416666666666666
4 0.5691666666666667 0.41083333333333333 0.0125 0.04583333333333333
0 0.31666666666666665 0.3675 0.006666666666666667 0.030833333333333334
0 0.22916666666666666 0.365 0.0075 0.029166666666666667
4 0.0875 0.3616666666666667 0.009166666666666667 0.0325
4 0.17166666666666666 0.3541666666666667 0.008333333333333333 0.028333333333333332
4 0.25916666666666666 0.3525 0.006666666666666667 0.025
4 0.44916666666666666 0.36916666666666664 0.0075 0.029166666666666667
4 0.3958333333333333 0.36083333333333334 0.0075 0.025833333333333333
0 0.37083333333333335 0.38166666666666665 0.01 0.035833333333333335
4 0.3233333333333333 0.355 0.006666666666666667 0.025
0 0.3275 0.3308333333333333 0.006666666666666667 0.013333333333333334