0 0.25 0.34 0.018333333333333333 0.06333333333333334
0 0.4041666666666667 0.3275 0.010833333333333334 0.04416666666666667
0 0.5416666666666666 0.3358333333333333 0.008333333333333333 0.03916666666666667
0 0.6758333333333333 0.35583333333333333 0.008333333333333333 0.035
0 0.8258333333333333 0.3875 0.008333333333333333 0.03333333333333333
4 0.46 0.7491666666666666 0.056666666666666664 0.19666666666666666
4 0.38916666666666666 0.4791666666666667 0.025833333333333333 0.11416666666666667
4 0.44583333333333336 0.39916666666666667 0.0175 0.07416666666666667
4 0.5316666666666666 0.375 0.0125 0.056666666666666664
4 0.6308333333333334 0.37416666666666665 0.010833333333333334 0.04666666666666667
4 0.7366666666666667 0.3883333333333333 0.0125 0.043333333333333335
4 0.8625 0.4141666666666667 0.011666666666666667 0.043333333333333335
2 0.8908333333333334 0.37833333333333335 0.006666666666666667 0.024166666666666666
2 0.895 0.39416666666666667 0.009166666666666667 0.03166666666666667
2 0.8208333333333333 0.36666666666666664 0.006666666666666667 0.025
3 0.0525 0.24416666666666667 0.0075 0.0325
3 0.13666666666666666 0.23666666666666666 0.005833333333333334 0.025
3 0.2 0.2708333333333333 0.006666666666666667 0.0325
3 0.19333333333333333 0.23166666666666666 0.0033333333333333335 0.0175
3 0.22666666666666666 0.22833333333333333 0.0033333333333333335 0.015
3 0.25666666666666665 0.26166666666666666 0.005833333333333334 0.025833333333333333
3 0.27416666666666667 0.24833333333333332 0.004166666666666667 0.018333333333333333
3 0.2925 0.24416666666666667 0.0025 0.0175
3 0.32666666666666666 0.2633333333333333 0.004166666666666667 0.021666666666666667
3 0.3433333333333333 0.25666666666666665 0.0033333333333333335 0.0175
3 0.3566666666666667 0.25416666666666665 0.0033333333333333335 0.016666666666666666
3 0.4091666666666667 0.2708333333333333 0.0033333333333333335 0.018333333333333333
3 0.4041666666666667 0.265 0.0025 0.016666666666666666
3 0.48333333333333334 0.2775 0.0025 0.015
3 0.5016666666666667 0.285 0.0033333333333333335 0.018333333333333333
3 0.5866666666666667 0.30083333333333334 0.0025 0.0175
3 0.5841666666666666 0.29583333333333334 0.0025 0.014166666666666666
3 0.68 0.3225 0.0033333333333333335 0.018333333333333333
3 0.7066666666666667 0.325 0.0033333333333333335 0.0175
3 0.76 0.3458333333333333 0.004166666666666667 0.019166666666666665
3 0.81 0.3525 0.004166666666666667 0.018333333333333333