4 0.22333333333333333 0.39166666666666666 0.019166666666666665 0.07416666666666667
0 0.15666666666666668 0.2608333333333333 0.005833333333333334 0.025833333333333333
0 0.08333333333333333 0.2633333333333333 0.006666666666666667 0.028333333333333332
4 0.33416666666666667 0.5275 0.0325 0.12833333333333333
0 0.2625 0.26416666666666666 0.004166666666666667 0.021666666666666667
4 0.4716666666666667 0.2891666666666667 0.004166666666666667 0.021666666666666667
4 0.36333333333333334 0.2791666666666667 0.005 0.024166666666666666
4 0.195 0.29333333333333333 0.0075 0.03666666666666667
0 0.35583333333333333 0.27 0.004166666666666667 0.018333333333333333
0 0.4191666666666667 0.2758333333333333 0.004166666666666667 0.019166666666666665
4 0.5875 0.30583333333333335 0.005 0.024166666666666666
4 0.18666666666666668 0.3283333333333333 0.014166666666666666 0.0475
4 0.8383333333333334 0.3433333333333333 0.006666666666666667 0.025833333333333333
0 0.6308333333333334 0.3025 0.004166666666666667 0.019166666666666665
4 0.7033333333333334 0.32416666666666666 0.005833333333333334 0.025833333333333333
0 0.9066666666666666 0.3458333333333333 0.006666666666666667 0.024166666666666666
4 0.2708333333333333 0.24333333333333335 0.0025 0.008333333333333333
0 0.5558333333333333 0.2916666666666667 0.004166666666666667 0.018333333333333333
0 0.8075 0.3308333333333333 0.005 0.021666666666666667
0 0.7183333333333334 0.315 0.004166666666666667 0.021666666666666667
0 0.4866666666666667 0.2825 0.005 0.019166666666666665
4 0.3175 0.24166666666666667 0.0025 0.008333333333333333
4 0.2916666666666667 0.24166666666666667 0.0016666666666666668 0.008333333333333333
4 0.2658333333333333 0.28 0.005833333333333334 0.025
4 0.34833333333333333 0.24333333333333335 0.0025 0.008333333333333333
4 0.5683333333333334 0.2625 0.0025 0.01
0 0.32166666666666666 0.24083333333333334 0.0025 0.01
0 0.050833333333333335 0.27 0.0033333333333333335 0.0275