0 0.25666666666666665 0.36833333333333335 0.023333333333333334 0.075
4 0.5825 0.40166666666666667 0.016666666666666666 0.06166666666666667
1 0.7366666666666667 0.365 0.0125 0.0575
4 0.6816666666666666 0.3975 0.014166666666666666 0.0525
0 0.5083333333333333 0.32083333333333336 0.0075 0.035
4 0.92 0.43666666666666665 0.014166666666666666 0.04583333333333333
4 0.8666666666666667 0.3725 0.006666666666666667 0.0225
1 0.8141666666666667 0.4008333333333333 0.02 0.07416666666666667
0 0.7975 0.38333333333333336 0.008333333333333333 0.035
1 0.6983333333333334 0.3575 0.011666666666666667 0.058333333333333334
4 0.9275 0.39666666666666667 0.0075 0.028333333333333332
0 0.6908333333333333 0.3258333333333333 0.005 0.020833333333333332
0 0.8341666666666666 0.38333333333333336 0.006666666666666667 0.030833333333333334
1 0.7683333333333333 0.3933333333333333 0.019166666666666665 0.07416666666666667
2 0.2833333333333333 0.29333333333333333 0.01 0.03916666666666667
2 0.245 0.3125 0.014166666666666666 0.050833333333333335
0 0.625 0.3525 0.0075 0.03666666666666667
0 0.7516666666666667 0.3433333333333333 0.004166666666666667 0.019166666666666665
4 0.345 0.2708333333333333 0.006666666666666667 0.024166666666666666
4 0.7108333333333333 0.3258333333333333 0.004166666666666667 0.019166666666666665
0 0.44916666666666666 0.30083333333333334 0.0075 0.028333333333333332
0 0.83 0.3725 0.005 0.024166666666666666
0 0.48083333333333333 0.285 0.004166666666666667 0.021666666666666667
4 0.35083333333333333 0.2866666666666667 0.0075 0.035
0 0.5258333333333334 0.29083333333333333 0.004166666666666667 0.020833333333333332
4 0.49666666666666665 0.44416666666666665 0.023333333333333334 0.09166666666666666
4 0.5633333333333334 0.2925 0.004166666666666667 0.0175
4 0.49416666666666664 0.2808333333333333 0.004166666666666667 0.018333333333333333
2 0.13 0.2633333333333333 0.011666666666666667 0.04
4 0.4266666666666667 0.31833333333333336 0.006666666666666667 0.03833333333333333
0 0.4325 0.2891666666666667 0.005833333333333334 0.024166666666666666
4 0.79 0.41 0.011666666666666667 0.04583333333333333
2 0.05333333333333334 0.2775 0.008333333333333333 0.050833333333333335
0 0.7983333333333333 0.35833333333333334 0.005 0.024166666666666666
0 0.5783333333333334 0.30083333333333334 0.004166666666666667 0.018333333333333333
0 0.4216666666666667 0.345 0.011666666666666667 0.050833333333333335
0 0.7183333333333334 0.37166666666666665 0.008333333333333333 0.035
4 0.7941666666666667 0.3475 0.004166666666666667 0.021666666666666667
4 0.3775 0.2675 0.006666666666666667 0.021666666666666667
4 0.4675 0.5925 0.03833333333333333 0.15416666666666667
0 0.44583333333333336 0.2833333333333333 0.004166666666666667 0.0225
4 0.43083333333333335 0.2708333333333333 0.004166666666666667 0.018333333333333333