0 0.2733333333333333 0.32416666666666666 0.013333333333333334 0.05583333333333333
0 0.10666666666666667 0.36916666666666664 0.025833333333333333 0.085
4 0.51 0.3775 0.013333333333333334 0.060833333333333336
0 0.31083333333333335 0.2758333333333333 0.006666666666666667 0.0325
4 0.4791666666666667 0.44166666666666665 0.023333333333333334 0.0925
0 0.3466666666666667 0.30083333333333334 0.008333333333333333 0.03916666666666667
0 0.1175 0.23416666666666666 0.006666666666666667 0.0275
0 0.2708333333333333 0.265 0.006666666666666667 0.029166666666666667
0 0.32916666666666666 0.31166666666666665 0.01 0.04666666666666667
4 0.415 0.2816666666666667 0.006666666666666667 0.0275
4 0.5275 0.35083333333333333 0.010833333333333334 0.049166666666666664
4 0.52 0.32916666666666666 0.0075 0.03833333333333333
4 0.3525 0.26666666666666666 0.005833333333333334 0.025833333333333333
0 0.33416666666666667 0.2866666666666667 0.005833333333333334 0.035
0 0.22166666666666668 0.25416666666666665 0.005833333333333334 0.028333333333333332
4 0.4675 0.2991666666666667 0.005833333333333334 0.03166666666666667
4 0.2825 0.2525 0.005 0.024166666666666666
4 0.4475 0.2525 0.0025 0.013333333333333334
0 0.8216666666666667 0.315 0.0025 0.010833333333333334
4 0.15416666666666667 0.22666666666666666 0.004166666666666667 0.020833333333333332
0 0.30916666666666665 0.22916666666666666 0.0025 0.013333333333333334
4 0.22583333333333333 0.22083333333333333 0.0033333333333333335 0.016666666666666666
4 0.77 0.3075 0.0025 0.010833333333333334
4 0.5291666666666667 0.6275 0.04583333333333333 0.17083333333333334
0 0.405 0.24333333333333335 0.0016666666666666668 0.011666666666666667
0 0.7191666666666666 0.295 0.0025 0.01
0 0.25083333333333335 0.22083333333333333 0.0033333333333333335 0.013333333333333334
0 0.36333333333333334 0.23833333333333334 0.0025 0.013333333333333334
4 0.15916666666666668 0.21583333333333332 0.0033333333333333335 0.016666666666666666
4 0.7275 0.2991666666666667 0.0025 0.010833333333333334
4 0.35 0.24 0.0033333333333333335 0.014166666666666666
0 0.7641666666666667 0.30416666666666664 0.0025 0.010833333333333334
4 0.2658333333333333 0.22666666666666666 0.0033333333333333335 0.014166666666666666
4 0.8083333333333333 0.315 0.0025 0.010833333333333334
4 0.9266666666666666 0.3358333333333333 0.0025 0.010833333333333334
4 0.465 0.25416666666666665 0.0016666666666666668 0.011666666666666667
4 0.4766666666666667 0.25416666666666665 0.0025 0.01
0 0.3425 0.235 0.0025 0.013333333333333334
4 0.1375 0.21833333333333332 0.004166666666666667 0.024166666666666666
0 0.8716666666666667 0.3233333333333333 0.0025 0.01
4 0.38916666666666666 0.245 0.0025 0.014166666666666666
0 0.08583333333333333 0.20333333333333334 0.0025 0.0175
4 0.2966666666666667 0.23083333333333333 0.0033333333333333335 0.014166666666666666
4 0.9016666666666666 0.3308333333333333 0.0025 0.010833333333333334
4 0.195 0.235 0.004166666666666667 0.0225
0 0.43666666666666665 0.245 0.0016666666666666668 0.011666666666666667
0 0.7408333333333333 0.3 0.0025 0.010833333333333334
4 0.6966666666666667 0.2925 0.0025 0.010833333333333334
4 0.19083333333333333 0.21833333333333332 0.0033333333333333335 0.016666666666666666
0 0.8066666666666666 0.31166666666666665 0.0025 0.010833333333333334
4 0.8666666666666667 0.3258333333333333 0.0025 0.010833333333333334
0 0.19416666666666665 0.21333333333333335 0.0025 0.014166666666666666
0 0.785 0.30833333333333335 0.0025 0.010833333333333334
4 0.4216666666666667 0.24916666666666668 0.0025 0.014166666666666666
0 0.9133333333333333 0.33166666666666667 0.0025 0.008333333333333333
0 0.41833333333333333 0.24416666666666667 0.0025 0.011666666666666667
4 0.8875 0.32916666666666666 0.0033333333333333335 0.01
0 0.43 0.245 0.0016666666666666668 0.011666666666666667
4 0.6741666666666667 0.2866666666666667 0.0025 0.008333333333333333
4 0.8416666666666667 0.32166666666666666 0.0025 0.010833333333333334
0 0.38666666666666666 0.24083333333333334 0.0025 0.011666666666666667
0 0.7033333333333334 0.29083333333333333 0.0025 0.01