0 0.6783333333333333 0.4325 0.030833333333333334 0.11916666666666667
0 0.805 0.2708333333333333 0.011666666666666667 0.0525
0 0.875 0.19583333333333333 0.005833333333333334 0.025
1 0.6975 0.37083333333333335 0.0275 0.1675
0 0.9308333333333333 0.1725 0.0033333333333333335 0.0175
0 0.5133333333333333 0.6425 0.056666666666666664 0.21083333333333334
0 0.8925 0.17916666666666667 0.005 0.019166666666666665
0 0.765 0.31833333333333336 0.019166666666666665 0.06916666666666667
0 0.8866666666666667 0.18833333333333332 0.005 0.020833333333333332
0 0.9116666666666666 0.17416666666666666 0.004166666666666667 0.018333333333333333
0 0.8566666666666667 0.20583333333333334 0.0075 0.028333333333333332
0 0.8275 0.23833333333333334 0.01 0.04
1 0.6508333333333334 0.4225 0.04416666666666667 0.2075
0 0.8408333333333333 0.22166666666666668 0.0075 0.035