0 0.6475 0.3925 0.010833333333333334 0.024166666666666666
0 0.14666666666666667 0.42833333333333334 0.015 0.04083333333333333
0 0.30833333333333335 0.505 0.028333333333333332 0.07166666666666667
0 0.49916666666666665 0.3883333333333333 0.009166666666666667 0.02
0 0.2833333333333333 0.435 0.015833333333333335 0.04
0 0.3458333333333333 0.45666666666666667 0.020833333333333332 0.050833333333333335
0 0.7725 0.3983333333333333 0.0125 0.024166666666666666
0 0.5625 0.3908333333333333 0.009166666666666667 0.0225
4 0.7891666666666667 0.46416666666666667 0.024166666666666666 0.05333333333333334
4 0.5458333333333333 0.415 0.013333333333333334 0.034166666666666665
4 0.8641666666666666 0.42833333333333334 0.016666666666666666 0.03666666666666667
4 0.5941666666666666 0.4091666666666667 0.013333333333333334 0.03166666666666667
4 0.715 0.41333333333333333 0.015833333333333335 0.034166666666666665
4 0.6716666666666666 0.43166666666666664 0.016666666666666666 0.04
4 0.8508333333333333 0.62 0.060833333333333336 0.12666666666666668
4 0.3883333333333333 0.3975 0.009166666666666667 0.0225
4 0.4633333333333333 0.41083333333333333 0.010833333333333334 0.03
4 0.2658333333333333 0.4008333333333333 0.0125 0.0275
4 0.35083333333333333 0.4066666666666667 0.014166666666666666 0.0275
4 0.47 0.4041666666666667 0.008333333333333333 0.02666666666666667
4 0.8458333333333333 0.5183333333333333 0.04083333333333333 0.07833333333333334