0 0.8066666666666666 0.2941666666666667 0.014166666666666666 0.058333333333333334
0 0.725 0.4033333333333333 0.0275 0.1
0 0.8675 0.21416666666666667 0.006666666666666667 0.024166666666666666
0 0.8566666666666667 0.22833333333333333 0.008333333333333333 0.030833333333333334
0 0.8383333333333334 0.2525 0.009166666666666667 0.04
0 0.88 0.195 0.004166666666666667 0.018333333333333333
0 0.8841666666666667 0.19 0.0033333333333333335 0.015
0 0.875 0.2025 0.005 0.020833333333333332
4 0.945 0.18166666666666667 0.0033333333333333335 0.013333333333333334
4 0.95 0.185 0.0033333333333333335 0.0175
4 0.8266666666666667 0.18416666666666667 0.0025 0.011666666666666667
2 0.94 0.17583333333333334 0.0025 0.013333333333333334