4 0.2625 0.3358333333333333 0.016666666666666666 0.06333333333333334
1 0.32 0.39416666666666667 0.024166666666666666 0.15333333333333332
0 0.12333333333333334 0.2175 0.006666666666666667 0.021666666666666667
1 0.3458333333333333 0.4166666666666667 0.03833333333333333 0.1725
0 0.07666666666666666 0.21166666666666667 0.005833333333333334 0.021666666666666667
0 0.8716666666666667 0.31166666666666665 0.004166666666666667 0.014166666666666666
4 0.10333333333333333 0.26 0.011666666666666667 0.04
4 0.24 0.30416666666666664 0.013333333333333334 0.05
4 0.84 0.30916666666666665 0.005 0.016666666666666666
4 0.9191666666666667 0.3225 0.004166666666666667 0.015
4 0.18583333333333332 0.2808333333333333 0.011666666666666667 0.0425
4 0.08916666666666667 0.21916666666666668 0.0075 0.0225
4 0.44416666666666665 0.24166666666666667 0.0033333333333333335 0.013333333333333334
4 0.7841666666666667 0.3 0.005 0.0175
4 0.6225 0.2683333333333333 0.0033333333333333335 0.014166666666666666
0 0.9333333333333333 0.3225 0.004166666666666667 0.015
4 0.8783333333333333 0.31583333333333335 0.004166666666666667 0.016666666666666666
0 0.2375 0.21833333333333332 0.004166666666666667 0.015
4 0.15583333333333332 0.22416666666666665 0.006666666666666667 0.0225
4 0.5716666666666667 0.25583333333333336 0.0025 0.010833333333333334
4 0.2708333333333333 0.22916666666666666 0.005833333333333334 0.019166666666666665
4 0.46416666666666667 0.24166666666666667 0.0025 0.013333333333333334
4 0.595 0.26 0.0025 0.013333333333333334
4 0.5483333333333333 0.25166666666666665 0.0025 0.011666666666666667
4 0.24666666666666667 0.22916666666666666 0.005 0.019166666666666665
4 0.3625 0.23166666666666666 0.0033333333333333335 0.014166666666666666
4 0.5258333333333334 0.24833333333333332 0.0025 0.011666666666666667
4 0.5025 0.24583333333333332 0.0025 0.013333333333333334
4 0.9383333333333334 0.35583333333333333 0.0075 0.028333333333333332
0 0.8158333333333333 0.3025 0.004166666666666667 0.015
0 0.6708333333333333 0.2758333333333333 0.0025 0.013333333333333334
4 0.63 0.27166666666666667 0.0033333333333333335 0.013333333333333334
0 0.3541666666666667 0.22916666666666666 0.0033333333333333335 0.013333333333333334
0 0.6441666666666667 0.26666666666666666 0.0025 0.011666666666666667
0 0.16083333333333333 0.21916666666666668 0.004166666666666667 0.020833333333333332
0 0.2225 0.22083333333333333 0.004166666666666667 0.0175
4 0.9341666666666667 0.3491666666666667 0.006666666666666667 0.024166666666666666
4 0.29 0.2275 0.005 0.016666666666666666
4 0.29583333333333334 0.22583333333333333 0.0033333333333333335 0.014166666666666666
4 0.9408333333333333 0.3458333333333333 0.005 0.024166666666666666
0 0.6783333333333333 0.27666666666666667 0.0025 0.014166666666666666
4 0.45416666666666666 0.24166666666666667 0.0033333333333333335 0.013333333333333334
0 0.2633333333333333 0.21833333333333332 0.0033333333333333335 0.013333333333333334
0 0.3225 0.22583333333333333 0.004166666666666667 0.013333333333333334
0 0.23 0.22 0.004166666666666667 0.018333333333333333
0 0.5891666666666666 0.2575 0.0025 0.010833333333333334
4 0.6075 0.2625 0.0033333333333333335 0.011666666666666667
4 0.2825 0.22916666666666666 0.004166666666666667 0.016666666666666666
0 0.20916666666666667 0.22083333333333333 0.0033333333333333335 0.018333333333333333
0 0.3725 0.23166666666666666 0.0025 0.013333333333333334
0 0.1825 0.22 0.004166666666666667 0.018333333333333333
4 0.28583333333333333 0.22583333333333333 0.004166666666666667 0.016666666666666666
4 0.4816666666666667 0.24333333333333335 0.0025 0.011666666666666667
4 0.6966666666666667 0.285 0.004166666666666667 0.016666666666666666
4 0.6608333333333334 0.2775 0.0033333333333333335 0.014166666666666666
4 0.31416666666666665 0.22666666666666666 0.0033333333333333335 0.014166666666666666
0 0.7658333333333334 0.2941666666666667 0.004166666666666667 0.014166666666666666
4 0.425 0.23916666666666667 0.0033333333333333335 0.013333333333333334
4 0.6175 0.265 0.0025 0.013333333333333334
4 0.52 0.6875 0.0575 0.2075
0 0.4866666666666667 0.24166666666666667 0.0025 0.011666666666666667
0 0.715 0.285 0.0033333333333333335 0.014166666666666666
0 0.52 0.24666666666666667 0.0025 0.010833333333333334
4 0.3275 0.43333333333333335 0.019166666666666665 0.10083333333333333
0 0.74 0.2891666666666667 0.0025 0.013333333333333334
0 0.4066666666666667 0.235 0.0025 0.013333333333333334
0 0.555 0.2525 0.0025 0.010833333333333334
0 0.6608333333333334 0.27166666666666667 0.0025 0.013333333333333334
4 0.2075 0.22833333333333333 0.005 0.019166666666666665
4 0.7383333333333333 0.2925 0.0033333333333333335 0.015
0 0.42916666666666664 0.23666666666666666 0.0025 0.011666666666666667
0 0.6675 0.27416666666666667 0.0025 0.013333333333333334
0 0.2925 0.2225 0.0033333333333333335 0.014166666666666666
0 0.4141666666666667 0.235 0.0033333333333333335 0.011666666666666667
0 0.4575 0.24 0.0025 0.011666666666666667
0 0.3925 0.23333333333333334 0.0025 0.013333333333333334
4 0.3908333333333333 0.235 0.0033333333333333335 0.014166666666666666
0 0.695 0.2816666666666667 0.0025 0.013333333333333334
0 0.62 0.2625 0.0016666666666666668 0.011666666666666667
4 0.6208333333333333 0.26666666666666666 0.0025 0.011666666666666667