0 0.24083333333333334 0.3416666666666667 0.016666666666666666 0.065
0 0.2475 0.28 0.010833333333333334 0.04
4 0.5325 0.3883333333333333 0.015833333333333335 0.06416666666666666
0 0.07583333333333334 0.22666666666666666 0.0075 0.029166666666666667
4 0.5158333333333334 0.3516666666666667 0.0125 0.050833333333333335
0 0.26416666666666666 0.32 0.013333333333333334 0.05333333333333334
4 0.5116666666666667 0.5083333333333333 0.02666666666666667 0.11666666666666667
4 0.36666666666666664 0.27666666666666667 0.0075 0.03166666666666667
0 0.13416666666666666 0.23666666666666666 0.0075 0.028333333333333332
0 0.26916666666666667 0.2975 0.0075 0.04416666666666667
4 0.3233333333333333 0.2633333333333333 0.006666666666666667 0.0275
0 0.06666666666666667 0.20416666666666666 0.005833333333333334 0.019166666666666665
0 0.20333333333333334 0.25583333333333336 0.0075 0.0325
0 0.17166666666666666 0.24583333333333332 0.0075 0.030833333333333334
4 0.4683333333333333 0.31916666666666665 0.01 0.04
4 0.7641666666666667 0.30666666666666664 0.0033333333333333335 0.011666666666666667
0 0.22666666666666666 0.2683333333333333 0.009166666666666667 0.035833333333333335
4 0.7433333333333333 0.2991666666666667 0.0025 0.010833333333333334
4 0.3641666666666667 0.23 0.0025 0.011666666666666667
4 0.8608333333333333 0.3308333333333333 0.004166666666666667 0.014166666666666666
4 0.6783333333333333 0.2833333333333333 0.0016666666666666668 0.010833333333333334
4 0.8266666666666667 0.3225 0.0033333333333333335 0.014166666666666666
0 0.8575 0.3258333333333333 0.0033333333333333335 0.013333333333333334
4 0.1625 0.22916666666666666 0.005833333333333334 0.024166666666666666
4 0.2725 0.25083333333333335 0.005 0.024166666666666666
0 0.8133333333333334 0.31583333333333335 0.0033333333333333335 0.011666666666666667
4 0.4216666666666667 0.29583333333333334 0.008333333333333333 0.035833333333333335
4 0.7933333333333333 0.315 0.0033333333333333335 0.014166666666666666
4 0.315 0.22083333333333333 0.0025 0.010833333333333334
4 0.22916666666666666 0.24166666666666667 0.004166666666666667 0.024166666666666666
4 0.5491666666666667 0.2633333333333333 0.0025 0.011666666666666667
4 0.435 0.245 0.0025 0.011666666666666667
4 0.5208333333333334 0.26 0.0033333333333333335 0.013333333333333334
4 0.7258333333333333 0.29333333333333333 0.0016666666666666668 0.008333333333333333
4 0.22583333333333333 0.20833333333333334 0.0033333333333333335 0.010833333333333334
4 0.18416666666666667 0.22 0.005 0.018333333333333333
0 0.27416666666666667 0.21333333333333335 0.0033333333333333335 0.008333333333333333
0 0.8825 0.33166666666666667 0.004166666666666667 0.011666666666666667
0 0.44 0.24333333333333335 0.0033333333333333335 0.011666666666666667
4 0.57 0.26666666666666666 0.0025 0.010833333333333334
4 0.3358333333333333 0.22416666666666665 0.0025 0.01
0 0.5316666666666666 0.25833333333333336 0.0025 0.011666666666666667
4 0.485 0.25333333333333335 0.0033333333333333335 0.013333333333333334
4 0.2783333333333333 0.215 0.0025 0.010833333333333334
0 0.9166666666666666 0.34 0.004166666666666667 0.013333333333333334
4 0.38916666666666666 0.235 0.0025 0.011666666666666667
4 0.6516666666666666 0.7575 0.05333333333333334 0.17833333333333334
4 0.9066666666666666 0.3416666666666667 0.004166666666666667 0.015
0 0.4216666666666667 0.23833333333333334 0.0025 0.011666666666666667
0 0.5183333333333333 0.25666666666666665 0.0025 0.010833333333333334
0 0.5 0.25333333333333335 0.0025 0.010833333333333334
4 0.59 0.2683333333333333 0.0025 0.011666666666666667
0 0.8325 0.32083333333333336 0.0033333333333333335 0.013333333333333334
4 0.6058333333333333 0.2708333333333333 0.0025 0.010833333333333334
0 0.45666666666666667 0.24583333333333332 0.0025 0.01
0 0.2325 0.2075 0.0033333333333333335 0.010833333333333334
4 0.6525 0.2783333333333333 0.0025 0.008333333333333333
0 0.4791666666666667 0.25 0.0025 0.010833333333333334
4 0.25083333333333335 0.21166666666666667 0.0033333333333333335 0.01
0 0.9491666666666667 0.3475 0.004166666666666667 0.014166666666666666
4 0.41 0.24 0.0025 0.013333333333333334
4 0.6275 0.2733333333333333 0.0025 0.01
0 0.8 0.31083333333333335 0.0033333333333333335 0.010833333333333334
4 0.7033333333333334 0.2891666666666667 0.0025 0.010833333333333334
0 0.355 0.22583333333333333 0.0025 0.01
0 0.7833333333333333 0.30583333333333335 0.0033333333333333335 0.01
4 0.75 0.30083333333333334 0.0033333333333333335 0.010833333333333334
0 0.5766666666666667 0.2633333333333333 0.0025 0.01
0 0.645 0.275 0.0025 0.010833333333333334
0 0.72 0.29 0.0025 0.008333333333333333
0 0.805 0.31333333333333335 0.0025 0.010833333333333334
0 0.11166666666666666 0.20666666666666667 0.004166666666666667 0.0175
0 0.13083333333333333 0.2075 0.004166666666666667 0.0175
4 0.18416666666666667 0.22 0.004166666666666667 0.018333333333333333
4 0.21916666666666668 0.21833333333333332 0.0033333333333333335 0.014166666666666666
4 0.215 0.21583333333333332 0.0033333333333333335 0.014166666666666666
4 0.19833333333333333 0.21 0.0033333333333333335 0.013333333333333334
4 0.1875 0.20666666666666667 0.0033333333333333335 0.014166666666666666
0 0.12 0.1975 0.0033333333333333335 0.013333333333333334
0 0.39166666666666666 0.23166666666666666 0.0025 0.01
4 0.7533333333333333 0.30416666666666664 0.0025 0.011666666666666667
0 0.6825 0.2833333333333333 0.0025 0.01
0 0.15833333333333333 0.19916666666666666 0.0025 0.011666666666666667