0 0.38 0.465 0.015 0.03333333333333333
0 0.2941666666666667 0.5425 0.03166666666666667 0.06583333333333333
0 0.35083333333333333 0.49083333333333334 0.021666666666666667 0.04666666666666667
0 0.39916666666666667 0.4508333333333333 0.011666666666666667 0.0275
0 0.4116666666666667 0.44083333333333335 0.009166666666666667 0.0225
0 0.17166666666666666 0.6408333333333334 0.055 0.11083333333333334
0 0.42 0.43416666666666665 0.0075 0.02
0 0.42583333333333334 0.42833333333333334 0.006666666666666667 0.0175
0 0.43 0.42333333333333334 0.005 0.016666666666666666
0 0.43416666666666665 0.42083333333333334 0.005 0.015833333333333335
0 0.4375 0.41833333333333333 0.004166666666666667 0.014166666666666666
4 0.67 0.535 0.03166666666666667 0.0675
4 0.6075 0.48583333333333334 0.02 0.045
4 0.5725 0.46 0.015 0.03666666666666667
4 0.7875 0.6283333333333333 0.055 0.11083333333333334
4 0.555 0.44666666666666666 0.011666666666666667 0.03
4 0.5425 0.43833333333333335 0.01 0.025
4 0.5325 0.43166666666666664 0.009166666666666667 0.021666666666666667
4 0.5241666666666667 0.4275 0.008333333333333333 0.019166666666666665
4 0.5191666666666667 0.42333333333333334 0.006666666666666667 0.016666666666666666
4 0.5133333333333333 0.42 0.005833333333333334 0.015833333333333335
4 0.5091666666666667 0.4175 0.005 0.014166666666666666