0 0.535 0.5141666666666667 0.030833333333333334 0.13666666666666666
0 0.6266666666666667 0.35583333333333333 0.019166666666666665 0.06916666666666667
0 0.72 0.295 0.013333333333333334 0.049166666666666664
0 0.8391666666666666 0.265 0.01 0.04
0 0.9441666666666667 0.24583333333333332 0.01 0.03666666666666667
0 0.08 0.33166666666666667 0.006666666666666667 0.025833333333333333
0 0.19083333333333333 0.315 0.005833333333333334 0.0225
0 0.27416666666666667 0.29333333333333333 0.005 0.021666666666666667
0 0.3375 0.27416666666666667 0.004166666666666667 0.018333333333333333
0 0.375 0.2633333333333333 0.0033333333333333335 0.016666666666666666
0 0.39916666666666667 0.25333333333333335 0.0033333333333333335 0.015
4 0.08583333333333333 0.30916666666666665 0.005833333333333334 0.020833333333333332
4 0.17333333333333334 0.2991666666666667 0.005833333333333334 0.020833333333333332
4 0.24166666666666667 0.285 0.005 0.018333333333333333
4 0.2916666666666667 0.26916666666666667 0.004166666666666667 0.0175
4 0.32166666666666666 0.25833333333333336 0.004166666666666667 0.016666666666666666
4 0.3466666666666667 0.24833333333333332 0.0033333333333333335 0.014166666666666666