0 0.24416666666666667 0.325 0.0175 0.058333333333333334
4 0.5383333333333333 0.3641666666666667 0.014166666666666666 0.05416666666666667
0 0.9225 0.38333333333333336 0.0075 0.030833333333333334
4 0.4841666666666667 0.3908333333333333 0.019166666666666665 0.06833333333333333
0 0.8525 0.36916666666666664 0.008333333333333333 0.030833333333333334
4 0.46 0.45166666666666666 0.0225 0.09916666666666667
4 0.64 0.36 0.010833333333333334 0.04416666666666667
0 0.38 0.3125 0.010833333333333334 0.0425
4 0.93 0.4041666666666667 0.010833333333333334 0.03916666666666667
4 0.8066666666666666 0.38083333333333336 0.01 0.03916666666666667
0 0.6166666666666667 0.3275 0.0075 0.0325
0 0.5066666666666667 0.31583333333333335 0.008333333333333333 0.035833333333333335
4 0.7 0.3641666666666667 0.010833333333333334 0.041666666666666664
0 0.9125 0.35583333333333333 0.004166666666666667 0.019166666666666665
0 0.058333333333333334 0.38416666666666666 0.02 0.09666666666666666
4 0.5283333333333333 0.6258333333333334 0.045 0.16916666666666666
0 0.9225 0.3458333333333333 0.0033333333333333335 0.014166666666666666
0 0.7333333333333333 0.3458333333333333 0.006666666666666667 0.030833333333333334
0 0.89 0.3416666666666667 0.0033333333333333335 0.015
0 0.8858333333333334 0.3441666666666667 0.004166666666666667 0.0175