4 0.5416666666666666 0.4275 0.02 0.08333333333333333
0 0.5608333333333333 0.3441666666666667 0.006666666666666667 0.03166666666666667
0 0.44 0.325 0.008333333333333333 0.03916666666666667
4 0.6025 0.3975 0.0125 0.05583333333333333
0 0.6758333333333333 0.365 0.006666666666666667 0.028333333333333332
0 0.29833333333333334 0.32083333333333336 0.011666666666666667 0.050833333333333335
4 0.5466666666666666 0.6141666666666666 0.0375 0.1675
0 0.7958333333333333 0.38666666666666666 0.0075 0.028333333333333332
4 0.8033333333333333 0.41333333333333333 0.008333333333333333 0.035833333333333335
4 0.6983333333333334 0.3958333333333333 0.009166666666666667 0.041666666666666664
0 0.145 0.3491666666666667 0.0175 0.06916666666666667
4 0.935 0.43916666666666665 0.009166666666666667 0.035
0 0.9175 0.4083333333333333 0.006666666666666667 0.0275
1 0.5091666666666667 0.2625 0.0025 0.020833333333333332
1 0.525 0.26666666666666666 0.0025 0.0225
1 0.5191666666666667 0.2633333333333333 0.0025 0.0225
1 0.5141666666666667 0.2675 0.0016666666666666668 0.013333333333333334
1 0.5041666666666667 0.26416666666666666 0.0016666666666666668 0.015