0 0.7841666666666667 0.5108333333333334 0.04666666666666667 0.16333333333333333
3 0.7883333333333333 0.20916666666666667 0.006666666666666667 0.0225
3 0.59 0.23166666666666666 0.006666666666666667 0.025
3 0.8275 0.21666666666666667 0.0075 0.0275
3 0.5225 0.23083333333333333 0.005 0.021666666666666667
3 0.1225 0.3566666666666667 0.015833333333333335 0.0525
3 0.29583333333333334 0.28833333333333333 0.01 0.03833333333333333
3 0.3233333333333333 0.355 0.015833333333333335 0.06416666666666666
3 0.565 0.255 0.008333333333333333 0.03166666666666667
3 0.5391666666666667 0.22083333333333333 0.005 0.020833333333333332
3 0.445 0.23083333333333333 0.005833333333333334 0.019166666666666665
3 0.6875 0.23166666666666666 0.006666666666666667 0.028333333333333332
3 0.44916666666666666 0.29 0.011666666666666667 0.04416666666666667
3 0.675 0.22166666666666668 0.006666666666666667 0.025833333333333333
3 0.6083333333333333 0.22166666666666668 0.005 0.021666666666666667
3 0.49333333333333335 0.2475 0.0075 0.030833333333333334
3 0.3933333333333333 0.24916666666666668 0.0075 0.025