0 0.19333333333333333 0.765 0.03333333333333333 0.16666666666666666
0 0.7208333333333333 0.43 0.035833333333333335 0.11666666666666667
0 0.11583333333333333 0.29583333333333334 0.0075 0.0275
0 0.22583333333333333 0.275 0.006666666666666667 0.025833333333333333
0 0.31583333333333335 0.25333333333333335 0.005833333333333334 0.021666666666666667
0 0.37083333333333335 0.24166666666666667 0.004166666666666667 0.019166666666666665
0 0.4091666666666667 0.23 0.004166666666666667 0.018333333333333333
0 0.4375 0.21916666666666668 0.0033333333333333335 0.016666666666666666
0 0.4533333333333333 0.20916666666666667 0.0033333333333333335 0.016666666666666666
4 0.8608333333333333 0.19 0.0033333333333333335 0.011666666666666667
4 0.9266666666666666 0.18666666666666668 0.0033333333333333335 0.013333333333333334
4 0.12333333333333334 0.2725 0.006666666666666667 0.024166666666666666
4 0.20833333333333334 0.26 0.005833333333333334 0.021666666666666667
4 0.27666666666666667 0.24333333333333335 0.005 0.020833333333333332
4 0.3225 0.22916666666666666 0.004166666666666667 0.0175
4 0.3616666666666667 0.21833333333333332 0.0033333333333333335 0.015