4 0.5875 0.4266666666666667 0.014166666666666666 0.049166666666666664
0 0.39416666666666667 0.4216666666666667 0.011666666666666667 0.05
4 0.7933333333333333 0.59 0.0325 0.11833333333333333
4 0.6516666666666666 0.4666666666666667 0.018333333333333333 0.065
4 0.8583333333333333 0.42083333333333334 0.011666666666666667 0.04
0 0.38416666666666666 0.4 0.009166666666666667 0.03916666666666667
0 0.3933333333333333 0.4775 0.018333333333333333 0.08166666666666667
0 0.3458333333333333 0.6458333333333334 0.035833333333333335 0.16166666666666665
4 0.9283333333333333 0.4508333333333333 0.015 0.05333333333333334
0 0.495 0.36833333333333335 0.006666666666666667 0.025
4 0.7908333333333334 0.3958333333333333 0.008333333333333333 0.029166666666666667
0 0.8675 0.3933333333333333 0.0075 0.029166666666666667
0 0.38333333333333336 0.37833333333333335 0.008333333333333333 0.030833333333333334
0 0.5516666666666666 0.36666666666666664 0.006666666666666667 0.024166666666666666
4 0.6541666666666667 0.3825 0.006666666666666667 0.028333333333333332
0 0.9466666666666667 0.4091666666666667 0.009166666666666667 0.035833333333333335
4 0.52 0.3825 0.008333333333333333 0.030833333333333334
4 0.535 0.4008333333333333 0.011666666666666667 0.03666666666666667
0 0.43666666666666665 0.37083333333333335 0.005833333333333334 0.025833333333333333
4 0.5808333333333333 0.37916666666666665 0.008333333333333333 0.0275
4 0.7258333333333333 0.3883333333333333 0.0075 0.0275
0 0.7933333333333333 0.38083333333333336 0.006666666666666667 0.025
0 0.6108333333333333 0.37083333333333335 0.006666666666666667 0.024166666666666666
0 0.6841666666666667 0.3725 0.005833333333333334 0.024166666666666666