0 0.7608333333333334 0.605 0.03666666666666667 0.051666666666666666
0 0.41833333333333333 0.5216666666666666 0.0175 0.015
0 0.37916666666666665 0.5 0.0075 0.0125
0 0.36 0.49333333333333335 0.006666666666666667 0.01
0 0.2225 0.49916666666666665 0.009166666666666667 0.014166666666666666
0 0.18 0.5266666666666666 0.019166666666666665 0.025
4 0.5083333333333333 0.5441666666666667 0.021666666666666667 0.0225
4 0.42583333333333334 0.51 0.009166666666666667 0.016666666666666666
4 0.37083333333333335 0.5075 0.010833333333333334 0.015833333333333335
4 0.3425 0.49666666666666665 0.0075 0.011666666666666667
4 0.205 0.5133333333333333 0.013333333333333334 0.02
4 0.11333333333333333 0.545 0.03166666666666667 0.024166666666666666
4 0.09333333333333334 0.5041666666666667 0.013333333333333334 0.0175
2 0.46416666666666667 0.5658333333333333 0.024166666666666666 0.028333333333333332