4 0.8525 0.6175 0.030833333333333334 0.12166666666666667
0 0.5366666666666666 0.49583333333333335 0.0175 0.0725
0 0.3408333333333333 0.63 0.03916666666666667 0.14416666666666667
4 0.7308333333333333 0.445 0.010833333333333334 0.04666666666666667
4 0.6891666666666667 0.4225 0.009166666666666667 0.04
4 0.7933333333333333 0.5016666666666667 0.019166666666666665 0.06833333333333333
0 0.5466666666666666 0.44333333333333336 0.013333333333333334 0.0525
4 0.9316666666666666 0.42916666666666664 0.010833333333333334 0.03333333333333333
4 0.8833333333333333 0.41083333333333333 0.006666666666666667 0.028333333333333332
0 0.6708333333333333 0.38333333333333336 0.005 0.019166666666666665
0 0.5408333333333334 0.41583333333333333 0.008333333333333333 0.035833333333333335
0 0.57 0.38416666666666666 0.004166666666666667 0.0225
0 0.5275 0.38916666666666666 0.006666666666666667 0.024166666666666666
0 0.62 0.38416666666666666 0.005 0.020833333333333332
4 0.6516666666666666 0.4075 0.008333333333333333 0.030833333333333334
0 0.8983333333333333 0.3983333333333333 0.005833333333333334 0.0225
4 0.7608333333333334 0.39666666666666667 0.005 0.024166666666666666
4 0.6408333333333334 0.395 0.005833333333333334 0.025
0 0.5308333333333334 0.4041666666666667 0.008333333333333333 0.030833333333333334
4 0.8258333333333333 0.4025 0.005833333333333334 0.025
0 0.7258333333333333 0.3858333333333333 0.005833333333333334 0.0175
2 0.8241666666666667 0.37333333333333335 0.0033333333333333335 0.011666666666666667
2 0.5325 0.36083333333333334 0.004166666666666667 0.013333333333333334
2 0.8 0.3725 0.0025 0.010833333333333334
4 0.5508333333333333 0.3525 0.0025 0.008333333333333333
2 0.5733333333333334 0.36333333333333334 0.0033333333333333335 0.010833333333333334
2 0.5541666666666667 0.3616666666666667 0.004166666666666667 0.013333333333333334
2 0.5966666666666667 0.3616666666666667 0.0033333333333333335 0.013333333333333334
4 0.6941666666666667 0.3933333333333333 0.006666666666666667 0.025
2 0.7766666666666666 0.3725 0.0033333333333333335 0.014166666666666666
2 0.7525 0.37 0.004166666666666667 0.014166666666666666
2 0.505 0.36 0.0033333333333333335 0.014166666666666666
2 0.5091666666666667 0.355 0.0025 0.01
0 0.5233333333333333 0.3516666666666667 0.0033333333333333335 0.011666666666666667
0 0.7933333333333333 0.38916666666666666 0.005 0.024166666666666666