0 0.25833333333333336 0.365 0.020833333333333332 0.07583333333333334
0 0.4325 0.33666666666666667 0.014166666666666666 0.050833333333333335
4 0.5833333333333334 0.3883333333333333 0.016666666666666666 0.06416666666666666
4 0.7925 0.39 0.0125 0.04416666666666667
4 0.5066666666666667 0.43333333333333335 0.0225 0.08916666666666667
0 0.5683333333333334 0.3383333333333333 0.01 0.041666666666666664
1 0.945 0.4066666666666667 0.0125 0.07416666666666667
4 0.5875 0.3225 0.008333333333333333 0.035
2 0.3641666666666667 0.27666666666666667 0.0075 0.03166666666666667
2 0.43916666666666665 0.30833333333333335 0.008333333333333333 0.041666666666666664
4 0.9191666666666667 0.41333333333333333 0.013333333333333334 0.04583333333333333
4 0.6841666666666667 0.38 0.014166666666666666 0.050833333333333335
2 0.31083333333333335 0.2816666666666667 0.008333333333333333 0.03666666666666667
1 0.8916666666666667 0.3958333333333333 0.019166666666666665 0.07166666666666667
1 0.8858333333333334 0.37416666666666665 0.01 0.056666666666666664
0 0.7708333333333334 0.36 0.008333333333333333 0.035
0 0.8666666666666667 0.38166666666666665 0.01 0.03666666666666667
4 0.49333333333333335 0.5766666666666667 0.03666666666666667 0.15333333333333332
4 0.6858333333333333 0.3025 0.005 0.018333333333333333
0 0.7675 0.3225 0.004166666666666667 0.019166666666666665
4 0.7575 0.31583333333333335 0.005 0.018333333333333333
2 0.4741666666666667 0.2991666666666667 0.008333333333333333 0.035
4 0.5716666666666667 0.28833333333333333 0.005 0.021666666666666667
0 0.6133333333333333 0.30416666666666664 0.005833333333333334 0.024166666666666666
4 0.9191666666666667 0.3525 0.005 0.019166666666666665
0 0.6216666666666667 0.31333333333333335 0.006666666666666667 0.025833333333333333
0 0.6675 0.30583333333333335 0.004166666666666667 0.019166666666666665
0 0.7133333333333334 0.31166666666666665 0.004166666666666667 0.019166666666666665
1 0.8441666666666666 0.36583333333333334 0.010833333333333334 0.0575
4 0.5391666666666667 0.2891666666666667 0.004166666666666667 0.024166666666666666
4 0.6241666666666666 0.29333333333333333 0.0033333333333333335 0.019166666666666665
0 0.6316666666666667 0.3025 0.004166666666666667 0.020833333333333332
0 0.6691666666666667 0.3308333333333333 0.006666666666666667 0.030833333333333334
3 0.23833333333333334 0.25333333333333335 0.005833333333333334 0.025833333333333333
3 0.06333333333333334 0.22833333333333333 0.006666666666666667 0.025833333333333333
4 0.5358333333333334 0.29833333333333334 0.006666666666666667 0.0275
4 0.8241666666666667 0.3308333333333333 0.005 0.018333333333333333
3 0.19333333333333333 0.25833333333333336 0.006666666666666667 0.03166666666666667
0 0.8183333333333334 0.3333333333333333 0.005 0.018333333333333333