0 0.8291666666666667 0.24416666666666667 0.006666666666666667 0.030833333333333334
0 0.6325 0.4241666666666667 0.028333333333333332 0.1025
2 0.7116666666666667 0.245 0.0075 0.0275
0 0.8575 0.21833333333333332 0.005 0.021666666666666667
0 0.8033333333333333 0.27 0.010833333333333334 0.04
0 0.7525 0.31666666666666665 0.015 0.058333333333333334
0 0.8658333333333333 0.21 0.004166666666666667 0.018333333333333333
0 0.8725 0.20416666666666666 0.005 0.015
0 0.885 0.19416666666666665 0.0025 0.014166666666666666
2 0.7825 0.22 0.005 0.020833333333333332
0 0.8775 0.2 0.0033333333333333335 0.013333333333333334
0 0.8825 0.1975 0.0025 0.014166666666666666
0 0.8883333333333333 0.19166666666666668 0.0025 0.013333333333333334
1 0.06 0.7266666666666667 0.0225 0.23583333333333334
0 0.8908333333333334 0.18916666666666668 0.0025 0.013333333333333334
0 0.8925 0.18666666666666668 0.0016666666666666668 0.010833333333333334
0 0.8458333333333333 0.22916666666666666 0.006666666666666667 0.025833333333333333