0 0.6258333333333334 0.2808333333333333 0.005 0.021666666666666667
4 0.10833333333333334 0.3275 0.02 0.06916666666666667
4 0.645 0.29333333333333333 0.006666666666666667 0.0275
4 0.2975 0.43166666666666664 0.02666666666666667 0.10583333333333333
4 0.175 0.36333333333333334 0.02 0.0825
0 0.7108333333333333 0.2916666666666667 0.004166666666666667 0.021666666666666667
4 0.2525 0.24 0.006666666666666667 0.025833333333333333
4 0.78 0.31 0.006666666666666667 0.025
4 0.11583333333333333 0.23166666666666666 0.008333333333333333 0.029166666666666667
0 0.0675 0.2175 0.006666666666666667 0.024166666666666666
0 0.17583333333333334 0.22416666666666665 0.005 0.0225
4 0.7191666666666666 0.30416666666666664 0.005833333333333334 0.0275
0 0.6716666666666666 0.2875 0.005 0.0225
4 0.19 0.235 0.0075 0.025833333333333333
0 0.9025 0.30083333333333334 0.004166666666666667 0.014166666666666666
4 0.85 0.31166666666666665 0.005833333333333334 0.020833333333333332
4 0.34 0.25083333333333335 0.006666666666666667 0.025833333333333333
0 0.7325 0.2808333333333333 0.004166666666666667 0.015
4 0.7933333333333333 0.2875 0.004166666666666667 0.014166666666666666
0 0.3641666666666667 0.24416666666666667 0.005 0.021666666666666667
4 0.83 0.31333333333333335 0.006666666666666667 0.0225
0 0.7275 0.2758333333333333 0.0033333333333333335 0.014166666666666666
0 0.74 0.2941666666666667 0.004166666666666667 0.020833333333333332
4 0.48083333333333333 0.5933333333333334 0.04583333333333333 0.17166666666666666
4 0.9425 0.31083333333333335 0.004166666666666667 0.015
0 0.755 0.29333333333333333 0.004166666666666667 0.019166666666666665
4 0.8341666666666666 0.3 0.005833333333333334 0.019166666666666665
0 0.2758333333333333 0.23333333333333334 0.004166666666666667 0.020833333333333332
4 0.8041666666666667 0.2875 0.0033333333333333335 0.014166666666666666
1 0.5383333333333333 0.26166666666666666 0.005 0.035833333333333335
4 0.8541666666666666 0.2941666666666667 0.0025 0.013333333333333334
0 0.75 0.27666666666666667 0.0033333333333333335 0.011666666666666667
4 0.44083333333333335 0.26416666666666666 0.005833333333333334 0.025833333333333333
1 0.5233333333333333 0.2708333333333333 0.006666666666666667 0.03916666666666667
4 0.8275 0.29 0.0033333333333333335 0.013333333333333334
4 0.7991666666666667 0.29 0.004166666666666667 0.015
1 0.5425 0.2708333333333333 0.0075 0.043333333333333335
0 0.4508333333333333 0.25583333333333336 0.004166666666666667 0.021666666666666667
0 0.7891666666666667 0.2816666666666667 0.0033333333333333335 0.011666666666666667
4 0.8925 0.3016666666666667 0.0033333333333333335 0.014166666666666666
0 0.8433333333333334 0.29 0.0033333333333333335 0.013333333333333334
0 0.7583333333333333 0.2891666666666667 0.0033333333333333335 0.0175
0 0.7616666666666667 0.2916666666666667 0.004166666666666667 0.018333333333333333
4 0.5325 0.2775 0.005833333333333334 0.025833333333333333
1 0.525 0.25583333333333336 0.0033333333333333335 0.029166666666666667
0 0.5308333333333334 0.26666666666666666 0.004166666666666667 0.0225
4 0.8525 0.3075 0.0025 0.019166666666666665