0 0.3625 0.3383333333333333 0.015 0.0575
1 0.9458333333333333 0.385 0.01 0.0575
0 0.17166666666666666 0.39166666666666666 0.028333333333333332 0.09333333333333334
4 0.5466666666666666 0.3975 0.019166666666666665 0.06916666666666667
0 0.6516666666666666 0.3425 0.008333333333333333 0.03666666666666667
4 0.4875 0.4666666666666667 0.025 0.10666666666666667
0 0.5191666666666667 0.33166666666666667 0.01 0.043333333333333335
0 0.8658333333333333 0.37416666666666665 0.006666666666666667 0.0325
4 0.8675 0.4008333333333333 0.0125 0.0425
4 0.7475 0.38083333333333336 0.0125 0.04666666666666667
2 0.5758333333333333 0.30833333333333335 0.006666666666666667 0.029166666666666667
2 0.42833333333333334 0.2866666666666667 0.006666666666666667 0.03166666666666667
4 0.64 0.31 0.005833333333333334 0.025
2 0.47833333333333333 0.285 0.006666666666666667 0.0275
4 0.6808333333333333 0.33166666666666667 0.008333333333333333 0.03166666666666667
0 0.7666666666666667 0.3441666666666667 0.006666666666666667 0.029166666666666667
2 0.5358333333333334 0.31333333333333335 0.008333333333333333 0.035
4 0.6483333333333333 0.30333333333333334 0.005 0.021666666666666667
4 0.8091666666666667 0.32416666666666666 0.004166666666666667 0.0175
4 0.6858333333333333 0.305 0.004166666666666667 0.018333333333333333
0 0.8358333333333333 0.3333333333333333 0.004166666666666667 0.018333333333333333
0 0.7441666666666666 0.32 0.005 0.020833333333333332
0 0.8975 0.3458333333333333 0.004166666666666667 0.018333333333333333
4 0.6383333333333333 0.3775 0.013333333333333334 0.05333333333333334
0 0.7841666666666667 0.325 0.004166666666666667 0.0175
4 0.8891666666666667 0.34 0.005 0.0175
4 0.5333333333333333 0.7158333333333333 0.0575 0.21666666666666667
0 0.7225 0.32083333333333336 0.004166666666666667 0.021666666666666667
4 0.7416666666666667 0.31166666666666665 0.0033333333333333335 0.0175
0 0.7258333333333333 0.3275 0.005833333333333334 0.025833333333333333