0 0.4841666666666667 0.3308333333333333 0.0175 0.06416666666666666
0 0.1525 0.3275 0.011666666666666667 0.04416666666666667
4 0.6366666666666667 0.2916666666666667 0.015 0.0525
4 0.7925 0.3283333333333333 0.018333333333333333 0.07583333333333334
0 0.3875 0.31333333333333335 0.013333333333333334 0.050833333333333335
0 0.585 0.5283333333333333 0.03833333333333333 0.15833333333333333
4 0.49 0.2791666666666667 0.010833333333333334 0.03916666666666667
0 0.2816666666666667 0.31333333333333335 0.011666666666666667 0.04416666666666667
2 0.9333333333333333 0.20333333333333334 0.008333333333333333 0.028333333333333332
2 0.8416666666666667 0.2475 0.01 0.0425
2 0.8133333333333334 0.29333333333333333 0.015 0.06
4 0.19666666666666666 0.3016666666666667 0.008333333333333333 0.03333333333333333
2 0.8641666666666666 0.2075 0.006666666666666667 0.025833333333333333
0 0.5608333333333333 0.38 0.023333333333333334 0.08833333333333333
2 0.8975 0.20583333333333334 0.0075 0.028333333333333332
1 0.39166666666666666 0.7208333333333333 0.04666666666666667 0.24916666666666668
2 0.855 0.2225 0.0075 0.03166666666666667
4 0.3525 0.2841666666666667 0.009166666666666667 0.035833333333333335