4 0.86 0.7883333333333333 0.0275 0.11833333333333333
4 0.24916666666666668 0.44583333333333336 0.03333333333333333 0.11333333333333333
4 0.08666666666666667 0.23 0.006666666666666667 0.025
4 0.19 0.24 0.005833333333333334 0.025833333333333333
4 0.2733333333333333 0.2525 0.005833333333333334 0.025
4 0.36 0.26666666666666666 0.006666666666666667 0.025833333333333333
4 0.43 0.28 0.006666666666666667 0.0275
4 0.49583333333333335 0.2925 0.006666666666666667 0.030833333333333334
4 0.5733333333333334 0.30666666666666664 0.0075 0.0325
4 0.6675 0.3225 0.008333333333333333 0.035
4 0.7741666666666667 0.3441666666666667 0.01 0.03833333333333333
4 0.8833333333333333 0.3641666666666667 0.01 0.041666666666666664
0 0.13 0.23166666666666666 0.005 0.021666666666666667
0 0.21666666666666667 0.24 0.005 0.020833333333333332
0 0.2925 0.24583333333333332 0.005 0.019166666666666665
0 0.37916666666666665 0.25833333333333336 0.005 0.0225
0 0.46166666666666667 0.27416666666666667 0.005 0.024166666666666666
0 0.55 0.29083333333333333 0.005833333333333334 0.025
0 0.6333333333333333 0.30833333333333335 0.006666666666666667 0.025833333333333333
0 0.7116666666666667 0.32083333333333336 0.006666666666666667 0.029166666666666667
0 0.7883333333333333 0.33416666666666667 0.0075 0.03166666666666667
0 0.8808333333333334 0.3491666666666667 0.005833333333333334 0.03166666666666667
1 0.8633333333333333 0.3358333333333333 0.0075 0.05416666666666667
1 0.8558333333333333 0.3475 0.0125 0.06416666666666666
1 0.9091666666666667 0.3425 0.008333333333333333 0.05416666666666667
1 0.915 0.3591666666666667 0.013333333333333334 0.06666666666666667