0 0.49083333333333334 0.6975 0.0525 0.21666666666666667
0 0.16666666666666666 0.25416666666666665 0.008333333333333333 0.03333333333333333
0 0.2633333333333333 0.25416666666666665 0.006666666666666667 0.029166666666666667
0 0.36583333333333334 0.26 0.006666666666666667 0.025
0 0.47333333333333333 0.2725 0.005 0.024166666666666666
0 0.5816666666666667 0.29 0.004166666666666667 0.0225
0 0.6875 0.31 0.005833333333333334 0.025
0 0.795 0.33666666666666667 0.0075 0.028333333333333332
0 0.9141666666666667 0.37416666666666665 0.009166666666666667 0.0325
4 0.5116666666666667 0.44583333333333336 0.024166666666666666 0.09583333333333334
4 0.2925 0.37666666666666665 0.021666666666666667 0.07916666666666666
4 0.21 0.32083333333333336 0.0125 0.06
4 0.21583333333333332 0.2866666666666667 0.005833333333333334 0.043333333333333335
4 0.26416666666666666 0.2758333333333333 0.008333333333333333 0.03833333333333333
4 0.3308333333333333 0.27166666666666667 0.0075 0.0325
4 0.4075 0.2758333333333333 0.006666666666666667 0.029166666666666667
4 0.49166666666666664 0.285 0.006666666666666667 0.028333333333333332
4 0.5775 0.29833333333333334 0.006666666666666667 0.0275
4 0.6616666666666666 0.31583333333333335 0.006666666666666667 0.029166666666666667
4 0.7425 0.33666666666666667 0.006666666666666667 0.03166666666666667
4 0.8233333333333334 0.3625 0.008333333333333333 0.035833333333333335
4 0.8966666666666666 0.39416666666666667 0.010833333333333334 0.04416666666666667
4 0.9441666666666667 0.43083333333333335 0.013333333333333334 0.05583333333333333
4 0.9308333333333333 0.4683333333333333 0.019166666666666665 0.07416666666666667
4 0.7858333333333334 0.48333333333333334 0.023333333333333334 0.08916666666666667
2 0.15916666666666668 0.24416666666666667 0.0075 0.03166666666666667
2 0.1475 0.2275 0.005833333333333334 0.025
2 0.13916666666666666 0.21666666666666667 0.004166666666666667 0.0225
2 0.1325 0.20916666666666667 0.004166666666666667 0.018333333333333333
2 0.11166666666666666 0.20666666666666667 0.004166666666666667 0.018333333333333333
2 0.08583333333333333 0.20333333333333334 0.004166666666666667 0.019166666666666665
2 0.06 0.20083333333333334 0.004166666666666667 0.019166666666666665
2 0.05416666666666667 0.20833333333333334 0.005 0.021666666666666667
1 0.2225 0.31166666666666665 0.023333333333333334 0.1025
1 0.20583333333333334 0.29583333333333334 0.0125 0.0925