0 0.8958333333333334 0.35083333333333333 0.006666666666666667 0.0275
4 0.5033333333333333 0.41333333333333333 0.016666666666666666 0.0775
0 0.8025 0.3416666666666667 0.006666666666666667 0.028333333333333332
0 0.5133333333333333 0.3283333333333333 0.0075 0.03666666666666667
0 0.7033333333333334 0.335 0.006666666666666667 0.030833333333333334
4 0.6383333333333333 0.37416666666666665 0.0125 0.05
0 0.6025 0.32666666666666666 0.0075 0.03166666666666667
0 0.105 0.4141666666666667 0.024166666666666666 0.09583333333333334
0 0.41083333333333333 0.3333333333333333 0.01 0.04416666666666667
4 0.9291666666666667 0.37916666666666665 0.01 0.03666666666666667
4 0.7975 0.3725 0.01 0.041666666666666664
0 0.2966666666666667 0.3458333333333333 0.0125 0.05583333333333333
4 0.9466666666666667 0.28 0.0016666666666666668 0.01
0 0.9033333333333333 0.2808333333333333 0.0016666666666666668 0.011666666666666667
4 0.5316666666666666 0.66 0.04 0.185
4 0.06416666666666666 0.22833333333333333 0.0025 0.013333333333333334
0 0.05583333333333333 0.21333333333333335 0.0016666666666666668 0.008333333333333333
4 0.9141666666666667 0.27666666666666667 0.0016666666666666668 0.01
0 0.85 0.26916666666666667 0.0016666666666666668 0.0075
0 0.8416666666666667 0.2683333333333333 0.0025 0.008333333333333333
0 0.865 0.2708333333333333 0.0016666666666666668 0.008333333333333333
0 0.8708333333333333 0.2725 0.0025 0.010833333333333334
4 0.8933333333333333 0.275 0.0016666666666666668 0.008333333333333333
0 0.95 0.2891666666666667 0.0016666666666666668 0.013333333333333334
4 0.06 0.2075 0.0016666666666666668 0.008333333333333333
0 0.075 0.21166666666666667 0.0025 0.008333333333333333
4 0.36 0.235 0.0016666666666666668 0.01
4 0.3383333333333333 0.22583333333333333 0.0016666666666666668 0.008333333333333333
4 0.3983333333333333 0.23166666666666666 0.0016666666666666668 0.008333333333333333
0 0.8475 0.26916666666666667 0.0016666666666666668 0.008333333333333333
4 0.36333333333333334 0.225 0.0016666666666666668 0.008333333333333333
4 0.09333333333333334 0.23583333333333334 0.0025 0.013333333333333334
0 0.89 0.2708333333333333 0.0016666666666666668 0.0075
4 0.08416666666666667 0.20083333333333334 0.0016666666666666668 0.008333333333333333
0 0.09333333333333334 0.225 0.0025 0.010833333333333334
0 0.42916666666666664 0.2625 0.004166666666666667 0.020833333333333332
4 0.435 0.2625 0.004166666666666667 0.020833333333333332
4 0.9483333333333334 0.2783333333333333 0.0016666666666666668 0.010833333333333334
0 0.9225 0.27 0.0016666666666666668 0.01
4 0.895 0.27416666666666667 0.0016666666666666668 0.0075
0 0.3358333333333333 0.2225 0.0008333333333333334 0.0075
2 0.3675 0.21666666666666667 0.0008333333333333334 0.0075
4 0.37416666666666665 0.21833333333333332 0.0008333333333333334 0.0075
0 0.38416666666666666 0.21833333333333332 0.0016666666666666668 0.006666666666666667
0 0.4025 0.21833333333333332 0.0016666666666666668 0.008333333333333333
4 0.35333333333333333 0.22083333333333333 0.0008333333333333334 0.005833333333333334
0 0.3325 0.22416666666666665 0.0008333333333333334 0.006666666666666667
4 0.36666666666666664 0.22166666666666668 0.0008333333333333334 0.006666666666666667
4 0.4075 0.22166666666666668 0.0008333333333333334 0.006666666666666667
0 0.32416666666666666 0.22083333333333333 0.0008333333333333334 0.005833333333333334
4 0.38083333333333336 0.2225 0.0008333333333333334 0.006666666666666667
4 0.37833333333333335 0.21833333333333332 0.0016666666666666668 0.0075
4 0.33666666666666667 0.21333333333333335 0.0008333333333333334 0.006666666666666667
4 0.355 0.215 0.0008333333333333334 0.005833333333333334
0 0.41 0.22083333333333333 0.0008333333333333334 0.006666666666666667
0 0.41583333333333333 0.21916666666666668 0.0008333333333333334 0.005833333333333334