0 0.18833333333333332 0.6241666666666666 0.0475 0.10333333333333333
0 0.29833333333333334 0.5366666666666666 0.028333333333333332 0.06333333333333334
0 0.35083333333333333 0.48833333333333334 0.02 0.043333333333333335
0 0.37833333333333335 0.4633333333333333 0.014166666666666666 0.0325
0 0.39666666666666667 0.4508333333333333 0.010833333333333334 0.02666666666666667
0 0.4091666666666667 0.44083333333333335 0.009166666666666667 0.023333333333333334
0 0.4166666666666667 0.435 0.006666666666666667 0.019166666666666665
0 0.4225 0.4275 0.005833333333333334 0.016666666666666666
0 0.42583333333333334 0.42333333333333334 0.004166666666666667 0.015
0 0.43 0.4191666666666667 0.0033333333333333335 0.013333333333333334
4 0.7616666666666667 0.61 0.04833333333333333 0.10333333333333333
4 0.6583333333333333 0.5283333333333333 0.03 0.06583333333333333
4 0.6 0.4825 0.02 0.045
4 0.5666666666666667 0.4583333333333333 0.014166666666666666 0.03333333333333333
4 0.55 0.445 0.011666666666666667 0.028333333333333332
4 0.5375 0.4375 0.009166666666666667 0.025
4 0.5275 0.43166666666666664 0.0075 0.021666666666666667
4 0.52 0.4266666666666667 0.005 0.018333333333333333
4 0.5141666666666667 0.42333333333333334 0.005833333333333334 0.018333333333333333
4 0.5083333333333333 0.4191666666666667 0.005 0.015
4 0.5058333333333334 0.4175 0.0033333333333333335 0.014166666666666666
1 0.46166666666666667 0.3983333333333333 0.0025 0.01
1 0.47 0.3983333333333333 0.0025 0.009166666666666667
1 0.47833333333333333 0.39916666666666667 0.0025 0.009166666666666667