0 0.17083333333333334 0.425 0.010833333333333334 0.041666666666666664
0 0.3425 0.4225 0.01 0.03916666666666667
0 0.5041666666666667 0.4241666666666667 0.010833333333333334 0.035833333333333335
4 0.8266666666666667 0.475 0.016666666666666666 0.060833333333333336
0 0.6783333333333333 0.42916666666666664 0.010833333333333334 0.03833333333333333
0 0.875 0.44 0.0125 0.043333333333333335
4 0.4725 0.4533333333333333 0.015833333333333335 0.05
4 0.315 0.5308333333333334 0.02666666666666667 0.09166666666666666
2 0.35 0.375 0.005833333333333334 0.019166666666666665
2 0.48333333333333334 0.3775 0.005 0.019166666666666665
2 0.29333333333333333 0.37416666666666665 0.004166666666666667 0.016666666666666666
4 0.65 0.45916666666666667 0.014166666666666666 0.05333333333333334
2 0.3933333333333333 0.375 0.004166666666666667 0.019166666666666665
2 0.6516666666666666 0.38083333333333336 0.005 0.020833333333333332
2 0.42916666666666664 0.37583333333333335 0.005833333333333334 0.019166666666666665
2 0.7266666666666667 0.38083333333333336 0.006666666666666667 0.019166666666666665
2 0.5725 0.38 0.005 0.018333333333333333
4 0.30083333333333334 0.45 0.013333333333333334 0.0525
4 0.11583333333333333 0.4533333333333333 0.015 0.05416666666666667
4 0.05583333333333333 0.5225 0.014166666666666666 0.08833333333333333
4 0.5533333333333333 0.5883333333333334 0.0325 0.115