0 0.31416666666666665 0.27416666666666667 0.005833333333333334 0.024166666666666666
4 0.30666666666666664 0.3566666666666667 0.015 0.060833333333333336
0 0.9075 0.38 0.0075 0.0275
0 0.9466666666666667 0.3725 0.005833333333333334 0.020833333333333332
4 0.36 0.41833333333333333 0.023333333333333334 0.08583333333333333
0 0.2475 0.2733333333333333 0.006666666666666667 0.0275
4 0.36083333333333334 0.2916666666666667 0.0075 0.0275
4 0.8166666666666667 0.38 0.009166666666666667 0.03333333333333333
4 0.4041666666666667 0.29083333333333333 0.005833333333333334 0.025
4 0.295 0.31333333333333335 0.010833333333333334 0.043333333333333335
0 0.37333333333333335 0.2783333333333333 0.004166666666666667 0.021666666666666667
4 0.94 0.3275 0.0025 0.010833333333333334
4 0.5066666666666667 0.6041666666666666 0.04416666666666667 0.16
0 0.11583333333333333 0.3 0.010833333333333334 0.041666666666666664
4 0.6708333333333333 0.29583333333333334 0.0033333333333333335 0.014166666666666666
4 0.33416666666666667 0.2975 0.008333333333333333 0.03333333333333333
4 0.7508333333333334 0.2941666666666667 0.0025 0.010833333333333334
4 0.7758333333333334 0.2941666666666667 0.0025 0.010833333333333334
4 0.45 0.2925 0.005 0.021666666666666667
4 0.8941666666666667 0.3541666666666667 0.005 0.019166666666666665
4 0.7941666666666667 0.35833333333333334 0.006666666666666667 0.025833333333333333
0 0.1825 0.2825 0.008333333333333333 0.0325
4 0.8133333333333334 0.29833333333333334 0.0025 0.01
4 0.7308333333333333 0.2941666666666667 0.0033333333333333335 0.010833333333333334
4 0.5758333333333333 0.29583333333333334 0.004166666666666667 0.016666666666666666
0 0.9158333333333334 0.31583333333333335 0.0025 0.01
4 0.83 0.3475 0.005 0.019166666666666665
0 0.465 0.28583333333333333 0.004166666666666667 0.0175
0 0.5258333333333334 0.2875 0.0033333333333333335 0.016666666666666666
4 0.48583333333333334 0.29333333333333333 0.004166666666666667 0.020833333333333332
0 0.795 0.2916666666666667 0.0025 0.01
4 0.8608333333333333 0.30666666666666664 0.0025 0.01
4 0.6908333333333333 0.2941666666666667 0.0033333333333333335 0.015
0 0.8375 0.2991666666666667 0.0025 0.01
0 0.5825 0.2875 0.0033333333333333335 0.014166666666666666
0 0.49916666666666665 0.2866666666666667 0.004166666666666667 0.016666666666666666
1 0.5558333333333333 0.2833333333333333 0.004166666666666667 0.025
1 0.545 0.2825 0.004166666666666667 0.025833333333333333
0 0.9483333333333334 0.3225 0.0033333333333333335 0.010833333333333334
4 0.7116666666666667 0.2941666666666667 0.0033333333333333335 0.011666666666666667
0 0.9108333333333334 0.3725 0.004166666666666667 0.0225
0 0.7191666666666666 0.2875 0.0025 0.01
0 0.42583333333333334 0.2816666666666667 0.004166666666666667 0.019166666666666665
4 0.6516666666666666 0.29833333333333334 0.004166666666666667 0.014166666666666666
4 0.9041666666666667 0.31666666666666665 0.0033333333333333335 0.011666666666666667
0 0.7666666666666667 0.28833333333333333 0.0025 0.01
0 0.6508333333333334 0.2866666666666667 0.0025 0.011666666666666667
0 0.885 0.30916666666666665 0.0025 0.01
4 0.5191666666666667 0.2941666666666667 0.005 0.019166666666666665
1 0.6033333333333334 0.29333333333333333 0.005 0.025
0 0.7541666666666667 0.2866666666666667 0.0025 0.008333333333333333
0 0.6333333333333333 0.2866666666666667 0.0025 0.013333333333333334
0 0.6991666666666667 0.2875 0.0025 0.01
1 0.5933333333333334 0.2916666666666667 0.004166666666666667 0.025833333333333333
0 0.6083333333333333 0.2875 0.0033333333333333335 0.014166666666666666
0 0.6758333333333333 0.2866666666666667 0.0025 0.011666666666666667
4 0.7975 0.3491666666666667 0.004166666666666667 0.021666666666666667
0 0.7366666666666667 0.2866666666666667 0.0025 0.01
4 0.55 0.2941666666666667 0.0033333333333333335 0.0175
4 0.5966666666666667 0.2966666666666667 0.0033333333333333335 0.0175
0 0.5508333333333333 0.28833333333333333 0.0025 0.016666666666666666