0 0.07083333333333333 0.21166666666666667 0.005 0.019166666666666665
0 0.12166666666666667 0.21666666666666667 0.004166666666666667 0.018333333333333333
4 0.2816666666666667 0.33916666666666667 0.014166666666666666 0.060833333333333336
4 0.33 0.3958333333333333 0.020833333333333332 0.08166666666666667
4 0.10416666666666667 0.27416666666666667 0.011666666666666667 0.043333333333333335
4 0.20666666666666667 0.30416666666666664 0.0125 0.050833333333333335
0 0.2275 0.22083333333333333 0.0025 0.014166666666666666
0 0.16166666666666665 0.21916666666666668 0.0033333333333333335 0.016666666666666666
4 0.37333333333333335 0.23416666666666666 0.0025 0.011666666666666667
4 0.7283333333333334 0.29083333333333333 0.0033333333333333335 0.014166666666666666
4 0.30333333333333334 0.22583333333333333 0.0025 0.011666666666666667
0 0.7441666666666666 0.29083333333333333 0.0025 0.011666666666666667
4 0.8216666666666667 0.3075 0.0033333333333333335 0.013333333333333334
1 0.49083333333333334 0.5475 0.04666666666666667 0.25666666666666665
4 0.88 0.3175 0.0033333333333333335 0.013333333333333334
0 0.9091666666666667 0.31916666666666665 0.0033333333333333335 0.011666666666666667
0 0.24166666666666667 0.21833333333333332 0.0025 0.011666666666666667
4 0.25583333333333336 0.23083333333333333 0.004166666666666667 0.018333333333333333
0 0.3308333333333333 0.22666666666666666 0.0025 0.011666666666666667
0 0.2683333333333333 0.21916666666666668 0.0025 0.01
0 0.6825 0.275 0.0025 0.008333333333333333
4 0.1575 0.22583333333333333 0.005 0.020833333333333332
4 0.655 0.2758333333333333 0.0025 0.010833333333333334
0 0.7983333333333333 0.30083333333333334 0.0033333333333333335 0.013333333333333334
0 0.7041666666666667 0.2825 0.0025 0.010833333333333334
1 0.565 0.6175 0.0725 0.30833333333333335
4 0.2808333333333333 0.23166666666666666 0.004166666666666667 0.016666666666666666
0 0.6958333333333333 0.2808333333333333 0.0025 0.011666666666666667
0 0.7233333333333334 0.2875 0.0025 0.011666666666666667
4 0.085 0.22 0.006666666666666667 0.0225
4 0.4666666666666667 0.24166666666666667 0.0025 0.01
4 0.49416666666666664 0.24416666666666667 0.0025 0.01
4 0.43833333333333335 0.24083333333333334 0.0025 0.011666666666666667
0 0.2125 0.22083333333333333 0.0025 0.014166666666666666
0 0.3825 0.23166666666666666 0.0025 0.01
4 0.4025 0.23666666666666666 0.0025 0.011666666666666667
4 0.6258333333333334 0.2658333333333333 0.0025 0.01
4 0.6425 0.2708333333333333 0.0025 0.010833333333333334
4 0.6375 0.2683333333333333 0.0025 0.010833333333333334
4 0.4575 0.24166666666666667 0.0033333333333333335 0.011666666666666667
0 0.23416666666666666 0.21916666666666668 0.0025 0.011666666666666667
0 0.185 0.22 0.0033333333333333335 0.016666666666666666
4 0.6458333333333334 0.2725 0.0025 0.011666666666666667
4 0.4766666666666667 0.2425 0.0025 0.010833333333333334
4 0.5625 0.25416666666666665 0.0025 0.01
4 0.9208333333333333 0.32416666666666666 0.0025 0.014166666666666666
0 0.6633333333333333 0.2708333333333333 0.0016666666666666668 0.008333333333333333
0 0.8508333333333333 0.30916666666666665 0.0025 0.011666666666666667
0 0.425 0.23666666666666666 0.0016666666666666668 0.01
0 0.5325 0.2475 0.0025 0.008333333333333333
4 0.69 0.2833333333333333 0.0033333333333333335 0.010833333333333334
4 0.6125 0.2633333333333333 0.0025 0.010833333333333334
0 0.36333333333333334 0.23083333333333333 0.0025 0.010833333333333334
4 0.3225 0.2275 0.0025 0.013333333333333334
4 0.21416666666666667 0.22916666666666666 0.004166666666666667 0.018333333333333333
4 0.2941666666666667 0.22666666666666666 0.0025 0.014166666666666666
0 0.4175 0.23583333333333334 0.0025 0.010833333333333334
0 0.6041666666666666 0.26 0.0025 0.0075
4 0.5866666666666667 0.2575 0.0025 0.008333333333333333
4 0.5391666666666667 0.25083333333333335 0.0025 0.01
4 0.5158333333333334 0.24666666666666667 0.0016666666666666668 0.008333333333333333
0 0.2991666666666667 0.22166666666666668 0.0025 0.010833333333333334
0 0.5683333333333334 0.25333333333333335 0.0025 0.008333333333333333
4 0.2925 0.23083333333333333 0.0033333333333333335 0.015
0 0.6916666666666667 0.2791666666666667 0.0016666666666666668 0.01
4 0.5225 0.6241666666666666 0.0475 0.1725
0 0.49833333333333335 0.24333333333333335 0.0016666666666666668 0.0075
0 0.7708333333333334 0.29583333333333334 0.0025 0.010833333333333334
4 0.7733333333333333 0.2991666666666667 0.004166666666666667 0.014166666666666666
0 0.6366666666666667 0.265 0.0008333333333333334 0.008333333333333333
4 0.29833333333333334 0.22833333333333333 0.0033333333333333335 0.015
0 0.4683333333333333 0.24 0.0016666666666666668 0.0075
0 0.23583333333333334 0.22 0.0025 0.011666666666666667
0 0.44 0.23666666666666666 0.0016666666666666668 0.0075