4 0.875 0.66 0.03833333333333333 0.15083333333333335
0 0.5116666666666667 0.44416666666666665 0.013333333333333334 0.05583333333333333
0 0.49833333333333335 0.51 0.021666666666666667 0.08583333333333333
0 0.505 0.41083333333333333 0.008333333333333333 0.03916666666666667
0 0.23666666666666666 0.725 0.058333333333333334 0.1975
4 0.855 0.3958333333333333 0.009166666666666667 0.03166666666666667
0 0.5866666666666667 0.37416666666666665 0.006666666666666667 0.021666666666666667
0 0.6941666666666667 0.375 0.005833333333333334 0.021666666666666667
4 0.73 0.38333333333333336 0.005 0.024166666666666666
4 0.7066666666666667 0.44166666666666665 0.015833333333333335 0.0525
0 0.49083333333333334 0.38166666666666665 0.006666666666666667 0.025833333333333333
0 0.6375 0.37166666666666665 0.005833333333333334 0.021666666666666667
4 0.6608333333333334 0.4141666666666667 0.01 0.041666666666666664
4 0.7825 0.5041666666666667 0.020833333333333332 0.07833333333333334
0 0.535 0.37583333333333335 0.005833333333333334 0.024166666666666666
0 0.8666666666666667 0.38333333333333336 0.005833333333333334 0.0225
0 0.9341666666666667 0.39416666666666667 0.0075 0.028333333333333332
4 0.9066666666666666 0.41583333333333333 0.01 0.035833333333333335
4 0.6083333333333333 0.38416666666666666 0.0075 0.0275
0 0.49416666666666664 0.39666666666666667 0.0075 0.0325
4 0.6633333333333333 0.38083333333333336 0.005 0.0225
2 0.7183333333333334 0.3566666666666667 0.0025 0.010833333333333334
2 0.5383333333333333 0.3516666666666667 0.0033333333333333335 0.011666666666666667
2 0.5191666666666667 0.3516666666666667 0.0025 0.011666666666666667
4 0.7958333333333333 0.39 0.005833333333333334 0.025
4 0.6208333333333333 0.3975 0.009166666666666667 0.0325
2 0.765 0.35833333333333334 0.0033333333333333335 0.011666666666666667
2 0.5616666666666666 0.35083333333333333 0.0033333333333333335 0.014166666666666666
2 0.7416666666666667 0.3575 0.004166666666666667 0.013333333333333334
0 0.7625 0.3775 0.005 0.024166666666666666
2 0.7883333333333333 0.35833333333333334 0.0033333333333333335 0.015
2 0.49666666666666665 0.35083333333333333 0.0033333333333333335 0.014166666666666666