4 0.42333333333333334 0.2891666666666667 0.005 0.025833333333333333
4 0.3333333333333333 0.4 0.023333333333333334 0.0825
4 0.27166666666666667 0.3258333333333333 0.0125 0.05416666666666667
0 0.3075 0.2708333333333333 0.005 0.025833333333333333
0 0.05416666666666667 0.2916666666666667 0.01 0.050833333333333335
0 0.3858333333333333 0.27166666666666667 0.004166666666666667 0.021666666666666667
4 0.33166666666666667 0.2875 0.006666666666666667 0.03166666666666667
4 0.2775 0.2966666666666667 0.006666666666666667 0.03916666666666667
4 0.23916666666666667 0.2025 0.0025 0.010833333333333334
4 0.4975 0.28833333333333333 0.004166666666666667 0.021666666666666667
0 0.43166666666666664 0.26916666666666667 0.004166666666666667 0.019166666666666665
0 0.4483333333333333 0.26166666666666666 0.0025 0.016666666666666666
0 0.21583333333333332 0.2683333333333333 0.006666666666666667 0.030833333333333334
4 0.6208333333333333 0.7 0.056666666666666664 0.2025
0 0.9308333333333333 0.3541666666666667 0.004166666666666667 0.019166666666666665
1 0.82 0.32 0.0033333333333333335 0.0275
0 0.25166666666666665 0.21 0.0025 0.013333333333333334
0 0.17416666666666666 0.19083333333333333 0.0016666666666666668 0.011666666666666667
4 0.9341666666666667 0.365 0.004166666666666667 0.0225
0 0.14083333333333334 0.2733333333333333 0.0075 0.035833333333333335
0 0.4091666666666667 0.23833333333333334 0.0025 0.013333333333333334
4 0.14333333333333334 0.18166666666666667 0.0016666666666666668 0.011666666666666667
4 0.675 0.285 0.0025 0.010833333333333334
4 0.48833333333333334 0.25416666666666665 0.0025 0.013333333333333334
4 0.2075 0.19416666666666665 0.0025 0.010833333333333334
4 0.2841666666666667 0.21166666666666667 0.0025 0.010833333333333334
4 0.185 0.185 0.0016666666666666668 0.01
0 0.21416666666666667 0.20166666666666666 0.0016666666666666668 0.011666666666666667
1 0.835 0.3233333333333333 0.004166666666666667 0.0275
4 0.21833333333333332 0.19 0.0025 0.010833333333333334
1 0.7641666666666667 0.30916666666666665 0.005 0.0275
0 0.0725 0.17333333333333334 0.0025 0.011666666666666667
0 0.12083333333333333 0.18166666666666667 0.0025 0.011666666666666667
0 0.875 0.3408333333333333 0.0033333333333333335 0.016666666666666666
4 0.5308333333333334 0.28 0.0025 0.018333333333333333
4 0.33416666666666667 0.22083333333333333 0.0025 0.010833333333333334
0 0.7958333333333333 0.31833333333333336 0.0025 0.014166666666666666
4 0.52 0.2683333333333333 0.0025 0.016666666666666666
4 0.8725 0.35083333333333333 0.004166666666666667 0.020833333333333332
0 0.30083333333333334 0.21916666666666668 0.0025 0.013333333333333334
4 0.6358333333333334 0.27166666666666667 0.0016666666666666668 0.010833333333333334
4 0.7183333333333334 0.2991666666666667 0.0025 0.013333333333333334
0 0.4375 0.25 0.0025 0.015
0 0.75 0.30416666666666664 0.0025 0.013333333333333334
0 0.825 0.32666666666666666 0.0033333333333333335 0.016666666666666666
4 0.2991666666666667 0.20416666666666666 0.0016666666666666668 0.01
0 0.355 0.2275 0.0025 0.014166666666666666
4 0.6566666666666666 0.2791666666666667 0.0016666666666666668 0.01
0 0.6908333333333333 0.2825 0.0016666666666666668 0.010833333333333334
4 0.455 0.24333333333333335 0.0016666666666666668 0.011666666666666667
4 0.4025 0.23416666666666666 0.0016666666666666668 0.01
0 0.31166666666666665 0.20333333333333334 0.0016666666666666668 0.008333333333333333
0 0.7225 0.29333333333333333 0.0025 0.010833333333333334
4 0.695 0.2916666666666667 0.0025 0.013333333333333334
4 0.7725 0.3175 0.0025 0.015
4 0.7458333333333333 0.30833333333333335 0.0025 0.016666666666666666
1 0.7783333333333333 0.31416666666666665 0.004166666666666667 0.028333333333333332
4 0.8175 0.33416666666666667 0.0033333333333333335 0.018333333333333333
0 0.14666666666666667 0.17666666666666667 0.0025 0.01
4 0.5716666666666667 0.25333333333333335 0.0016666666666666668 0.010833333333333334
0 0.5916666666666667 0.25666666666666665 0.0016666666666666668 0.01
0 0.6233333333333333 0.2633333333333333 0.0016666666666666668 0.010833333333333334
4 0.6033333333333334 0.26166666666666666 0.0025 0.010833333333333334
0 0.66 0.2725 0.0025 0.01
0 0.7733333333333333 0.31166666666666665 0.0025 0.014166666666666666
4 0.2608333333333333 0.1975 0.0016666666666666668 0.01
4 0.095 0.17166666666666666 0.0016666666666666668 0.008333333333333333
0 0.22833333333333333 0.19 0.0016666666666666668 0.0075
4 0.39416666666666667 0.21916666666666668 0.0016666666666666668 0.0075
4 0.36 0.2125 0.0016666666666666668 0.0075
4 0.5341666666666667 0.245 0.0016666666666666668 0.01
4 0.14916666666666667 0.18083333333333335 0.0016666666666666668 0.008333333333333333
4 0.32916666666666666 0.2075 0.0016666666666666668 0.008333333333333333
0 0.19 0.1825 0.0016666666666666668 0.008333333333333333
4 0.425 0.22416666666666665 0.0016666666666666668 0.0075
0 0.2733333333333333 0.19666666666666666 0.0016666666666666668 0.008333333333333333
0 0.4325 0.225 0.0016666666666666668 0.006666666666666667
4 0.46 0.23 0.0016666666666666668 0.01
0 0.4708333333333333 0.2325 0.0016666666666666668 0.008333333333333333
0 0.3516666666666667 0.20916666666666667 0.0016666666666666668 0.0075
4 0.49083333333333334 0.23666666666666666 0.0008333333333333334 0.0075
0 0.5116666666666667 0.24083333333333334 0.0016666666666666668 0.0075