0 0.48833333333333334 0.38666666666666666 0.01 0.03916666666666667
4 0.89 0.6308333333333334 0.04083333333333333 0.15583333333333332
0 0.755 0.4241666666666667 0.013333333333333334 0.05333333333333334
0 0.5841666666666666 0.45 0.0175 0.06916666666666667
4 0.9383333333333334 0.49083333333333334 0.025833333333333333 0.08833333333333333
0 0.6866666666666666 0.3516666666666667 0.005833333333333334 0.0225
4 0.2608333333333333 0.39916666666666667 0.0125 0.04666666666666667
0 0.37916666666666665 0.41833333333333333 0.0125 0.05333333333333334
0 0.8108333333333333 0.395 0.010833333333333334 0.0425
4 0.4666666666666667 0.3625 0.0075 0.029166666666666667
4 0.3858333333333333 0.37666666666666665 0.009166666666666667 0.03833333333333333
4 0.9375 0.3858333333333333 0.01 0.03666666666666667
0 0.7525 0.375 0.008333333333333333 0.0325
0 0.7166666666666667 0.3466666666666667 0.005 0.021666666666666667
4 0.5141666666666667 0.3541666666666667 0.006666666666666667 0.025
4 0.83 0.365 0.0075 0.030833333333333334
4 0.5741666666666667 0.3416666666666667 0.005 0.020833333333333332
0 0.6708333333333333 0.33416666666666667 0.0033333333333333335 0.014166666666666666
4 0.5508333333333333 0.3458333333333333 0.004166666666666667 0.020833333333333332
0 0.6958333333333333 0.36 0.005833333333333334 0.0275
4 0.6091666666666666 0.3358333333333333 0.004166666666666667 0.015
0 0.68 0.33166666666666667 0.0033333333333333335 0.014166666666666666
0 0.5908333333333333 0.3566666666666667 0.006666666666666667 0.025833333333333333
0 0.7916666666666666 0.34 0.004166666666666667 0.0175
4 0.7975 0.3541666666666667 0.005833333333333334 0.024166666666666666
0 0.555 0.36666666666666664 0.006666666666666667 0.029166666666666667
4 0.5941666666666666 0.33916666666666667 0.004166666666666667 0.0175
4 0.6225 0.3333333333333333 0.004166666666666667 0.015
0 0.6491666666666667 0.33916666666666667 0.0033333333333333335 0.0175
4 0.8175 0.3491666666666667 0.005833333333333334 0.0225
0 0.7691666666666667 0.3433333333333333 0.004166666666666667 0.019166666666666665
4 0.6516666666666666 0.32916666666666666 0.0033333333333333335 0.013333333333333334
0 0.6166666666666667 0.34833333333333333 0.005 0.0225
0 0.6341666666666667 0.3441666666666667 0.004166666666666667 0.019166666666666665
0 0.17583333333333334 0.48083333333333333 0.02666666666666667 0.085
0 0.38916666666666666 0.5258333333333334 0.030833333333333334 0.10583333333333333
4 0.6358333333333334 0.3308333333333333 0.0025 0.013333333333333334
0 0.6616666666666666 0.33666666666666667 0.0033333333333333335 0.016666666666666666
0 0.7808333333333334 0.335 0.0033333333333333335 0.0175
4 0.6775 0.3275 0.0025 0.011666666666666667
4 0.8483333333333334 0.3458333333333333 0.004166666666666667 0.020833333333333332
4 0.85 0.3425 0.0025 0.0175
4 0.8266666666666667 0.335 0.0033333333333333335 0.015