4 0.645 0.6941666666666667 0.05333333333333334 0.18833333333333332
4 0.41333333333333333 0.4216666666666667 0.019166666666666665 0.08083333333333333
4 0.3675 0.3383333333333333 0.011666666666666667 0.05
4 0.3566666666666667 0.30583333333333335 0.008333333333333333 0.03666666666666667
4 0.375 0.29333333333333333 0.006666666666666667 0.029166666666666667
4 0.4241666666666667 0.29333333333333333 0.005833333333333334 0.025
4 0.5041666666666667 0.30083333333333334 0.005 0.0225
4 0.5766666666666667 0.30583333333333335 0.004166666666666667 0.020833333333333332
4 0.6166666666666667 0.30333333333333334 0.0033333333333333335 0.0175
4 0.615 0.29333333333333333 0.0025 0.015
4 0.9466666666666667 0.385 0.006666666666666667 0.0225
4 0.8991666666666667 0.3675 0.005 0.019166666666666665
4 0.8608333333333333 0.35083333333333333 0.004166666666666667 0.0175
4 0.8383333333333334 0.3416666666666667 0.004166666666666667 0.016666666666666666
4 0.815 0.3325 0.0033333333333333335 0.015
4 0.7958333333333333 0.3258333333333333 0.0033333333333333335 0.014166666666666666
4 0.7783333333333333 0.31833333333333336 0.0033333333333333335 0.013333333333333334
4 0.7633333333333333 0.3125 0.0033333333333333335 0.011666666666666667
4 0.7441666666666666 0.305 0.0033333333333333335 0.011666666666666667
0 0.09 0.31916666666666665 0.015 0.0575
0 0.16416666666666666 0.29083333333333333 0.010833333333333334 0.0425
0 0.225 0.27666666666666667 0.008333333333333333 0.03333333333333333
0 0.2841666666666667 0.2725 0.006666666666666667 0.025833333333333333
0 0.3416666666666667 0.275 0.005 0.024166666666666666
0 0.4166666666666667 0.2816666666666667 0.004166666666666667 0.020833333333333332
0 0.48333333333333334 0.2866666666666667 0.004166666666666667 0.019166666666666665
0 0.5275 0.28833333333333333 0.0033333333333333335 0.018333333333333333
0 0.5483333333333333 0.2841666666666667 0.0033333333333333335 0.016666666666666666
0 0.5441666666666667 0.275 0.0033333333333333335 0.015
4 0.5933333333333334 0.2808333333333333 0.0033333333333333335 0.014166666666666666
0 0.5225 0.26416666666666666 0.0033333333333333335 0.013333333333333334
0 0.25 0.20083333333333334 0.0033333333333333335 0.011666666666666667
0 0.21333333333333335 0.19333333333333333 0.0033333333333333335 0.011666666666666667
0 0.14 0.18 0.0033333333333333335 0.011666666666666667
0 0.09583333333333334 0.17416666666666666 0.0033333333333333335 0.014166666666666666
0 0.050833333333333335 0.17083333333333334 0.0033333333333333335 0.0175
4 0.0825 0.16583333333333333 0.0033333333333333335 0.014166666666666666
4 0.1375 0.175 0.0025 0.013333333333333334
0 0.9233333333333333 0.365 0.004166666666666667 0.0175
0 0.8958333333333334 0.35583333333333333 0.004166666666666667 0.016666666666666666
0 0.8758333333333334 0.34833333333333333 0.0033333333333333335 0.016666666666666666
0 0.8566666666666667 0.3416666666666667 0.0025 0.014166666666666666
0 0.83 0.3308333333333333 0.0025 0.013333333333333334
1 0.9325 0.3625 0.006666666666666667 0.029166666666666667
1 0.9183333333333333 0.35833333333333334 0.005833333333333334 0.028333333333333332
1 0.8541666666666666 0.3441666666666667 0.006666666666666667 0.0275
1 0.8658333333333333 0.3491666666666667 0.005833333333333334 0.028333333333333332