0 0.1025 0.73 0.05583333333333333 0.0875
0 0.2758333333333333 0.6383333333333333 0.028333333333333332 0.045
0 0.335 0.605 0.0175 0.030833333333333334
0 0.36833333333333335 0.5875 0.014166666666666666 0.023333333333333334
0 0.355 0.5825 0.0125 0.021666666666666667
0 0.31 0.5825 0.010833333333333334 0.020833333333333332
0 0.25666666666666665 0.5833333333333334 0.010833333333333334 0.020833333333333332
0 0.08666666666666667 0.5933333333333334 0.015 0.024166666666666666
4 0.4116666666666667 0.5733333333333334 0.01 0.015833333333333335
4 0.7241666666666666 0.7308333333333333 0.065 0.09
4 0.615 0.6366666666666667 0.029166666666666667 0.04583333333333333
4 0.5725 0.6025 0.016666666666666666 0.030833333333333334
4 0.55 0.5858333333333333 0.0125 0.0225
4 0.525 0.5791666666666667 0.01 0.019166666666666665
4 0.4625 0.575 0.010833333333333334 0.018333333333333333
4 0.3358333333333333 0.5733333333333334 0.01 0.015833333333333335
4 0.26416666666666666 0.575 0.010833333333333334 0.016666666666666666
4 0.19666666666666666 0.5791666666666667 0.010833333333333334 0.019166666666666665