4 0.6291666666666667 0.56 0.030833333333333334 0.10833333333333334
4 0.7616666666666667 0.4116666666666667 0.011666666666666667 0.041666666666666664
4 0.8725 0.5008333333333334 0.025833333333333333 0.08083333333333333
0 0.2525 0.5041666666666667 0.023333333333333334 0.09
0 0.12166666666666667 0.765 0.034166666666666665 0.165
4 0.865 0.4041666666666667 0.009166666666666667 0.03666666666666667
0 0.4041666666666667 0.3858333333333333 0.01 0.041666666666666664
0 0.325 0.43333333333333335 0.014166666666666666 0.0575
0 0.8775 0.37416666666666665 0.006666666666666667 0.025833333333333333
0 0.7075 0.37666666666666665 0.0075 0.029166666666666667
0 0.5966666666666667 0.37416666666666665 0.008333333333333333 0.0325
4 0.8383333333333334 0.45416666666666666 0.015833333333333335 0.0575
4 0.93 0.435 0.014166666666666666 0.0475
4 0.6308333333333334 0.41833333333333333 0.011666666666666667 0.04666666666666667
0 0.8033333333333333 0.37583333333333335 0.006666666666666667 0.0275
0 0.9175 0.37 0.005833333333333334 0.0225
0 0.935 0.36666666666666664 0.005 0.020833333333333332
4 0.56 0.43666666666666665 0.014166666666666666 0.05416666666666667
4 0.9291666666666667 0.785 0.03 0.125
0 0.4866666666666667 0.375 0.009166666666666667 0.035
4 0.59 0.4791666666666667 0.018333333333333333 0.0725