0 0.325 0.6316666666666667 0.0475 0.06833333333333333
0 0.3475 0.5116666666666667 0.009166666666666667 0.015
0 0.43166666666666664 0.5508333333333333 0.021666666666666667 0.03166666666666667
0 0.4691666666666667 0.5233333333333333 0.0125 0.02
0 0.49416666666666664 0.5058333333333334 0.006666666666666667 0.011666666666666667
0 0.49083333333333334 0.5008333333333334 0.005833333333333334 0.009166666666666667
0 0.5075 0.49666666666666665 0.005 0.008333333333333333
0 0.5366666666666666 0.495 0.004166666666666667 0.0075
0 0.5466666666666666 0.5091666666666667 0.008333333333333333 0.013333333333333334
0 0.5933333333333334 0.495 0.004166666666666667 0.006666666666666667
0 0.6566666666666666 0.5066666666666667 0.006666666666666667 0.011666666666666667
0 0.6591666666666667 0.5258333333333334 0.0125 0.020833333333333332
0 0.6416666666666667 0.495 0.004166666666666667 0.006666666666666667
0 0.6791666666666667 0.49583333333333335 0.004166666666666667 0.0075
0 0.7075 0.4975 0.004166666666666667 0.008333333333333333
0 0.7391666666666666 0.49916666666666665 0.005833333333333334 0.008333333333333333
0 0.8333333333333334 0.5083333333333333 0.0075 0.0125
0 0.8325 0.5216666666666666 0.010833333333333334 0.0175
0 0.8491666666666666 0.5341666666666667 0.016666666666666666 0.023333333333333334
0 0.7091666666666666 0.5558333333333333 0.021666666666666667 0.03333333333333333
0 0.5416666666666666 0.5675 0.0275 0.03916666666666667
0 0.6016666666666667 0.5175 0.010833333333333334 0.016666666666666666
4 0.34 0.5866666666666667 0.03333333333333333 0.04833333333333333
4 0.35 0.5066666666666667 0.006666666666666667 0.0125
4 0.45 0.6125 0.04083333333333333 0.059166666666666666
4 0.43916666666666665 0.5333333333333333 0.014166666666666666 0.024166666666666666
4 0.43166666666666664 0.5025 0.006666666666666667 0.010833333333333334
4 0.5508333333333333 0.5 0.006666666666666667 0.01
4 0.565 0.5108333333333334 0.008333333333333333 0.015
4 0.6616666666666666 0.5041666666666667 0.0075 0.010833333333333334
4 0.7508333333333334 0.5066666666666667 0.009166666666666667 0.0125
4 0.7941666666666667 0.51 0.01 0.014166666666666666
2 0.31416666666666665 0.5483333333333333 0.021666666666666667 0.03
2 0.31083333333333335 0.5225 0.0125 0.018333333333333333
2 0.4116666666666667 0.5125 0.008333333333333333 0.014166666666666666
2 0.43166666666666664 0.5041666666666667 0.006666666666666667 0.010833333333333334
2 0.5308333333333334 0.5016666666666667 0.005833333333333334 0.01
2 0.6025 0.5008333333333334 0.005833333333333334 0.01
2 0.6358333333333334 0.51 0.009166666666666667 0.014166666666666666
2 0.6691666666666667 0.5175 0.011666666666666667 0.016666666666666666
2 0.7508333333333334 0.6825 0.056666666666666664 0.08916666666666667
2 0.7558333333333334 0.5983333333333334 0.03333333333333333 0.05
2 0.7 0.5483333333333333 0.019166666666666665 0.03
2 0.5675 0.5308333333333334 0.013333333333333334 0.021666666666666667