0 0.8875 0.40166666666666667 0.03666666666666667 0.11416666666666667
0 0.4666666666666667 0.6425 0.058333333333333334 0.21333333333333335
3 0.1175 0.2775 0.005 0.025
3 0.8308333333333333 0.185 0.0025 0.015
3 0.915 0.1575 0.0025 0.010833333333333334
3 0.18083333333333335 0.23916666666666667 0.0025 0.013333333333333334
3 0.63 0.19166666666666668 0.0025 0.014166666666666666
3 0.9258333333333333 0.17416666666666666 0.005 0.0175
3 0.7775 0.17833333333333334 0.0025 0.013333333333333334
3 0.285 0.22166666666666668 0.0025 0.013333333333333334
3 0.25333333333333335 0.2475 0.004166666666666667 0.019166666666666665
3 0.7691666666666667 0.19666666666666666 0.004166666666666667 0.021666666666666667
3 0.10833333333333334 0.2658333333333333 0.004166666666666667 0.020833333333333332
3 0.9333333333333333 0.16333333333333333 0.0033333333333333335 0.013333333333333334
3 0.8633333333333333 0.1825 0.0025 0.015
3 0.050833333333333335 0.2475 0.0025 0.013333333333333334
3 0.0725 0.23333333333333334 0.0016666666666666668 0.008333333333333333
3 0.085 0.24 0.0016666666666666668 0.010833333333333334
3 0.11833333333333333 0.23083333333333333 0.0016666666666666668 0.01
3 0.1325 0.23333333333333334 0.0025 0.010833333333333334
3 0.13666666666666666 0.23166666666666666 0.0025 0.010833333333333334
3 0.1725 0.25166666666666665 0.0033333333333333335 0.016666666666666666
3 0.15333333333333332 0.2575 0.004166666666666667 0.019166666666666665
3 0.25666666666666665 0.23166666666666666 0.0033333333333333335 0.014166666666666666
3 0.27166666666666667 0.235 0.0025 0.0175
3 0.3 0.22416666666666665 0.0025 0.014166666666666666
3 0.37333333333333335 0.20833333333333334 0.0016666666666666668 0.013333333333333334
3 0.3883333333333333 0.2125 0.0025 0.014166666666666666
3 0.43416666666666665 0.20666666666666667 0.0025 0.014166666666666666
3 0.43666666666666665 0.2025 0.0025 0.011666666666666667
3 0.47 0.20416666666666666 0.0025 0.015
3 0.5108333333333334 0.19583333333333333 0.0025 0.014166666666666666
3 0.5908333333333333 0.20083333333333334 0.0033333333333333335 0.0175
3 0.77 0.18833333333333332 0.0025 0.0175
3 0.8258333333333333 0.16916666666666666 0.0025 0.011666666666666667
3 0.8516666666666667 0.17916666666666667 0.0025 0.016666666666666666
3 0.8491666666666666 0.17333333333333334 0.0025 0.011666666666666667
3 0.8125 0.1625 0.0016666666666666668 0.01
3 0.8091666666666667 0.16 0.0016666666666666668 0.008333333333333333
3 0.9033333333333333 0.19083333333333333 0.0033333333333333335 0.020833333333333332