1 0.15583333333333332 0.2675 0.013333333333333334 0.06916666666666667
4 0.1825 0.3258333333333333 0.015 0.060833333333333336
2 0.11416666666666667 0.23666666666666666 0.006666666666666667 0.025
4 0.2833333333333333 0.44416666666666665 0.03 0.10833333333333334
2 0.10666666666666667 0.22583333333333333 0.005 0.021666666666666667
2 0.085 0.20083333333333334 0.0025 0.011666666666666667
1 0.14833333333333334 0.2625 0.009166666666666667 0.06416666666666666
2 0.12833333333333333 0.2525 0.0075 0.030833333333333334
2 0.08833333333333333 0.20416666666666666 0.0025 0.013333333333333334
2 0.09916666666666667 0.21833333333333332 0.004166666666666667 0.018333333333333333
2 0.10166666666666667 0.21416666666666667 0.0025 0.015
2 0.09666666666666666 0.215 0.004166666666666667 0.016666666666666666
2 0.09083333333333334 0.20666666666666667 0.0033333333333333335 0.015