0 0.16666666666666666 0.3566666666666667 0.010833333333333334 0.043333333333333335
1 0.6633333333333333 0.30666666666666664 0.025833333333333333 0.10416666666666667
4 0.5766666666666667 0.295 0.010833333333333334 0.04666666666666667
4 0.8041666666666667 0.3408333333333333 0.023333333333333334 0.07916666666666666
4 0.6366666666666667 0.31916666666666665 0.016666666666666666 0.060833333333333336
0 0.4791666666666667 0.44166666666666665 0.025 0.10333333333333333
0 0.54 0.25833333333333336 0.006666666666666667 0.029166666666666667
0 0.27416666666666667 0.345 0.010833333333333334 0.04666666666666667
0 0.4725 0.2816666666666667 0.0075 0.0325
1 0.6191666666666666 0.2991666666666667 0.02 0.09333333333333334
2 0.44666666666666666 0.27666666666666667 0.006666666666666667 0.029166666666666667
1 0.42833333333333334 0.34833333333333333 0.0225 0.11166666666666666
4 0.23166666666666666 0.32416666666666666 0.01 0.035833333333333335
4 0.5825 0.2725 0.0075 0.03666666666666667
0 0.36833333333333335 0.3475 0.0125 0.05333333333333334
4 0.8533333333333334 0.21166666666666667 0.005833333333333334 0.0275
0 0.8391666666666666 0.20416666666666666 0.006666666666666667 0.024166666666666666
4 0.7625 0.22416666666666665 0.0075 0.028333333333333332
0 0.7258333333333333 0.21916666666666668 0.005833333333333334 0.024166666666666666
4 0.07833333333333334 0.3525 0.01 0.035833333333333335
0 0.44166666666666665 0.3725 0.0125 0.07166666666666667
0 0.2925 0.7608333333333334 0.0325 0.17416666666666666
2 0.325 0.2866666666666667 0.005833333333333334 0.025
2 0.4083333333333333 0.2683333333333333 0.005 0.024166666666666666
1 0.45666666666666667 0.36333333333333334 0.0275 0.12416666666666666
2 0.3425 0.3 0.0075 0.0325
4 0.6233333333333333 0.25416666666666665 0.006666666666666667 0.030833333333333334
4 0.6841666666666667 0.23833333333333334 0.0075 0.030833333333333334
4 0.3541666666666667 0.30833333333333335 0.008333333333333333 0.03833333333333333
0 0.625 0.2375 0.006666666666666667 0.025
2 0.3125 0.2775 0.005 0.020833333333333332
2 0.30333333333333334 0.27166666666666667 0.004166666666666667 0.0175
2 0.325 0.26666666666666666 0.004166666666666667 0.016666666666666666
2 0.3458333333333333 0.2633333333333333 0.004166666666666667 0.0175
2 0.3641666666666667 0.25833333333333336 0.004166666666666667 0.0175
2 0.3825 0.2625 0.005 0.020833333333333332
3 0.7058333333333333 0.19833333333333333 0.0025 0.014166666666666666
3 0.7216666666666667 0.2025 0.0033333333333333335 0.015
3 0.7583333333333333 0.19416666666666665 0.0025 0.015
3 0.6675 0.20583333333333334 0.0025 0.015
3 0.62 0.20833333333333334 0.0025 0.013333333333333334
3 0.5708333333333333 0.2125 0.0016666666666666668 0.011666666666666667
3 0.5591666666666667 0.21583333333333332 0.0025 0.011666666666666667
3 0.6491666666666667 0.20333333333333334 0.0025 0.010833333333333334
3 0.4975 0.22583333333333333 0.0016666666666666668 0.010833333333333334
3 0.49166666666666664 0.22416666666666665 0.0016666666666666668 0.011666666666666667
3 0.43666666666666665 0.23666666666666666 0.0025 0.011666666666666667
3 0.415 0.23833333333333334 0.0016666666666666668 0.010833333333333334
3 0.39 0.24666666666666667 0.0025 0.015
3 0.3525 0.2525 0.0025 0.013333333333333334
3 0.31083333333333335 0.265 0.0025 0.015