0 0.5766666666666667 0.2916666666666667 0.015 0.049166666666666664
0 0.6583333333333333 0.31916666666666665 0.018333333333333333 0.06666666666666667
0 0.7133333333333334 0.38666666666666666 0.025833333333333333 0.09916666666666667
4 0.6916666666666667 0.26416666666666666 0.0125 0.04583333333333333
4 0.42833333333333334 0.2633333333333333 0.009166666666666667 0.03166666666666667
4 0.28583333333333333 0.28 0.01 0.03166666666666667
2 0.8633333333333333 0.23083333333333333 0.009166666666666667 0.035833333333333335
0 0.1325 0.32083333333333336 0.010833333333333334 0.03916666666666667
0 0.2625 0.2975 0.010833333333333334 0.03916666666666667
0 0.38 0.285 0.010833333333333334 0.03833333333333333
2 0.945 0.19583333333333333 0.006666666666666667 0.025
4 0.5566666666666666 0.25916666666666666 0.010833333333333334 0.035833333333333335
2 0.9116666666666666 0.19833333333333333 0.005833333333333334 0.0225
2 0.8733333333333333 0.21166666666666667 0.006666666666666667 0.028333333333333332
0 0.48 0.2825 0.011666666666666667 0.043333333333333335
4 0.83 0.2866666666666667 0.015 0.06
4 0.12916666666666668 0.30666666666666664 0.009166666666666667 0.0325
2 0.8808333333333334 0.19916666666666666 0.005833333333333334 0.0225
0 0.6666666666666666 0.565 0.05 0.1825
1 0.6925 0.4691666666666667 0.0475 0.2475
1 0.62 0.5841666666666666 0.07833333333333334 0.34
2 0.8433333333333334 0.2633333333333333 0.0125 0.0475