0 0.8058333333333333 0.3383333333333333 0.015833333333333335 0.06333333333333334
0 0.9191666666666667 0.24166666666666667 0.0075 0.025833333333333333
0 0.855 0.2975 0.011666666666666667 0.04666666666666667
0 0.8791666666666667 0.27166666666666667 0.009166666666666667 0.03666666666666667
0 0.9483333333333334 0.235 0.005833333333333334 0.025833333333333333
0 0.7175 0.44916666666666666 0.028333333333333332 0.115
0 0.55 0.6725 0.059166666666666666 0.215
0 0.89 0.25083333333333335 0.006666666666666667 0.028333333333333332
4 0.94 0.20583333333333334 0.0016666666666666668 0.0075
4 0.9333333333333333 0.20583333333333334 0.0025 0.01
4 0.9308333333333333 0.20666666666666667 0.0016666666666666668 0.008333333333333333
4 0.9275 0.20666666666666667 0.0025 0.011666666666666667
4 0.9241666666666667 0.20916666666666667 0.0025 0.011666666666666667
4 0.9441666666666667 0.20416666666666666 0.0016666666666666668 0.01