4 0.5991666666666666 0.36333333333333334 0.011666666666666667 0.05333333333333334
0 0.33666666666666667 0.3358333333333333 0.013333333333333334 0.058333333333333334
0 0.47833333333333333 0.3225 0.01 0.0425
4 0.46416666666666667 0.4575 0.025 0.10416666666666667
4 0.5158333333333334 0.38666666666666666 0.015833333333333335 0.06833333333333333
0 0.17083333333333334 0.38916666666666666 0.023333333333333334 0.09166666666666666
0 0.9175 0.375 0.009166666666666667 0.035
0 0.6191666666666666 0.32916666666666666 0.008333333333333333 0.035
4 0.7016666666666667 0.36333333333333334 0.010833333333333334 0.04583333333333333
0 0.7625 0.3466666666666667 0.008333333333333333 0.0325
4 0.8191666666666667 0.37666666666666665 0.01 0.0425
4 0.54 0.6991666666666667 0.055 0.21166666666666667
2 0.12833333333333333 0.3375 0.019166666666666665 0.07083333333333333
2 0.07833333333333334 0.2758333333333333 0.0125 0.04666666666666667
2 0.05333333333333334 0.24416666666666667 0.008333333333333333 0.035833333333333335