4 0.3625 0.5308333333333334 0.03 0.09916666666666667
0 0.9133333333333333 0.44916666666666666 0.019166666666666665 0.06416666666666666
4 0.8158333333333333 0.495 0.025833333333333333 0.08583333333333333
0 0.8341666666666666 0.4141666666666667 0.0125 0.04583333333333333
4 0.1175 0.4475 0.016666666666666666 0.05333333333333334
4 0.5416666666666666 0.3875 0.006666666666666667 0.0275
0 0.1575 0.38666666666666666 0.008333333333333333 0.0275
4 0.5816666666666667 0.4 0.01 0.035
0 0.7358333333333333 0.3958333333333333 0.010833333333333334 0.035833333333333335
4 0.44916666666666666 0.37 0.005833333333333334 0.020833333333333332
4 0.14 0.4066666666666667 0.01 0.03333333333333333
4 0.6241666666666666 0.41333333333333333 0.010833333333333334 0.04
4 0.35083333333333333 0.37666666666666665 0.006666666666666667 0.025
0 0.07333333333333333 0.4 0.008333333333333333 0.030833333333333334
0 0.30333333333333334 0.37 0.0075 0.0225
0 0.5716666666666667 0.3641666666666667 0.005833333333333334 0.021666666666666667
4 0.68 0.43833333333333335 0.014166666666666666 0.05416666666666667
4 0.21916666666666668 0.4816666666666667 0.0225 0.0725
0 0.37166666666666665 0.36583333333333334 0.008333333333333333 0.018333333333333333
0 0.6183333333333333 0.36833333333333335 0.005833333333333334 0.025833333333333333
4 0.08083333333333333 0.42916666666666664 0.0125 0.0425
4 0.575 0.615 0.021666666666666667 0.11416666666666667
4 0.24166666666666667 0.3875 0.006666666666666667 0.03166666666666667