0 0.3975 0.45166666666666666 0.019166666666666665 0.04833333333333333
0 0.43666666666666665 0.4066666666666667 0.010833333333333334 0.03
0 0.4533333333333333 0.3875 0.006666666666666667 0.019166666666666665
4 0.6591666666666667 0.44666666666666666 0.025 0.049166666666666664
4 0.5925 0.4058333333333333 0.0125 0.028333333333333332
4 0.5658333333333333 0.38666666666666666 0.008333333333333333 0.02
2 0.5633333333333334 0.38 0.011666666666666667 0.0325
2 0.55 0.3775 0.005833333333333334 0.015833333333333335
2 0.5408333333333334 0.37166666666666665 0.005 0.011666666666666667
2 0.535 0.3675 0.004166666666666667 0.01
2 0.5308333333333334 0.36333333333333334 0.0033333333333333335 0.01
2 0.5283333333333333 0.36083333333333334 0.0033333333333333335 0.0075
2 0.525 0.3575 0.0033333333333333335 0.008333333333333333
2 0.5225 0.3566666666666667 0.0025 0.0075
2 0.45416666666666666 0.38083333333333336 0.010833333333333334 0.03166666666666667
2 0.4625 0.3775 0.006666666666666667 0.015833333333333335
2 0.4675 0.37166666666666665 0.005 0.013333333333333334
2 0.4716666666666667 0.3675 0.005 0.011666666666666667
2 0.47583333333333333 0.36333333333333334 0.004166666666666667 0.01
2 0.47833333333333333 0.36083333333333334 0.0033333333333333335 0.008333333333333333
2 0.48 0.3575 0.0025 0.0075
1 0.5158333333333334 0.3491666666666667 0.0033333333333333335 0.0075
1 0.5075 0.3491666666666667 0.0033333333333333335 0.008333333333333333
1 0.5008333333333334 0.3491666666666667 0.0025 0.0075
1 0.49333333333333335 0.3491666666666667 0.0033333333333333335 0.008333333333333333
1 0.48583333333333334 0.34833333333333333 0.0033333333333333335 0.008333333333333333