2 0.16333333333333333 0.265 0.010833333333333334 0.04
2 0.13333333333333333 0.2225 0.005 0.024166666666666666
2 0.1425 0.23833333333333334 0.006666666666666667 0.030833333333333334
2 0.12583333333333332 0.21 0.004166666666666667 0.020833333333333332
2 0.43166666666666664 0.6025 0.043333333333333335 0.17583333333333334
2 0.3933333333333333 0.6083333333333333 0.04833333333333333 0.18166666666666667
2 0.195 0.31416666666666665 0.014166666666666666 0.058333333333333334
2 0.2808333333333333 0.44416666666666665 0.03 0.11083333333333334
2 0.08666666666666667 0.1725 0.0025 0.008333333333333333
2 0.12166666666666667 0.20333333333333334 0.004166666666666667 0.0175
2 0.0775 0.17083333333333334 0.0016666666666666668 0.008333333333333333
2 0.09666666666666666 0.175 0.0016666666666666668 0.008333333333333333
2 0.05416666666666667 0.18833333333333332 0.0033333333333333335 0.016666666666666666
2 0.05 0.19416666666666665 0.0016666666666666668 0.018333333333333333
2 0.059166666666666666 0.18166666666666667 0.0025 0.011666666666666667
2 0.11916666666666667 0.19833333333333333 0.0033333333333333335 0.016666666666666666
2 0.115 0.19416666666666665 0.0025 0.014166666666666666
2 0.1125 0.19083333333333333 0.0025 0.011666666666666667
2 0.06166666666666667 0.18 0.0025 0.011666666666666667
2 0.06416666666666666 0.17583333333333334 0.0025 0.010833333333333334
4 0.1025 0.1725 0.0016666666666666668 0.006666666666666667