0 0.065 0.21083333333333334 0.006666666666666667 0.025833333333333333
0 0.10666666666666667 0.21416666666666667 0.006666666666666667 0.024166666666666666
4 0.215 0.2275 0.005833333333333334 0.024166666666666666
4 0.8641666666666666 0.28833333333333333 0.0033333333333333335 0.013333333333333334
0 0.22833333333333333 0.215 0.004166666666666667 0.018333333333333333
4 0.2866666666666667 0.22583333333333333 0.005 0.019166666666666665
4 0.26 0.2275 0.005833333333333334 0.0225
4 0.7908333333333334 0.2791666666666667 0.0033333333333333335 0.013333333333333334
4 0.15166666666666667 0.2275 0.0075 0.028333333333333332
4 0.6008333333333333 0.25333333333333335 0.0033333333333333335 0.015
0 0.9108333333333334 0.2941666666666667 0.0025 0.013333333333333334
4 0.695 0.2683333333333333 0.004166666666666667 0.015
0 0.7216666666666667 0.2683333333333333 0.0033333333333333335 0.013333333333333334
0 0.62 0.25416666666666665 0.0033333333333333335 0.014166666666666666
4 0.07083333333333333 0.22166666666666668 0.008333333333333333 0.030833333333333334
4 0.18333333333333332 0.475 0.04083333333333333 0.1325
4 0.8875 0.2925 0.0033333333333333335 0.013333333333333334
0 0.7483333333333333 0.26916666666666667 0.0033333333333333335 0.013333333333333334
0 0.20916666666666667 0.21666666666666667 0.004166666666666667 0.019166666666666665
4 0.9158333333333334 0.29833333333333334 0.004166666666666667 0.014166666666666666
4 0.8016666666666666 0.2791666666666667 0.0025 0.013333333333333334
0 0.18583333333333332 0.21583333333333332 0.005 0.020833333333333332
0 0.6475 0.25833333333333336 0.0033333333333333335 0.014166666666666666
4 0.945 0.305 0.004166666666666667 0.014166666666666666
4 0.6416666666666667 0.26 0.0033333333333333335 0.014166666666666666
4 0.8358333333333333 0.2825 0.0025 0.013333333333333334
4 0.48833333333333334 0.23333333333333334 0.0025 0.011666666666666667
4 0.42083333333333334 0.22083333333333333 0.0025 0.011666666666666667
0 0.7341666666666666 0.26916666666666667 0.0033333333333333335 0.013333333333333334
0 0.6758333333333333 0.2625 0.0033333333333333335 0.014166666666666666
0 0.48333333333333334 0.22916666666666666 0.0025 0.010833333333333334
4 0.3975 0.21833333333333332 0.0025 0.010833333333333334
0 0.1525 0.21583333333333332 0.005 0.0225
4 0.305 0.22416666666666665 0.004166666666666667 0.0175
4 0.8116666666666666 0.2791666666666667 0.0033333333333333335 0.013333333333333334
0 0.2841666666666667 0.205 0.0025 0.011666666666666667
4 0.4525 0.2275 0.0033333333333333335 0.013333333333333334
4 0.3416666666666667 0.21166666666666667 0.0025 0.010833333333333334
4 0.36833333333333335 0.21416666666666667 0.0025 0.010833333333333334
0 0.7725 0.27166666666666667 0.0025 0.010833333333333334
0 0.5966666666666667 0.24916666666666668 0.0025 0.013333333333333334
1 0.55 0.23833333333333334 0.0025 0.019166666666666665
4 0.5675 0.2475 0.0025 0.014166666666666666
0 0.6991666666666667 0.265 0.0025 0.013333333333333334
0 0.23833333333333334 0.21333333333333335 0.004166666666666667 0.016666666666666666
0 0.4058333333333333 0.21833333333333332 0.0025 0.01
0 0.25583333333333336 0.20416666666666666 0.0033333333333333335 0.011666666666666667
4 0.77 0.2791666666666667 0.0033333333333333335 0.014166666666666666
4 0.7375 0.27416666666666667 0.0033333333333333335 0.014166666666666666
1 0.5258333333333334 0.235 0.0033333333333333335 0.020833333333333332
0 0.8591666666666666 0.28583333333333333 0.0033333333333333335 0.013333333333333334
4 0.5225 0.23833333333333334 0.0025 0.014166666666666666
0 0.4475 0.22333333333333333 0.0025 0.01
1 0.5566666666666666 0.23833333333333334 0.0033333333333333335 0.018333333333333333
4 0.545 0.715 0.06416666666666666 0.23166666666666666
1 0.5183333333333333 0.235 0.0033333333333333335 0.019166666666666665
0 0.2425 0.21166666666666667 0.0033333333333333335 0.015
0 0.245 0.21 0.0016666666666666668 0.016666666666666666
4 0.30333333333333334 0.21166666666666667 0.0033333333333333335 0.014166666666666666
4 0.3225 0.21 0.0025 0.011666666666666667
0 0.32083333333333336 0.2075 0.0025 0.010833333333333334
0 0.3616666666666667 0.2125 0.0025 0.01
0 0.5533333333333333 0.24166666666666667 0.0025 0.013333333333333334
4 0.30916666666666665 0.215 0.0033333333333333335 0.015
4 0.315 0.2225 0.0033333333333333335 0.016666666666666666
4 0.31333333333333335 0.21916666666666668 0.0025 0.016666666666666666
4 0.31166666666666665 0.21083333333333334 0.0025 0.013333333333333334