2 0.11333333333333333 0.7 0.0775 0.16333333333333333
2 0.3516666666666667 0.45916666666666667 0.024166666666666666 0.0525
2 0.4008333333333333 0.4141666666666667 0.0125 0.03166666666666667
2 0.4175 0.395 0.010833333333333334 0.023333333333333334
2 0.43083333333333335 0.38166666666666665 0.008333333333333333 0.018333333333333333
2 0.44 0.3725 0.005833333333333334 0.015833333333333335
2 0.5241666666666667 0.37333333333333335 0.006666666666666667 0.015
2 0.5316666666666666 0.38083333333333336 0.0075 0.018333333333333333
2 0.5466666666666666 0.3925 0.009166666666666667 0.0225
2 0.5725 0.41 0.0125 0.03
2 0.6333333333333333 0.4533333333333333 0.023333333333333334 0.050833333333333335
1 0.445 0.36333333333333334 0.006666666666666667 0.021666666666666667
1 0.4625 0.36333333333333334 0.006666666666666667 0.02
1 0.4791666666666667 0.3641666666666667 0.006666666666666667 0.02
1 0.49583333333333335 0.36333333333333334 0.0075 0.021666666666666667
1 0.5141666666666667 0.36333333333333334 0.008333333333333333 0.019166666666666665
2 0.9025 0.66 0.04583333333333333 0.14833333333333334