4 0.5741666666666667 0.3883333333333333 0.015 0.060833333333333336
4 0.5416666666666666 0.41833333333333333 0.018333333333333333 0.07583333333333334
0 0.5066666666666667 0.32416666666666666 0.008333333333333333 0.03833333333333333
0 0.37916666666666665 0.3258333333333333 0.011666666666666667 0.04666666666666667
4 0.8233333333333334 0.355 0.006666666666666667 0.0275
0 0.23333333333333334 0.35 0.015833333333333335 0.065
4 0.515 0.5475 0.035833333333333335 0.1325
4 0.7441666666666666 0.37333333333333335 0.008333333333333333 0.04
0 0.67 0.3358333333333333 0.0075 0.030833333333333334
4 0.8008333333333333 0.37416666666666665 0.0075 0.035833333333333335
4 0.83 0.37083333333333335 0.006666666666666667 0.0325
4 0.7925 0.3416666666666667 0.005833333333333334 0.024166666666666666
0 0.6166666666666667 0.3308333333333333 0.006666666666666667 0.03166666666666667
4 0.7491666666666666 0.32666666666666666 0.005 0.020833333333333332
0 0.8416666666666667 0.3225 0.0033333333333333335 0.013333333333333334
4 0.6566666666666666 0.37416666666666665 0.0125 0.0475
4 0.8733333333333333 0.33166666666666667 0.0033333333333333335 0.014166666666666666
0 0.8633333333333333 0.32666666666666666 0.0033333333333333335 0.011666666666666667
0 0.8975 0.33166666666666667 0.0033333333333333335 0.011666666666666667
0 0.6733333333333333 0.31583333333333335 0.0033333333333333335 0.0225
0 0.8158333333333333 0.31833333333333336 0.0033333333333333335 0.013333333333333334
0 0.6416666666666667 0.30666666666666664 0.005 0.021666666666666667
0 0.9441666666666667 0.335 0.0025 0.01
4 0.9333333333333333 0.3425 0.004166666666666667 0.013333333333333334
0 0.7633333333333333 0.30666666666666664 0.0033333333333333335 0.011666666666666667
0 0.7116666666666667 0.29583333333333334 0.0033333333333333335 0.011666666666666667
4 0.6391666666666667 0.2975 0.004166666666666667 0.0175
4 0.9083333333333333 0.3383333333333333 0.0033333333333333335 0.013333333333333334
0 0.5808333333333333 0.29 0.005 0.020833333333333332
4 0.7191666666666666 0.30083333333333334 0.0033333333333333335 0.013333333333333334
0 0.915 0.3333333333333333 0.0033333333333333335 0.010833333333333334
0 0.6633333333333333 0.2875 0.0025 0.011666666666666667
4 0.6066666666666667 0.2866666666666667 0.004166666666666667 0.014166666666666666
0 0.5533333333333333 0.2725 0.0033333333333333335 0.014166666666666666
0 0.5433333333333333 0.2783333333333333 0.004166666666666667 0.0175
0 0.9191666666666667 0.3333333333333333 0.0033333333333333335 0.010833333333333334
0 0.8816666666666667 0.32916666666666666 0.0033333333333333335 0.013333333333333334
0 0.535 0.2725 0.004166666666666667 0.015
4 0.835 0.325 0.0033333333333333335 0.013333333333333334
4 0.6841666666666667 0.2941666666666667 0.0033333333333333335 0.014166666666666666
4 0.655 0.29 0.0033333333333333335 0.014166666666666666
4 0.6991666666666667 0.3125 0.0025 0.018333333333333333
4 0.6291666666666667 0.2866666666666667 0.0033333333333333335 0.014166666666666666
0 0.9225 0.3333333333333333 0.0025 0.010833333333333334
4 0.7458333333333333 0.30666666666666664 0.0025 0.013333333333333334
4 0.795 0.31666666666666665 0.0033333333333333335 0.011666666666666667
0 0.5816666666666667 0.275 0.0025 0.013333333333333334
0 0.9283333333333333 0.3333333333333333 0.0025 0.01
0 0.6191666666666666 0.28 0.0033333333333333335 0.011666666666666667
0 0.6933333333333334 0.32416666666666666 0.004166666666666667 0.021666666666666667
0 0.7008333333333333 0.33 0.005 0.025
0 0.6958333333333333 0.335 0.006666666666666667 0.0275
4 0.6108333333333333 0.285 0.004166666666666667 0.015
4 0.6141666666666666 0.29083333333333333 0.004166666666666667 0.016666666666666666
0 0.7941666666666667 0.31333333333333335 0.0008333333333333334 0.011666666666666667