0 0.17833333333333334 0.41833333333333333 0.0175 0.04
0 0.395 0.5191666666666667 0.041666666666666664 0.08333333333333333
0 0.48 0.42583333333333334 0.018333333333333333 0.03833333333333333
0 0.33 0.4125 0.015833333333333335 0.034166666666666665
0 0.5 0.4658333333333333 0.0275 0.058333333333333334
0 0.15416666666666667 0.38166666666666665 0.010833333333333334 0.018333333333333333
0 0.33 0.38166666666666665 0.009166666666666667 0.015
0 0.48083333333333333 0.37916666666666665 0.008333333333333333 0.014166666666666666
0 0.5891666666666666 0.37583333333333335 0.008333333333333333 0.014166666666666666
0 0.7058333333333333 0.37583333333333335 0.01 0.013333333333333334
0 0.7908333333333334 0.38416666666666666 0.013333333333333334 0.015833333333333335
0 0.8641666666666666 0.3908333333333333 0.014166666666666666 0.015833333333333335
4 0.8925 0.485 0.03333333333333333 0.060833333333333336
4 0.7858333333333334 0.43166666666666664 0.02 0.04083333333333333
4 0.11416666666666667 0.3975 0.015 0.0325
4 0.5358333333333334 0.4008333333333333 0.0125 0.030833333333333334
4 0.27 0.3925 0.014166666666666666 0.03
4 0.6558333333333334 0.41333333333333333 0.015833333333333335 0.03333333333333333
4 0.41333333333333333 0.3925 0.0125 0.028333333333333332