0 0.415 0.79 0.025833333333333333 0.11666666666666667
0 0.7525 0.405 0.0275 0.09666666666666666
0 0.8141666666666667 0.31 0.014166666666666666 0.056666666666666664
0 0.84 0.2708333333333333 0.01 0.03916666666666667
0 0.8541666666666666 0.24916666666666668 0.0075 0.030833333333333334
0 0.8658333333333333 0.23333333333333334 0.006666666666666667 0.025
0 0.8725 0.22416666666666665 0.005833333333333334 0.021666666666666667
0 0.8783333333333333 0.21666666666666667 0.004166666666666667 0.0175
0 0.8825 0.21083333333333334 0.0033333333333333335 0.015
0 0.8858333333333334 0.20583333333333334 0.0033333333333333335 0.014166666666666666
4 0.9475 0.20583333333333334 0.004166666666666667 0.0175
4 0.9433333333333334 0.2025 0.0033333333333333335 0.015
4 0.9383333333333334 0.19583333333333333 0.0033333333333333335 0.010833333333333334
4 0.9408333333333333 0.19833333333333333 0.0025 0.014166666666666666