0 0.4483333333333333 0.5383333333333333 0.0325 0.11333333333333333
0 0.87 0.39 0.0125 0.043333333333333335
0 0.68 0.4575 0.021666666666666667 0.07416666666666667
0 0.7966666666666666 0.415 0.014166666666666666 0.05416666666666667
4 0.8783333333333333 0.3466666666666667 0.006666666666666667 0.025833333333333333
0 0.8616666666666667 0.35833333333333334 0.006666666666666667 0.0275
4 0.7358333333333333 0.3325 0.004166666666666667 0.0175
4 0.9341666666666667 0.33416666666666667 0.005 0.0225
0 0.7433333333333333 0.3433333333333333 0.005 0.0225
4 0.76 0.33666666666666667 0.005833333333333334 0.021666666666666667
0 0.895 0.37166666666666665 0.009166666666666667 0.035
4 0.815 0.3416666666666667 0.004166666666666667 0.0225
4 0.8016666666666666 0.32416666666666666 0.004166666666666667 0.016666666666666666
4 0.8841666666666667 0.3308333333333333 0.0033333333333333335 0.016666666666666666
4 0.7291666666666666 0.32916666666666666 0.0033333333333333335 0.015
4 0.7741666666666667 0.3233333333333333 0.0025 0.014166666666666666
4 0.8408333333333333 0.3275 0.0033333333333333335 0.016666666666666666
0 0.94 0.32916666666666666 0.004166666666666667 0.020833333333333332
4 0.765 0.3225 0.0025 0.014166666666666666
0 0.6708333333333333 0.33166666666666667 0.004166666666666667 0.016666666666666666
0 0.6983333333333334 0.3383333333333333 0.005833333333333334 0.020833333333333332
0 0.8175 0.35083333333333333 0.005833333333333334 0.024166666666666666
0 0.675 0.3358333333333333 0.004166666666666667 0.0175
4 0.7866666666666666 0.31833333333333336 0.004166666666666667 0.015
3 0.4091666666666667 0.3675 0.008333333333333333 0.041666666666666664
3 0.4816666666666667 0.3516666666666667 0.006666666666666667 0.0275
0 0.8816666666666667 0.325 0.0025 0.015
0 0.8308333333333333 0.3175 0.0025 0.013333333333333334
0 0.8375 0.3233333333333333 0.0033333333333333335 0.016666666666666666
0 0.8475 0.31583333333333335 0.0033333333333333335 0.014166666666666666
0 0.8125 0.32083333333333336 0.0033333333333333335 0.016666666666666666
0 0.8083333333333333 0.31916666666666665 0.0033333333333333335 0.018333333333333333
4 0.8058333333333333 0.31666666666666665 0.0025 0.013333333333333334
4 0.8158333333333333 0.31333333333333335 0.0025 0.014166666666666666
0 0.8608333333333333 0.31416666666666665 0.0025 0.013333333333333334
0 0.8525 0.31333333333333335 0.0025 0.013333333333333334
4 0.7716666666666666 0.31916666666666665 0.0025 0.013333333333333334
4 0.7608333333333334 0.32083333333333336 0.0025 0.011666666666666667
4 0.7275 0.32666666666666666 0.0025 0.014166666666666666
4 0.7241666666666666 0.32416666666666666 0.0025 0.013333333333333334
0 0.6758333333333333 0.3258333333333333 0.0025 0.016666666666666666
0 0.6983333333333334 0.31333333333333335 0.0025 0.010833333333333334
4 0.95 0.35833333333333334 0.0033333333333333335 0.025
0 0.6725 0.32916666666666666 0.0025 0.014166666666666666
4 0.9383333333333334 0.635 0.025833333333333333 0.16