4 0.19166666666666668 0.425 0.03166666666666667 0.10833333333333334
0 0.8608333333333333 0.295 0.004166666666666667 0.016666666666666666
4 0.5575 0.2425 0.0025 0.010833333333333334
4 0.6175 0.25083333333333335 0.0025 0.010833333333333334
4 0.06 0.36 0.021666666666666667 0.08333333333333333
0 0.37666666666666665 0.2275 0.0033333333333333335 0.014166666666666666
4 0.7291666666666666 0.2725 0.004166666666666667 0.015
4 0.2125 0.21083333333333334 0.0033333333333333335 0.015
4 0.5866666666666667 0.24583333333333332 0.0025 0.011666666666666667
4 0.17083333333333334 0.205 0.0033333333333333335 0.014166666666666666
4 0.8408333333333333 0.29583333333333334 0.004166666666666667 0.0175
4 0.6783333333333333 0.25916666666666666 0.0025 0.011666666666666667
0 0.4925 0.23333333333333334 0.0025 0.011666666666666667
4 0.5333333333333333 0.24083333333333334 0.0025 0.011666666666666667
4 0.8883333333333333 0.30416666666666664 0.004166666666666667 0.0175
0 0.7858333333333334 0.2808333333333333 0.0033333333333333335 0.013333333333333334
0 0.4033333333333333 0.22916666666666666 0.0025 0.013333333333333334
0 0.20083333333333334 0.205 0.0025 0.011666666666666667
4 0.43666666666666665 0.2375 0.0033333333333333335 0.016666666666666666
0 0.345 0.22416666666666665 0.0033333333333333335 0.014166666666666666
0 0.9366666666666666 0.30833333333333335 0.004166666666666667 0.016666666666666666
0 0.29583333333333334 0.21666666666666667 0.0033333333333333335 0.014166666666666666
4 0.3875 0.23333333333333334 0.0033333333333333335 0.016666666666666666
4 0.9491666666666667 0.315 0.004166666666666667 0.0175
4 0.5158333333333334 0.24 0.0025 0.011666666666666667
4 0.4975 0.24 0.0025 0.013333333333333334
4 0.6491666666666667 0.255 0.0025 0.011666666666666667
4 0.715 0.2683333333333333 0.0025 0.011666666666666667
4 0.7041666666666667 0.265 0.0025 0.010833333333333334
4 0.4475 0.5958333333333333 0.04416666666666667 0.17416666666666666
4 0.28 0.22083333333333333 0.0033333333333333335 0.015
4 0.08166666666666667 0.1975 0.004166666666666667 0.015
0 0.8275 0.2891666666666667 0.0033333333333333335 0.015
0 0.0775 0.19416666666666665 0.0033333333333333335 0.014166666666666666
0 0.4266666666666667 0.23166666666666666 0.0025 0.014166666666666666
0 0.4425 0.23166666666666666 0.0033333333333333335 0.013333333333333334
0 0.745 0.26916666666666667 0.0025 0.011666666666666667
4 0.4725 0.24 0.0033333333333333335 0.014166666666666666
0 0.8 0.2833333333333333 0.0033333333333333335 0.014166666666666666
0 0.7733333333333333 0.27666666666666667 0.0033333333333333335 0.014166666666666666
4 0.7925 0.2866666666666667 0.0033333333333333335 0.015
0 0.8933333333333333 0.30083333333333334 0.004166666666666667 0.015
0 0.5291666666666667 0.23666666666666666 0.0025 0.011666666666666667
0 0.6625 0.25416666666666665 0.0025 0.010833333333333334
0 0.5725 0.24166666666666667 0.0025 0.010833333333333334
4 0.75 0.2783333333333333 0.004166666666666667 0.015
0 0.46416666666666667 0.23166666666666666 0.0025 0.011666666666666667
0 0.14416666666666667 0.19916666666666666 0.0033333333333333335 0.013333333333333334
4 0.13916666666666666 0.2025 0.0033333333333333335 0.015
0 0.2525 0.21083333333333334 0.0033333333333333335 0.013333333333333334
4 0.24916666666666668 0.21583333333333332 0.004166666666666667 0.016666666666666666
0 0.32083333333333336 0.22083333333333333 0.0033333333333333335 0.014166666666666666
4 0.31666666666666665 0.22583333333333333 0.0025 0.015