0 0.735 0.2991666666666667 0.015 0.06333333333333334
0 0.6891666666666667 0.25916666666666666 0.01 0.0425
0 0.7216666666666667 0.27416666666666667 0.011666666666666667 0.050833333333333335
0 0.6008333333333333 0.24666666666666667 0.008333333333333333 0.035
0 0.555 0.245 0.006666666666666667 0.03166666666666667
0 0.6991666666666667 0.33416666666666667 0.021666666666666667 0.0775
0 0.45166666666666666 0.24916666666666668 0.005833333333333334 0.028333333333333332
0 0.39166666666666666 0.24666666666666667 0.005 0.024166666666666666
0 0.9366666666666666 0.17583333333333334 0.004166666666666667 0.020833333333333332
4 0.8516666666666667 0.23833333333333334 0.010833333333333334 0.041666666666666664
0 0.6483333333333333 0.25083333333333335 0.009166666666666667 0.03916666666666667
0 0.8683333333333333 0.18333333333333332 0.004166666666666667 0.019166666666666665
4 0.5183333333333333 0.23083333333333333 0.006666666666666667 0.025
0 0.38416666666666666 0.24 0.004166666666666667 0.019166666666666665
4 0.47583333333333333 0.22916666666666666 0.005833333333333334 0.0225
4 0.765 0.22916666666666666 0.0075 0.0325
0 0.8216666666666667 0.18666666666666668 0.004166666666666667 0.018333333333333333
4 0.6158333333333333 0.22666666666666666 0.005833333333333334 0.0275
4 0.8341666666666666 0.1925 0.005 0.021666666666666667
4 0.7791666666666667 0.195 0.004166666666666667 0.020833333333333332
4 0.6916666666666667 0.22583333333333333 0.006666666666666667 0.029166666666666667
0 0.41333333333333333 0.23 0.004166666666666667 0.018333333333333333
1 0.5116666666666667 0.48333333333333334 0.058333333333333334 0.24416666666666667
0 0.91 0.18 0.004166666666666667 0.020833333333333332
0 0.4658333333333333 0.22 0.004166666666666667 0.016666666666666666
4 0.605 0.20666666666666667 0.004166666666666667 0.019166666666666665
0 0.79 0.18833333333333332 0.004166666666666667 0.018333333333333333
0 0.7216666666666667 0.19166666666666668 0.004166666666666667 0.016666666666666666
4 0.7025 0.19833333333333333 0.004166666666666667 0.018333333333333333
4 0.5516666666666666 0.21166666666666667 0.005 0.019166666666666665
4 0.5116666666666667 0.21833333333333332 0.005 0.019166666666666665
4 0.905 0.18666666666666668 0.006666666666666667 0.020833333333333332
0 0.5425 0.5 0.0325 0.14583333333333334
0 0.5275 0.21083333333333334 0.0033333333333333335 0.0175
1 0.5641666666666667 0.44 0.03666666666666667 0.215
4 0.4875 0.23166666666666666 0.005833333333333334 0.021666666666666667
0 0.59 0.20333333333333334 0.0033333333333333335 0.015
0 0.655 0.19666666666666666 0.0025 0.0175
4 0.6566666666666666 0.2025 0.004166666666666667 0.018333333333333333
4 0.48833333333333334 0.2225 0.0033333333333333335 0.0225