0 0.8783333333333333 0.3408333333333333 0.025833333333333333 0.08333333333333333
0 0.6666666666666666 0.4775 0.041666666666666664 0.1475
4 0.3233333333333333 0.17 0.0025 0.011666666666666667
0 0.43666666666666665 0.1725 0.005 0.0225
0 0.2791666666666667 0.17916666666666667 0.005 0.021666666666666667
0 0.215 0.1775 0.0025 0.011666666666666667
0 0.2625 0.17416666666666666 0.0025 0.011666666666666667
0 0.23666666666666666 0.1775 0.004166666666666667 0.018333333333333333
0 0.3425 0.1775 0.005833333333333334 0.0225
4 0.30916666666666665 0.16916666666666666 0.0033333333333333335 0.016666666666666666
4 0.36333333333333334 0.165 0.0033333333333333335 0.010833333333333334
0 0.5225 0.16666666666666666 0.004166666666666667 0.019166666666666665
4 0.405 0.165 0.0033333333333333335 0.016666666666666666
4 0.4691666666666667 0.16166666666666665 0.004166666666666667 0.018333333333333333
4 0.45666666666666667 0.15666666666666668 0.0033333333333333335 0.008333333333333333
0 0.5783333333333334 0.16 0.004166666666666667 0.015
0 0.3383333333333333 0.16166666666666665 0.0025 0.011666666666666667
0 0.2325 0.1775 0.0025 0.010833333333333334
0 0.38916666666666666 0.15666666666666668 0.0025 0.01
4 0.28833333333333333 0.1725 0.0033333333333333335 0.014166666666666666
0 0.2975 0.16833333333333333 0.0025 0.011666666666666667
4 0.3475 0.165 0.004166666666666667 0.0175
4 0.29583333333333334 0.1725 0.0025 0.011666666666666667
0 0.44166666666666665 0.15583333333333332 0.0025 0.006666666666666667
0 0.2175 0.17583333333333334 0.0025 0.015
4 0.5241666666666667 0.15833333333333333 0.0033333333333333335 0.011666666666666667
0 0.6341666666666667 0.15666666666666668 0.0033333333333333335 0.01