0 0.7541666666666667 0.44916666666666666 0.0325 0.10833333333333334
0 0.325 0.6241666666666666 0.05333333333333334 0.19
4 0.11166666666666666 0.25333333333333335 0.0025 0.010833333333333334
0 0.07166666666666667 0.2525 0.0025 0.01
4 0.0575 0.25583333333333336 0.0025 0.011666666666666667
4 0.16166666666666665 0.25666666666666665 0.0025 0.013333333333333334
4 0.14916666666666667 0.24916666666666668 0.0025 0.011666666666666667
4 0.0925 0.2633333333333333 0.0033333333333333335 0.014166666666666666
4 0.16833333333333333 0.2325 0.0016666666666666668 0.008333333333333333
0 0.18916666666666668 0.23666666666666666 0.0025 0.0075
0 0.09083333333333334 0.24166666666666667 0.0025 0.010833333333333334
4 0.17916666666666667 0.2475 0.0025 0.010833333333333334
0 0.12083333333333333 0.25166666666666665 0.0025 0.01
0 0.5708333333333333 0.22333333333333333 0.0025 0.01
0 0.6066666666666667 0.21833333333333332 0.0016666666666666668 0.008333333333333333
4 0.06583333333333333 0.24 0.0016666666666666668 0.0075
4 0.1075 0.23666666666666666 0.0016666666666666668 0.006666666666666667
0 0.15916666666666668 0.23833333333333334 0.0016666666666666668 0.006666666666666667
0 0.06333333333333334 0.2425 0.0016666666666666668 0.008333333333333333
0 0.6025 0.21833333333333332 0.0016666666666666668 0.0075
0 0.59 0.21916666666666668 0.0016666666666666668 0.01
2 0.1475 0.24916666666666668 0.0016666666666666668 0.008333333333333333
0 0.13083333333333333 0.23833333333333334 0.0025 0.008333333333333333
4 0.13333333333333333 0.23416666666666666 0.0025 0.01
0 0.18 0.24583333333333332 0.0025 0.010833333333333334
1 0.7633333333333333 0.22083333333333333 0.004166666666666667 0.018333333333333333
1 0.75 0.21916666666666668 0.0033333333333333335 0.020833333333333332