0 0.8508333333333333 0.29583333333333334 0.015833333333333335 0.0575
0 0.7508333333333334 0.36 0.0225 0.08166666666666667
0 0.5425 0.5008333333333334 0.03833333333333333 0.13833333333333334
0 0.9383333333333334 0.26166666666666666 0.0125 0.04666666666666667
4 0.6316666666666667 0.16583333333333333 0.0033333333333333335 0.014166666666666666
0 0.5025 0.17583333333333334 0.0033333333333333335 0.015
4 0.6825 0.1625 0.0033333333333333335 0.014166666666666666
0 0.67 0.17083333333333334 0.004166666666666667 0.0175
0 0.5966666666666667 0.17583333333333334 0.004166666666666667 0.016666666666666666
0 0.4633333333333333 0.17916666666666667 0.0025 0.011666666666666667
0 0.4675 0.17833333333333334 0.0025 0.010833333333333334
0 0.5083333333333333 0.17166666666666666 0.0025 0.010833333333333334
4 0.5816666666666667 0.16666666666666666 0.004166666666666667 0.014166666666666666
0 0.7733333333333333 0.15916666666666668 0.004166666666666667 0.014166666666666666
0 0.7325 0.165 0.004166666666666667 0.016666666666666666
4 0.7225 0.15833333333333333 0.0033333333333333335 0.013333333333333334
0 0.47583333333333333 0.17583333333333334 0.0025 0.013333333333333334
0 0.8175 0.15666666666666668 0.0033333333333333335 0.008333333333333333
0 0.5433333333333333 0.17666666666666667 0.0033333333333333335 0.016666666666666666
0 0.4841666666666667 0.17583333333333334 0.0025 0.010833333333333334