0 0.26 0.49166666666666664 0.0225 0.08583333333333333
4 0.5641666666666667 0.44916666666666666 0.016666666666666666 0.058333333333333334
4 0.9108333333333334 0.4891666666666667 0.020833333333333332 0.07166666666666667
4 0.6441666666666667 0.4025 0.008333333333333333 0.035
4 0.7083333333333334 0.3983333333333333 0.008333333333333333 0.03333333333333333
0 0.075 0.7483333333333333 0.051666666666666666 0.19916666666666666
0 0.6916666666666667 0.37916666666666665 0.006666666666666667 0.025
0 0.5325 0.38416666666666666 0.0075 0.03166666666666667
0 0.915 0.4008333333333333 0.006666666666666667 0.025833333333333333
0 0.6175 0.38083333333333336 0.006666666666666667 0.025833333333333333
0 0.79 0.3858333333333333 0.005 0.024166666666666666
4 0.5883333333333334 0.4166666666666667 0.010833333333333334 0.04416666666666667
0 0.43833333333333335 0.3958333333333333 0.01 0.03833333333333333
4 0.7658333333333334 0.39416666666666667 0.008333333333333333 0.028333333333333332
2 0.07833333333333334 0.3491666666666667 0.006666666666666667 0.029166666666666667
0 0.3441666666666667 0.4241666666666667 0.014166666666666666 0.0525
4 0.8775 0.4058333333333333 0.0075 0.0325
4 0.9058333333333334 0.45 0.0125 0.0525
2 0.22333333333333333 0.3425 0.005 0.021666666666666667
2 0.15 0.3441666666666667 0.005833333333333334 0.0275
4 0.5908333333333333 0.5166666666666667 0.024166666666666666 0.09
4 0.77 0.7183333333333334 0.055 0.19