0 0.2783333333333333 0.36666666666666664 0.014166666666666666 0.05583333333333333
0 0.3933333333333333 0.4 0.021666666666666667 0.07583333333333334
0 0.5508333333333333 0.5133333333333333 0.034166666666666665 0.13916666666666666
0 0.29333333333333333 0.2966666666666667 0.0075 0.028333333333333332
4 0.8041666666666667 0.35833333333333334 0.0175 0.06833333333333333
0 0.24916666666666668 0.3225 0.009166666666666667 0.035
0 0.1925 0.29583333333333334 0.005 0.024166666666666666
0 0.25083333333333335 0.29333333333333333 0.004166666666666667 0.025
0 0.06583333333333333 0.3 0.006666666666666667 0.024166666666666666
4 0.7675 0.24916666666666668 0.006666666666666667 0.025
0 0.24166666666666667 0.3425 0.01 0.043333333333333335
4 0.545 0.325 0.0125 0.0475
0 0.13583333333333333 0.29583333333333334 0.005833333333333334 0.0225
0 0.7558333333333334 0.24166666666666667 0.005 0.021666666666666667
4 0.07916666666666666 0.2916666666666667 0.005 0.021666666666666667
0 0.48583333333333334 0.25333333333333335 0.004166666666666667 0.0175
4 0.3408333333333333 0.28 0.006666666666666667 0.0225
4 0.265 0.28 0.004166666666666667 0.020833333333333332
0 0.5458333333333333 0.24833333333333332 0.004166666666666667 0.018333333333333333
0 0.43166666666666664 0.25583333333333336 0.0025 0.013333333333333334
0 0.6816666666666666 0.24416666666666667 0.004166666666666667 0.018333333333333333
4 0.08666666666666667 0.2808333333333333 0.0025 0.013333333333333334
4 0.9483333333333334 0.24583333333333332 0.005833333333333334 0.030833333333333334
4 0.625 0.25416666666666665 0.005 0.021666666666666667
0 0.6016666666666667 0.2475 0.004166666666666667 0.018333333333333333
4 0.40166666666666667 0.26416666666666666 0.004166666666666667 0.0175
4 0.455 0.26166666666666666 0.0033333333333333335 0.015
4 0.4241666666666667 0.31583333333333335 0.010833333333333334 0.04
4 0.5041666666666667 0.25916666666666666 0.005 0.020833333333333332
4 0.40166666666666667 0.2975 0.008333333333333333 0.03333333333333333
4 0.18083333333333335 0.2733333333333333 0.0033333333333333335 0.014166666666666666
0 0.8516666666666667 0.23666666666666666 0.005833333333333334 0.024166666666666666
4 0.14416666666666667 0.2758333333333333 0.0033333333333333335 0.014166666666666666
4 0.28833333333333333 0.2658333333333333 0.0033333333333333335 0.016666666666666666
4 0.2475 0.27 0.004166666666666667 0.016666666666666666
4 0.5558333333333333 0.25583333333333336 0.004166666666666667 0.019166666666666665
4 0.8466666666666667 0.24583333333333332 0.006666666666666667 0.028333333333333332
4 0.17833333333333334 0.2833333333333333 0.005 0.019166666666666665
0 0.3875 0.25833333333333336 0.0033333333333333335 0.013333333333333334
0 0.10666666666666667 0.275 0.0025 0.013333333333333334
0 0.06916666666666667 0.2791666666666667 0.0033333333333333335 0.011666666666666667
4 0.3475 0.26166666666666666 0.0033333333333333335 0.015
4 0.6983333333333334 0.25166666666666665 0.005833333333333334 0.0225
0 0.3325 0.26 0.0033333333333333335 0.013333333333333334
0 0.2841666666666667 0.2633333333333333 0.0033333333333333335 0.013333333333333334
4 0.21833333333333332 0.2725 0.0025 0.014166666666666666
0 0.21583333333333332 0.265 0.0025 0.013333333333333334
4 0.4058333333333333 0.2833333333333333 0.006666666666666667 0.0275
0 0.1525 0.2708333333333333 0.0025 0.010833333333333334