0 0.08166666666666667 0.21583333333333332 0.006666666666666667 0.025
0 0.285 0.2325 0.005833333333333334 0.024166666666666666
4 0.5766666666666667 0.275 0.005833333333333334 0.025833333333333333
4 0.2683333333333333 0.24166666666666667 0.006666666666666667 0.028333333333333332
4 0.12 0.22916666666666666 0.008333333333333333 0.030833333333333334
0 0.37333333333333335 0.24416666666666667 0.005833333333333334 0.024166666666666666
0 0.46416666666666667 0.25583333333333336 0.005 0.024166666666666666
0 0.5025 0.25833333333333336 0.005 0.0225
4 0.6125 0.2758333333333333 0.005 0.021666666666666667
4 0.22833333333333333 0.5133333333333333 0.04416666666666667 0.15
0 0.54 0.25833333333333336 0.004166666666666667 0.020833333333333332
0 0.5275 0.25916666666666666 0.004166666666666667 0.020833333333333332
4 0.7941666666666667 0.285 0.0033333333333333335 0.015
4 0.9316666666666666 0.31166666666666665 0.0033333333333333335 0.0175
4 0.635 0.25833333333333336 0.0025 0.015
4 0.6658333333333334 0.26166666666666666 0.0025 0.013333333333333334
4 0.35333333333333333 0.2525 0.006666666666666667 0.028333333333333332
0 0.8675 0.29583333333333334 0.004166666666666667 0.016666666666666666
0 0.5358333333333334 0.24583333333333332 0.0025 0.015
0 0.42583333333333334 0.25083333333333335 0.0033333333333333335 0.024166666666666666
4 0.4891666666666667 0.2683333333333333 0.005833333333333334 0.028333333333333332
4 0.6133333333333333 0.25666666666666665 0.0033333333333333335 0.015
4 0.6216666666666667 0.2708333333333333 0.004166666666666667 0.020833333333333332
4 0.77 0.2791666666666667 0.0025 0.015
4 0.6 0.25833333333333336 0.0033333333333333335 0.0175
0 0.18666666666666668 0.22333333333333333 0.006666666666666667 0.025
0 0.9258333333333333 0.30666666666666664 0.004166666666666667 0.0175
4 0.6991666666666667 0.26666666666666666 0.0025 0.014166666666666666
4 0.8758333333333334 0.3025 0.0033333333333333335 0.0175
0 0.5591666666666667 0.24583333333333332 0.0025 0.014166666666666666
0 0.7891666666666667 0.2808333333333333 0.0025 0.013333333333333334
0 0.5308333333333334 0.25 0.0033333333333333335 0.0175
4 0.4225 0.2608333333333333 0.005833333333333334 0.028333333333333332
4 0.835 0.2941666666666667 0.0033333333333333335 0.016666666666666666
0 0.8908333333333334 0.30083333333333334 0.004166666666666667 0.016666666666666666
4 0.6166666666666667 0.2658333333333333 0.0033333333333333335 0.018333333333333333
0 0.8391666666666666 0.29 0.004166666666666667 0.015
4 0.18166666666666667 0.23333333333333334 0.006666666666666667 0.028333333333333332
4 0.7341666666666666 0.2725 0.0025 0.015
0 0.5975 0.24916666666666668 0.0025 0.014166666666666666
0 0.64 0.25583333333333336 0.0033333333333333335 0.015
0 0.6875 0.2625 0.0033333333333333335 0.014166666666666666
0 0.7366666666666667 0.27 0.0033333333333333335 0.014166666666666666