0 0.74 0.35833333333333334 0.0225 0.085
0 0.8108333333333333 0.2791666666666667 0.013333333333333334 0.05333333333333334
0 0.8725 0.20916666666666667 0.006666666666666667 0.025
0 0.8416666666666667 0.24333333333333335 0.009166666666666667 0.03833333333333333
0 0.88 0.2 0.005 0.021666666666666667
0 0.8608333333333333 0.22166666666666668 0.0075 0.030833333333333334
0 0.4925 0.635 0.0575 0.20833333333333334
2 0.21166666666666667 0.47583333333333333 0.03166666666666667 0.11666666666666667
0 0.8866666666666667 0.1925 0.005 0.019166666666666665
0 0.8908333333333334 0.18833333333333332 0.004166666666666667 0.016666666666666666
1 0.895 0.18083333333333335 0.005 0.024166666666666666