0 0.25666666666666665 0.325 0.010833333333333334 0.05
0 0.37333333333333335 0.31083333333333335 0.009166666666666667 0.03916666666666667
4 0.39 0.39666666666666667 0.019166666666666665 0.07166666666666667
0 0.09083333333333334 0.3566666666666667 0.021666666666666667 0.07166666666666667
0 0.9066666666666666 0.3566666666666667 0.005833333333333334 0.0225
1 0.8458333333333333 0.3383333333333333 0.006666666666666667 0.028333333333333332
4 0.37916666666666665 0.515 0.03333333333333333 0.12833333333333333
0 0.4091666666666667 0.2758333333333333 0.005833333333333334 0.025833333333333333
4 0.4925 0.3566666666666667 0.010833333333333334 0.050833333333333335
0 0.41583333333333333 0.29583333333333334 0.0075 0.03166666666666667
0 0.0875 0.1975 0.005833333333333334 0.021666666666666667
1 0.7766666666666666 0.3225 0.006666666666666667 0.0325
4 0.54 0.30416666666666664 0.006666666666666667 0.029166666666666667
4 0.13333333333333333 0.19833333333333333 0.005 0.018333333333333333
0 0.165 0.21083333333333334 0.005 0.021666666666666667
4 0.8625 0.355 0.005 0.0225
4 0.49333333333333335 0.2808333333333333 0.004166666666666667 0.0225
4 0.060833333333333336 0.18333333333333332 0.004166666666666667 0.019166666666666665
1 0.7991666666666667 0.3308333333333333 0.006666666666666667 0.03166666666666667
0 0.37416666666666665 0.25666666666666665 0.004166666666666667 0.021666666666666667
0 0.3225 0.23666666666666666 0.005 0.019166666666666665
0 0.7541666666666667 0.31916666666666665 0.004166666666666667 0.016666666666666666
4 0.6666666666666666 0.2975 0.004166666666666667 0.016666666666666666
0 0.24583333333333332 0.22416666666666665 0.005 0.019166666666666665
4 0.7458333333333333 0.32 0.004166666666666667 0.018333333333333333
4 0.2991666666666667 0.22833333333333333 0.0033333333333333335 0.015
4 0.7033333333333334 0.30666666666666664 0.004166666666666667 0.018333333333333333
4 0.4325 0.25833333333333336 0.005 0.020833333333333332
1 0.8233333333333334 0.3308333333333333 0.006666666666666667 0.029166666666666667
4 0.6066666666666667 0.2791666666666667 0.0033333333333333335 0.015
0 0.72 0.31 0.0033333333333333335 0.015
4 0.5416666666666666 0.3283333333333333 0.009166666666666667 0.03666666666666667
0 0.6791666666666667 0.29583333333333334 0.0033333333333333335 0.015
4 0.37583333333333335 0.24166666666666667 0.0025 0.018333333333333333
4 0.14083333333333334 0.18666666666666668 0.0025 0.011666666666666667
0 0.1025 0.17666666666666667 0.0033333333333333335 0.011666666666666667
0 0.8325 0.3383333333333333 0.005 0.020833333333333332
4 0.30916666666666665 0.21333333333333335 0.0033333333333333335 0.010833333333333334
4 0.085 0.1775 0.0025 0.013333333333333334
4 0.20666666666666667 0.21083333333333334 0.004166666666666667 0.0175
4 0.7891666666666667 0.33166666666666667 0.005 0.020833333333333332
4 0.635 0.2866666666666667 0.0033333333333333335 0.0175
4 0.22416666666666665 0.19833333333333333 0.0025 0.011666666666666667
4 0.2683333333333333 0.20583333333333334 0.0033333333333333335 0.010833333333333334
4 0.4925 0.24833333333333332 0.0025 0.014166666666666666
4 0.3541666666666667 0.22083333333333333 0.0025 0.010833333333333334
0 0.6366666666666667 0.2833333333333333 0.0025 0.013333333333333334
4 0.5758333333333333 0.2708333333333333 0.0025 0.013333333333333334
4 0.18333333333333332 0.1925 0.0033333333333333335 0.013333333333333334
4 0.39166666666666666 0.2275 0.0025 0.011666666666666667
0 0.25833333333333336 0.2025 0.0033333333333333335 0.013333333333333334
0 0.5941666666666666 0.2708333333333333 0.0025 0.013333333333333334
0 0.5483333333333333 0.25833333333333336 0.0016666666666666668 0.010833333333333334
4 0.5333333333333333 0.25916666666666666 0.0025 0.011666666666666667
4 0.44583333333333336 0.23833333333333334 0.0016666666666666668 0.011666666666666667
0 0.15583333333333332 0.185 0.0016666666666666668 0.01
0 0.31333333333333335 0.2125 0.0016666666666666668 0.01
0 0.36083333333333334 0.22166666666666668 0.0016666666666666668 0.008333333333333333
0 0.41083333333333333 0.23166666666666666 0.0016666666666666668 0.01
0 0.46416666666666667 0.24166666666666667 0.0016666666666666668 0.01
0 0.5083333333333333 0.25083333333333335 0.0025 0.010833333333333334