4 0.5175 0.475 0.021666666666666667 0.08083333333333333
0 0.22333333333333333 0.405 0.010833333333333334 0.0425
0 0.22833333333333333 0.7491666666666666 0.05333333333333334 0.19583333333333333
0 0.18583333333333332 0.43583333333333335 0.011666666666666667 0.058333333333333334
0 0.8933333333333333 0.3525 0.008333333333333333 0.030833333333333334
4 0.75 0.5966666666666667 0.041666666666666664 0.14333333333333334
0 0.1775 0.5033333333333333 0.023333333333333334 0.08916666666666667
4 0.9025 0.38166666666666665 0.013333333333333334 0.04583333333333333
4 0.41583333333333333 0.3883333333333333 0.009166666666666667 0.03833333333333333
4 0.63 0.3458333333333333 0.005833333333333334 0.0225
0 0.3983333333333333 0.3516666666666667 0.005833333333333334 0.0225
0 0.3566666666666667 0.3625 0.006666666666666667 0.0275
4 0.415 0.4191666666666667 0.013333333333333334 0.0525
4 0.455 0.36666666666666664 0.006666666666666667 0.029166666666666667
4 0.78 0.3625 0.009166666666666667 0.03333333333333333
4 0.5833333333333334 0.33666666666666667 0.004166666666666667 0.018333333333333333
4 0.6383333333333333 0.32416666666666666 0.004166666666666667 0.014166666666666666
4 0.6958333333333333 0.35333333333333333 0.0075 0.028333333333333332
0 0.3016666666666667 0.37833333333333335 0.0075 0.0325
0 0.4658333333333333 0.3333333333333333 0.004166666666666667 0.016666666666666666
0 0.4275 0.3441666666666667 0.005 0.019166666666666665
0 0.7 0.3408333333333333 0.004166666666666667 0.0225
0 0.6625 0.3358333333333333 0.004166666666666667 0.019166666666666665
4 0.5025 0.3441666666666667 0.005 0.020833333333333332
4 0.6091666666666666 0.32916666666666666 0.004166666666666667 0.016666666666666666
4 0.4816666666666667 0.355 0.0075 0.0275
0 0.7025 0.3225 0.0025 0.014166666666666666
4 0.5916666666666667 0.3408333333333333 0.005 0.020833333333333332
0 0.6716666666666666 0.3275 0.004166666666666667 0.016666666666666666
4 0.5175 0.33666666666666667 0.004166666666666667 0.0175
0 0.7766666666666666 0.345 0.005 0.025
0 0.48 0.32916666666666666 0.0033333333333333335 0.014166666666666666
0 0.4475 0.3383333333333333 0.0033333333333333335 0.0175
4 0.5858333333333333 0.3333333333333333 0.0033333333333333335 0.0175
0 0.6591666666666667 0.3308333333333333 0.0033333333333333335 0.018333333333333333