4 0.7866666666666666 0.535 0.025 0.08833333333333333
0 0.465 0.5425 0.025833333333333333 0.10416666666666667
4 0.69 0.4525 0.015 0.05583333333333333
4 0.8891666666666667 0.4266666666666667 0.010833333333333334 0.03833333333333333
4 0.6366666666666667 0.4216666666666667 0.011666666666666667 0.043333333333333335
0 0.4533333333333333 0.37916666666666665 0.005833333333333334 0.0275
0 0.5541666666666667 0.3725 0.005833333333333334 0.024166666666666666
0 0.6066666666666667 0.37416666666666665 0.005833333333333334 0.021666666666666667
4 0.945 0.4508333333333333 0.013333333333333334 0.049166666666666664
0 0.47 0.4141666666666667 0.01 0.043333333333333335
4 0.7025 0.38916666666666666 0.005833333333333334 0.025833333333333333
4 0.9366666666666666 0.76 0.028333333333333332 0.17416666666666666
4 0.8316666666666667 0.405 0.008333333333333333 0.03166666666666667
0 0.9083333333333333 0.4033333333333333 0.008333333333333333 0.028333333333333332
0 0.8391666666666666 0.39 0.005833333333333334 0.024166666666666666
0 0.5008333333333334 0.375 0.005833333333333334 0.024166666666666666
0 0.4583333333333333 0.3958333333333333 0.008333333333333333 0.035833333333333335
0 0.47833333333333333 0.455 0.014166666666666666 0.06
4 0.5783333333333334 0.3858333333333333 0.006666666666666667 0.028333333333333332
4 0.77 0.39666666666666667 0.006666666666666667 0.025833333333333333
0 0.6641666666666667 0.37666666666666665 0.005 0.020833333333333332
4 0.5925 0.40166666666666667 0.008333333333333333 0.03166666666666667
4 0.6341666666666667 0.38333333333333336 0.006666666666666667 0.0225
2 0.7316666666666667 0.3616666666666667 0.0033333333333333335 0.014166666666666666
2 0.685 0.35833333333333334 0.0033333333333333335 0.013333333333333334
2 0.4608333333333333 0.3458333333333333 0.0033333333333333335 0.014166666666666666
2 0.48333333333333334 0.3475 0.004166666666666667 0.014166666666666666
0 0.7333333333333333 0.38166666666666665 0.005833333333333334 0.021666666666666667
2 0.755 0.36333333333333334 0.004166666666666667 0.015
2 0.7083333333333334 0.3591666666666667 0.004166666666666667 0.014166666666666666
2 0.5266666666666666 0.34833333333333333 0.0033333333333333335 0.011666666666666667
2 0.43166666666666664 0.3458333333333333 0.0033333333333333335 0.014166666666666666
2 0.5033333333333333 0.3475 0.0033333333333333335 0.013333333333333334