0 0.42083333333333334 0.5575 0.005 0.01
0 0.43 0.5575 0.005 0.011666666666666667
0 0.4241666666666667 0.5608333333333333 0.006666666666666667 0.0125
0 0.41833333333333333 0.5658333333333333 0.0075 0.013333333333333334
0 0.4091666666666667 0.5716666666666667 0.009166666666666667 0.018333333333333333
0 0.39666666666666667 0.58 0.010833333333333334 0.021666666666666667
0 0.37916666666666665 0.5933333333333334 0.015833333333333335 0.02666666666666667
0 0.3466666666666667 0.6158333333333333 0.0225 0.03666666666666667
0 0.26666666666666666 0.6691666666666667 0.035833333333333335 0.06166666666666667
0 0.07833333333333334 0.575 0.0075 0.015833333333333335
0 0.09 0.5791666666666667 0.009166666666666667 0.0175
0 0.08583333333333333 0.5941666666666666 0.015833333333333335 0.025
0 0.12166666666666667 0.5716666666666667 0.0075 0.013333333333333334
0 0.125 0.5841666666666666 0.010833333333333334 0.02
0 0.21583333333333332 0.5658333333333333 0.006666666666666667 0.0125
0 0.3 0.56 0.005833333333333334 0.010833333333333334
0 0.37083333333333335 0.5575 0.005833333333333334 0.011666666666666667
0 0.39666666666666667 0.5575 0.005 0.01
4 0.6141666666666666 0.615 0.024166666666666666 0.0375
4 0.5783333333333334 0.5916666666666667 0.018333333333333333 0.0275
4 0.5483333333333333 0.5791666666666667 0.013333333333333334 0.02
4 0.535 0.57 0.01 0.015833333333333335
4 0.5283333333333333 0.5641666666666667 0.0075 0.014166666666666666
4 0.5225 0.5608333333333333 0.006666666666666667 0.011666666666666667
4 0.5166666666666667 0.5575 0.005833333333333334 0.01
4 0.5058333333333334 0.555 0.005 0.010833333333333334
4 0.47333333333333333 0.555 0.005 0.008333333333333333
4 0.44416666666666665 0.5541666666666667 0.005 0.009166666666666667
4 0.08666666666666667 0.57 0.005833333333333334 0.0125
4 0.17916666666666667 0.5658333333333333 0.005 0.010833333333333334
4 0.2608333333333333 0.5616666666666666 0.005 0.011666666666666667
4 0.33 0.5575 0.005 0.009166666666666667
4 0.3625 0.555 0.005 0.009166666666666667
4 0.40166666666666667 0.555 0.005 0.009166666666666667
4 0.705 0.6683333333333333 0.041666666666666664 0.06166666666666667