2 0.5483333333333333 0.7866666666666666 0.02666666666666667 0.1225
2 0.27 0.4508333333333333 0.03 0.11416666666666667
2 0.12833333333333333 0.2275 0.005 0.024166666666666666
2 0.12333333333333334 0.21833333333333332 0.004166666666666667 0.020833333333333332
2 0.11833333333333333 0.21083333333333334 0.0033333333333333335 0.0175
2 0.11416666666666667 0.20583333333333334 0.0033333333333333335 0.015
2 0.095 0.2025 0.0033333333333333335 0.016666666666666666
2 0.07333333333333333 0.20083333333333334 0.0033333333333333335 0.016666666666666666
2 0.050833333333333335 0.1975 0.004166666666666667 0.0175
0 0.20833333333333334 0.3491666666666667 0.02 0.0725
0 0.4975 0.3925 0.0175 0.07416666666666667
0 0.7283333333333334 0.3925 0.015 0.058333333333333334
0 0.7925 0.36916666666666664 0.010833333333333334 0.043333333333333335
0 0.7716666666666666 0.3433333333333333 0.008333333333333333 0.03333333333333333
0 0.715 0.31833333333333336 0.005833333333333334 0.0275
0 0.6433333333333333 0.2975 0.005 0.0225
0 0.565 0.28 0.004166666666666667 0.020833333333333332
0 0.48083333333333333 0.265 0.004166666666666667 0.019166666666666665
0 0.39166666666666666 0.2525 0.004166666666666667 0.019166666666666665
0 0.3 0.24166666666666667 0.005 0.020833333333333332
0 0.21333333333333335 0.235 0.005 0.0225
0 0.13333333333333333 0.23333333333333334 0.006666666666666667 0.025833333333333333
4 0.2975 0.31333333333333335 0.013333333333333334 0.0525
4 0.4558333333333333 0.33666666666666667 0.0125 0.0525
4 0.5875 0.3433333333333333 0.010833333333333334 0.04666666666666667
4 0.6491666666666667 0.33666666666666667 0.009166666666666667 0.04
4 0.6591666666666667 0.3225 0.006666666666666667 0.0325
4 0.6325 0.30833333333333335 0.005833333333333334 0.029166666666666667
4 0.5866666666666667 0.29333333333333333 0.005 0.025833333333333333
4 0.5308333333333334 0.2808333333333333 0.005 0.024166666666666666
4 0.4666666666666667 0.26916666666666667 0.005 0.0225
4 0.39666666666666667 0.25833333333333336 0.005 0.021666666666666667
4 0.32666666666666666 0.25083333333333335 0.005833333333333334 0.024166666666666666
4 0.26166666666666666 0.2475 0.005833333333333334 0.025
4 0.205 0.24666666666666667 0.006666666666666667 0.028333333333333332
4 0.16416666666666666 0.2525 0.006666666666666667 0.035
4 0.19083333333333333 0.2866666666666667 0.0125 0.04666666666666667
4 0.15 0.265 0.0075 0.03916666666666667
1 0.1575 0.2575 0.011666666666666667 0.065
1 0.15 0.25083333333333335 0.008333333333333333 0.0575
3 0.0675 0.1975 0.0033333333333333335 0.013333333333333334