0 0.8783333333333333 0.37083333333333335 0.01 0.035833333333333335
0 0.29583333333333334 0.3433333333333333 0.019166666666666665 0.065
0 0.45666666666666667 0.32416666666666666 0.013333333333333334 0.0475
0 0.7291666666666666 0.3425 0.009166666666666667 0.03666666666666667
0 0.595 0.3258333333333333 0.009166666666666667 0.03916666666666667
4 0.4508333333333333 0.5016666666666667 0.0325 0.125
0 0.0625 0.44 0.0275 0.12166666666666667
4 0.585 0.36833333333333335 0.0125 0.0575
4 0.9225 0.39916666666666667 0.013333333333333334 0.04583333333333333
4 0.4975 0.3983333333333333 0.021666666666666667 0.0775
4 0.685 0.36333333333333334 0.013333333333333334 0.049166666666666664
4 0.7925 0.37416666666666665 0.0125 0.04416666666666667