0 0.3625 0.335 0.015 0.05416666666666667
0 0.4625 0.32083333333333336 0.009166666666666667 0.041666666666666664
0 0.5691666666666667 0.31 0.006666666666666667 0.028333333333333332
0 0.18416666666666667 0.36916666666666664 0.021666666666666667 0.0825
4 0.5883333333333334 0.4008333333333333 0.0175 0.0675
4 0.6375 0.36666666666666664 0.011666666666666667 0.04666666666666667
1 0.665 0.3416666666666667 0.0125 0.06166666666666667
1 0.515 0.30583333333333335 0.011666666666666667 0.058333333333333334
0 0.5866666666666667 0.30666666666666664 0.005 0.025
4 0.845 0.3275 0.0033333333333333335 0.013333333333333334
4 0.5433333333333333 0.6241666666666666 0.0425 0.1675
0 0.5533333333333333 0.28833333333333333 0.004166666666666667 0.020833333333333332
4 0.88 0.33166666666666667 0.0033333333333333335 0.014166666666666666
0 0.43416666666666665 0.26 0.0033333333333333335 0.0175
0 0.7491666666666666 0.3075 0.0025 0.013333333333333334
4 0.6183333333333333 0.2975 0.005 0.020833333333333332
4 0.86 0.3283333333333333 0.0033333333333333335 0.013333333333333334
0 0.7316666666666667 0.305 0.0025 0.014166666666666666
0 0.6533333333333333 0.2891666666666667 0.0025 0.013333333333333334
4 0.69 0.3375 0.0075 0.03166666666666667
0 0.7708333333333334 0.31166666666666665 0.0025 0.014166666666666666
0 0.4241666666666667 0.245 0.0025 0.014166666666666666
4 0.525 0.475 0.0275 0.10416666666666667
4 0.6433333333333333 0.29 0.0025 0.014166666666666666
4 0.7608333333333334 0.31333333333333335 0.0033333333333333335 0.016666666666666666
0 0.705 0.2991666666666667 0.0025 0.011666666666666667
0 0.8075 0.315 0.0025 0.013333333333333334
4 0.7008333333333333 0.33166666666666667 0.006666666666666667 0.025833333333333333
0 0.7941666666666667 0.315 0.0025 0.010833333333333334
0 0.5 0.27416666666666667 0.0033333333333333335 0.019166666666666665
0 0.675 0.2941666666666667 0.0025 0.014166666666666666
0 0.5733333333333334 0.29583333333333334 0.005 0.0225
4 0.46 0.25416666666666665 0.0033333333333333335 0.014166666666666666
4 0.43833333333333335 0.2525 0.0033333333333333335 0.015
4 0.82 0.32416666666666666 0.0033333333333333335 0.014166666666666666
4 0.4716666666666667 0.26166666666666666 0.004166666666666667 0.0175
4 0.5341666666666667 0.2758333333333333 0.004166666666666667 0.018333333333333333
0 0.6075 0.2791666666666667 0.0025 0.013333333333333334
0 0.375 0.24166666666666667 0.0033333333333333335 0.015
4 0.6558333333333334 0.30916666666666665 0.004166666666666667 0.0225
0 0.39 0.24166666666666667 0.0033333333333333335 0.015
4 0.5925 0.2775 0.0033333333333333335 0.014166666666666666
4 0.7208333333333333 0.30583333333333335 0.0033333333333333335 0.015
4 0.5608333333333333 0.2708333333333333 0.0033333333333333335 0.014166666666666666
4 0.5791666666666667 0.28583333333333333 0.004166666666666667 0.019166666666666665
0 0.895 0.33416666666666667 0.0025 0.011666666666666667
0 0.8641666666666666 0.32666666666666666 0.0025 0.011666666666666667
4 0.44916666666666666 0.25666666666666665 0.004166666666666667 0.0175
0 0.835 0.32 0.0025 0.011666666666666667
4 0.6775 0.29583333333333334 0.0033333333333333335 0.016666666666666666
4 0.525 0.265 0.0033333333333333335 0.014166666666666666
0 0.3883333333333333 0.24666666666666667 0.004166666666666667 0.019166666666666665
0 0.4683333333333333 0.2525 0.0025 0.013333333333333334
4 0.4875 0.25833333333333336 0.0033333333333333335 0.014166666666666666
0 0.93 0.3416666666666667 0.0025 0.011666666666666667
4 0.835 0.3258333333333333 0.0025 0.014166666666666666
1 0.5275 0.305 0.0075 0.05333333333333334
4 0.6875 0.32166666666666666 0.005833333333333334 0.024166666666666666
0 0.5133333333333333 0.25916666666666666 0.0025 0.011666666666666667
4 0.445 0.25166666666666665 0.0033333333333333335 0.016666666666666666
0 0.785 0.31416666666666665 0.0025 0.013333333333333334
4 0.7958333333333333 0.32 0.0033333333333333335 0.014166666666666666
0 0.5225 0.315 0.005833333333333334 0.035833333333333335
1 0.6716666666666666 0.33916666666666667 0.008333333333333333 0.060833333333333336
0 0.585 0.30083333333333334 0.004166666666666667 0.0225
0 0.7966666666666666 0.31416666666666665 0.0025 0.010833333333333334
4 0.8466666666666667 0.3258333333333333 0.0033333333333333335 0.014166666666666666
4 0.9333333333333333 0.3433333333333333 0.004166666666666667 0.014166666666666666