0 0.315 0.3525 0.011666666666666667 0.05
0 0.565 0.37416666666666665 0.006666666666666667 0.0325
0 0.13 0.37 0.025 0.075
0 0.785 0.39916666666666667 0.006666666666666667 0.025833333333333333
4 0.8183333333333334 0.43333333333333335 0.009166666666666667 0.035
4 0.6191666666666666 0.4166666666666667 0.010833333333333334 0.04666666666666667
4 0.7075 0.42083333333333334 0.009166666666666667 0.03833333333333333
0 0.6783333333333333 0.38666666666666666 0.006666666666666667 0.028333333333333332
4 0.5525 0.445 0.0175 0.0725
0 0.4475 0.36083333333333334 0.008333333333333333 0.03916666666666667
4 0.555 0.5366666666666666 0.03 0.125
0 0.9041666666666667 0.415 0.0075 0.025833333333333333
1 0.3425 0.25666666666666665 0.0033333333333333335 0.0225
1 0.34833333333333333 0.2625 0.0025 0.016666666666666666
1 0.33666666666666667 0.25916666666666666 0.0025 0.016666666666666666
1 0.3541666666666667 0.26 0.0025 0.024166666666666666
1 0.36 0.26166666666666666 0.0025 0.0225