2 0.3275 0.49916666666666665 0.03333333333333333 0.07166666666666667
2 0.4 0.42583333333333334 0.015833333333333335 0.03666666666666667
2 0.4266666666666667 0.39916666666666667 0.011666666666666667 0.025833333333333333
2 0.4425 0.38333333333333336 0.008333333333333333 0.018333333333333333
2 0.45166666666666666 0.375 0.008333333333333333 0.016666666666666666
2 0.4575 0.36833333333333335 0.006666666666666667 0.014166666666666666
2 0.46166666666666667 0.365 0.005 0.010833333333333334
2 0.46416666666666667 0.36083333333333334 0.005 0.01
2 0.4666666666666667 0.3575 0.0033333333333333335 0.009166666666666667
2 0.47 0.355 0.0033333333333333335 0.008333333333333333
2 0.515 0.35583333333333333 0.0033333333333333335 0.0075
2 0.5166666666666667 0.3575 0.0033333333333333335 0.008333333333333333
2 0.5208333333333334 0.36083333333333334 0.005 0.010833333333333334
2 0.5258333333333334 0.3641666666666667 0.005833333333333334 0.011666666666666667
2 0.5316666666666666 0.36833333333333335 0.005833333333333334 0.013333333333333334
2 0.5408333333333334 0.37583333333333335 0.006666666666666667 0.015833333333333335
2 0.5508333333333333 0.38416666666666666 0.008333333333333333 0.019166666666666665
2 0.57 0.39916666666666667 0.010833333333333334 0.0275
2 0.6066666666666667 0.425 0.016666666666666666 0.03916666666666667
2 0.7075 0.4925 0.035 0.07166666666666667
1 0.4708333333333333 0.35 0.004166666666666667 0.013333333333333334
1 0.4816666666666667 0.35 0.004166666666666667 0.013333333333333334
1 0.49083333333333334 0.35083333333333333 0.004166666666666667 0.011666666666666667
1 0.5008333333333334 0.35083333333333333 0.0033333333333333335 0.013333333333333334
1 0.5116666666666667 0.3516666666666667 0.0033333333333333335 0.01