0 0.7733333333333333 0.2683333333333333 0.015 0.05333333333333334
0 0.8541666666666666 0.30416666666666664 0.019166666666666665 0.06916666666666667
0 0.2725 0.26166666666666666 0.008333333333333333 0.035
0 0.4725 0.24166666666666667 0.008333333333333333 0.035
0 0.6775 0.2475 0.010833333333333334 0.0425
0 0.8941666666666667 0.385 0.03 0.10833333333333334
0 0.5808333333333333 0.24083333333333334 0.009166666666666667 0.03833333333333333
4 0.49666666666666665 0.22583333333333333 0.0075 0.028333333333333332
0 0.16333333333333333 0.2816666666666667 0.010833333333333334 0.04
4 0.115 0.2758333333333333 0.009166666666666667 0.035
4 0.7633333333333333 0.23083333333333333 0.010833333333333334 0.035833333333333335
4 0.6316666666666667 0.22416666666666665 0.009166666666666667 0.030833333333333334
1 0.8225 0.45916666666666667 0.06333333333333334 0.2575
4 0.915 0.25083333333333335 0.015 0.05
4 0.2525 0.25166666666666665 0.006666666666666667 0.029166666666666667
0 0.34 0.73 0.055 0.23333333333333334
1 0.715 0.5408333333333334 0.07916666666666666 0.3225
0 0.7808333333333334 0.5433333333333333 0.05333333333333334 0.1825
0 0.3616666666666667 0.24916666666666668 0.0075 0.03333333333333333