0 0.6225 0.3308333333333333 0.015 0.0575
0 0.8733333333333333 0.24833333333333332 0.008333333333333333 0.03166666666666667
0 0.7875 0.2633333333333333 0.008333333333333333 0.035833333333333335
0 0.5891666666666666 0.4275 0.025 0.09916666666666667
0 0.6891666666666667 0.2866666666666667 0.01 0.041666666666666664
4 0.89 0.31916666666666665 0.016666666666666666 0.06416666666666666
4 0.9441666666666667 0.2816666666666667 0.014166666666666666 0.050833333333333335
0 0.25166666666666665 0.29333333333333333 0.005833333333333334 0.020833333333333332
0 0.06 0.3283333333333333 0.006666666666666667 0.024166666666666666
4 0.21666666666666667 0.285 0.005 0.018333333333333333
4 0.29 0.26 0.0033333333333333335 0.015
0 0.38166666666666665 0.2475 0.0025 0.013333333333333334
0 0.345 0.265 0.004166666666666667 0.016666666666666666
0 0.36666666666666664 0.25666666666666665 0.0033333333333333335 0.015
4 0.14916666666666667 0.2975 0.006666666666666667 0.019166666666666665
4 0.0575 0.3075 0.004166666666666667 0.021666666666666667
4 0.21416666666666667 0.24166666666666667 0.0025 0.010833333333333334
0 0.31083333333333335 0.2758333333333333 0.004166666666666667 0.016666666666666666
4 0.2625 0.2708333333333333 0.004166666666666667 0.016666666666666666
4 0.06416666666666666 0.2633333333333333 0.0033333333333333335 0.013333333333333334
0 0.17166666666666666 0.31166666666666665 0.005833333333333334 0.0225
0 0.25916666666666666 0.7725 0.03 0.1475
4 0.3125 0.25083333333333335 0.0025 0.013333333333333334