4 0.25166666666666665 0.69 0.065 0.23333333333333334
2 0.21916666666666668 0.29583333333333334 0.015 0.05416666666666667
2 0.14 0.2683333333333333 0.014166666666666666 0.04416666666666667
3 0.2825 0.2633333333333333 0.01 0.0325
3 0.3858333333333333 0.2825 0.008333333333333333 0.03666666666666667
3 0.43083333333333335 0.26 0.005 0.028333333333333332
3 0.3375 0.25 0.005833333333333334 0.025833333333333333
3 0.37916666666666665 0.2375 0.004166666666666667 0.020833333333333332
3 0.31416666666666665 0.235 0.004166666666666667 0.021666666666666667
3 0.25166666666666665 0.2225 0.004166666666666667 0.019166666666666665
3 0.29833333333333334 0.2225 0.004166666666666667 0.0175
3 0.17666666666666667 0.1975 0.0033333333333333335 0.015
3 0.16916666666666666 0.2025 0.0033333333333333335 0.014166666666666666
3 0.165 0.20666666666666667 0.0033333333333333335 0.015
3 0.16166666666666665 0.21166666666666667 0.004166666666666667 0.018333333333333333
3 0.22583333333333333 0.2125 0.0033333333333333335 0.016666666666666666
3 0.060833333333333336 0.2025 0.004166666666666667 0.019166666666666665
3 0.0875 0.19916666666666666 0.004166666666666667 0.0175
3 0.0825 0.19333333333333333 0.0033333333333333335 0.015