0 0.3025 0.4725 0.025833333333333333 0.05583333333333333
0 0.4575 0.42 0.015833333333333335 0.035
0 0.5966666666666667 0.4008333333333333 0.014166666666666666 0.028333333333333332
0 0.5866666666666667 0.3625 0.0075 0.021666666666666667
0 0.7575 0.3925 0.014166666666666666 0.028333333333333332
0 0.8 0.36083333333333334 0.008333333333333333 0.02666666666666667
4 0.6875 0.48083333333333333 0.03166666666666667 0.065
4 0.7216666666666667 0.4483333333333333 0.023333333333333334 0.0525
4 0.8758333333333334 0.4325 0.02666666666666667 0.0475
4 0.8983333333333333 0.5683333333333334 0.05333333333333334 0.10916666666666666
0 0.09333333333333334 0.6008333333333333 0.03833333333333333 0.11166666666666666