4 0.3425 0.4525 0.0175 0.06
0 0.07 0.4741666666666667 0.016666666666666666 0.06166666666666667
0 0.23583333333333334 0.4125 0.01 0.035833333333333335
4 0.8275 0.4041666666666667 0.01 0.035
0 0.3275 0.3925 0.0075 0.028333333333333332
0 0.09333333333333334 0.4075 0.006666666666666667 0.025833333333333333
0 0.9275 0.38916666666666666 0.010833333333333334 0.030833333333333334
0 0.6883333333333334 0.3675 0.005833333333333334 0.019166666666666665
0 0.13916666666666666 0.39416666666666667 0.006666666666666667 0.0275
0 0.7658333333333334 0.36833333333333335 0.006666666666666667 0.021666666666666667
0 0.8566666666666667 0.37666666666666665 0.0075 0.025
0 0.4025 0.38333333333333336 0.006666666666666667 0.025
4 0.5975 0.38083333333333336 0.0075 0.025833333333333333
4 0.6191666666666666 0.6283333333333333 0.018333333333333333 0.11916666666666667
0 0.155 0.43833333333333335 0.011666666666666667 0.04416666666666667
4 0.89 0.42583333333333334 0.014166666666666666 0.04416666666666667
0 0.5483333333333333 0.37083333333333335 0.005833333333333334 0.024166666666666666
4 0.7075 0.37583333333333335 0.006666666666666667 0.025833333333333333
4 0.0675 0.39916666666666667 0.005 0.019166666666666665
4 0.7858333333333334 0.3875 0.008333333333333333 0.029166666666666667
0 0.62 0.36833333333333335 0.005833333333333334 0.019166666666666665
4 0.31916666666666665 0.42583333333333334 0.013333333333333334 0.04416666666666667
0 0.1675 0.3883333333333333 0.005 0.019166666666666665
4 0.37916666666666665 0.405 0.009166666666666667 0.035833333333333335
0 0.058333333333333334 0.5383333333333333 0.018333333333333333 0.09333333333333334
0 0.08416666666666667 0.3858333333333333 0.005 0.0175
2 0.9491666666666667 0.3458333333333333 0.004166666666666667 0.016666666666666666
4 0.43416666666666665 0.5191666666666667 0.02666666666666667 0.09
4 0.4816666666666667 0.38916666666666666 0.006666666666666667 0.030833333333333334
2 0.2941666666666667 0.36 0.004166666666666667 0.010833333333333334
2 0.1675 0.365 0.0033333333333333335 0.01
2 0.14083333333333334 0.36833333333333335 0.004166666666666667 0.011666666666666667
2 0.11833333333333333 0.36916666666666664 0.0025 0.011666666666666667
2 0.12166666666666667 0.36333333333333334 0.0033333333333333335 0.01
2 0.09166666666666666 0.37083333333333335 0.0025 0.011666666666666667
2 0.08916666666666667 0.37 0.0025 0.011666666666666667
2 0.06166666666666667 0.37416666666666665 0.0033333333333333335 0.013333333333333334
2 0.059166666666666666 0.3725 0.0025 0.014166666666666666
2 0.11583333333333333 0.36833333333333335 0.0025 0.011666666666666667