0 0.27416666666666667 0.3225 0.015 0.05416666666666667
0 0.4225 0.2791666666666667 0.006666666666666667 0.025833333333333333
0 0.09666666666666666 0.3616666666666667 0.021666666666666667 0.08166666666666667
0 0.41083333333333333 0.2725 0.006666666666666667 0.025
0 0.40166666666666667 0.31166666666666665 0.01 0.041666666666666664
0 0.42583333333333334 0.30583333333333335 0.008333333333333333 0.035833333333333335
4 0.535 0.2925 0.005 0.025833333333333333
4 0.4583333333333333 0.43166666666666664 0.020833333333333332 0.08916666666666667
4 0.5691666666666667 0.3075 0.006666666666666667 0.028333333333333332
4 0.495 0.38166666666666665 0.015833333333333335 0.06333333333333334
4 0.5866666666666667 0.35583333333333333 0.0125 0.04583333333333333
4 0.6041666666666666 0.34 0.01 0.03916666666666667
4 0.5916666666666667 0.3225 0.008333333333333333 0.0325
0 0.43916666666666665 0.2966666666666667 0.0075 0.0325
0 0.36666666666666664 0.2608333333333333 0.005833333333333334 0.021666666666666667
0 0.43333333333333335 0.2866666666666667 0.006666666666666667 0.029166666666666667
4 0.48833333333333334 0.5775 0.035 0.14583333333333334
0 0.39166666666666666 0.2658333333333333 0.005 0.0225
4 0.4708333333333333 0.2733333333333333 0.004166666666666667 0.020833333333333332
0 0.33 0.25083333333333335 0.005 0.021666666666666667
4 0.5066666666666667 0.2825 0.005 0.024166666666666666
0 0.2791666666666667 0.23916666666666667 0.004166666666666667 0.019166666666666665
0 0.2683333333333333 0.2325 0.004166666666666667 0.0175
0 0.2941666666666667 0.23333333333333334 0.004166666666666667 0.0175
0 0.33 0.2375 0.004166666666666667 0.016666666666666666
0 0.3616666666666667 0.24 0.0033333333333333335 0.015
0 0.9158333333333334 0.3308333333333333 0.0025 0.010833333333333334
0 0.8708333333333333 0.31916666666666665 0.0025 0.010833333333333334
0 0.8283333333333334 0.31166666666666665 0.0025 0.01
0 0.7916666666666666 0.305 0.0025 0.01
0 0.7616666666666667 0.3 0.0025 0.010833333333333334
0 0.7391666666666666 0.2975 0.0025 0.011666666666666667
0 0.7241666666666666 0.295 0.0025 0.011666666666666667
0 0.7058333333333333 0.2916666666666667 0.0025 0.010833333333333334
0 0.685 0.2866666666666667 0.0025 0.010833333333333334
0 0.6633333333333333 0.2833333333333333 0.0025 0.01
0 0.6475 0.2808333333333333 0.0025 0.010833333333333334
0 0.6308333333333334 0.27666666666666667 0.0025 0.01
0 0.6041666666666666 0.27 0.0025 0.01
0 0.5708333333333333 0.26416666666666666 0.0025 0.010833333333333334
0 0.5366666666666666 0.25666666666666665 0.0025 0.01
0 0.49916666666666665 0.25083333333333335 0.0025 0.01
0 0.4633333333333333 0.24416666666666667 0.0025 0.01
0 0.43083333333333335 0.23916666666666667 0.0016666666666666668 0.008333333333333333
0 0.4025 0.23666666666666666 0.0025 0.01
0 0.37166666666666665 0.23416666666666666 0.0025 0.01
0 0.37583333333333335 0.24166666666666667 0.0025 0.013333333333333334
0 0.38166666666666665 0.23833333333333334 0.0025 0.011666666666666667
0 0.38416666666666666 0.235 0.0025 0.010833333333333334
0 0.385 0.24166666666666667 0.0025 0.011666666666666667
0 0.3875 0.24 0.0025 0.013333333333333334
4 0.9375 0.33666666666666667 0.0025 0.011666666666666667
4 0.9066666666666666 0.33 0.0025 0.011666666666666667
4 0.8758333333333334 0.3225 0.0025 0.010833333333333334
4 0.8466666666666667 0.3175 0.0025 0.010833333333333334
4 0.8216666666666667 0.31333333333333335 0.0025 0.010833333333333334
4 0.8016666666666666 0.31 0.0025 0.010833333333333334
4 0.7791666666666667 0.30666666666666664 0.0025 0.010833333333333334
4 0.7541666666666667 0.3025 0.0025 0.010833333333333334
4 0.7233333333333334 0.2975 0.0033333333333333335 0.011666666666666667
4 0.6866666666666666 0.29 0.0025 0.013333333333333334
4 0.64 0.2808333333333333 0.0025 0.011666666666666667
4 0.6175 0.2758333333333333 0.0025 0.011666666666666667
4 0.5991666666666666 0.2708333333333333 0.0025 0.011666666666666667
4 0.5766666666666667 0.26666666666666666 0.0025 0.010833333333333334
4 0.5525 0.2608333333333333 0.0025 0.010833333333333334
4 0.5333333333333333 0.2575 0.0025 0.010833333333333334
4 0.5016666666666667 0.2525 0.0025 0.010833333333333334
4 0.4775 0.2475 0.0025 0.010833333333333334
4 0.45666666666666667 0.24416666666666667 0.0025 0.010833333333333334
4 0.43833333333333335 0.24333333333333335 0.0025 0.011666666666666667
4 0.36 0.2475 0.004166666666666667 0.018333333333333333
4 0.36833333333333335 0.24666666666666667 0.004166666666666667 0.0175
4 0.39166666666666666 0.255 0.004166666666666667 0.018333333333333333
4 0.41333333333333333 0.25083333333333335 0.004166666666666667 0.0175
4 0.43916666666666665 0.265 0.004166666666666667 0.019166666666666665
4 0.4425 0.24916666666666668 0.0025 0.013333333333333334
4 0.44416666666666665 0.25083333333333335 0.0025 0.013333333333333334
4 0.42333333333333334 0.24333333333333335 0.0025 0.011666666666666667
4 0.4266666666666667 0.2425 0.0025 0.010833333333333334
4 0.43083333333333335 0.25333333333333335 0.0033333333333333335 0.013333333333333334
4 0.43 0.24583333333333332 0.0025 0.010833333333333334