0 0.4225 0.355 0.015833333333333335 0.06833333333333333
0 0.3675 0.27416666666666667 0.006666666666666667 0.029166666666666667
0 0.45416666666666666 0.3883333333333333 0.02 0.085
4 0.9166666666666666 0.3958333333333333 0.03 0.10833333333333334
0 0.33 0.32416666666666666 0.011666666666666667 0.049166666666666664
4 0.6325 0.2966666666666667 0.0125 0.05416666666666667
0 0.44166666666666665 0.255 0.005833333333333334 0.0275
4 0.7558333333333334 0.32416666666666666 0.0175 0.07083333333333333
0 0.9366666666666666 0.20833333333333334 0.0075 0.029166666666666667
0 0.82 0.21333333333333335 0.006666666666666667 0.025833333333333333
0 0.6225 0.2275 0.006666666666666667 0.025
4 0.4866666666666667 0.26416666666666666 0.0075 0.03666666666666667
0 0.4558333333333333 0.4716666666666667 0.0275 0.12166666666666667
0 0.7166666666666667 0.21833333333333332 0.006666666666666667 0.024166666666666666
4 0.5691666666666667 0.24583333333333332 0.0075 0.029166666666666667
4 0.475 0.2775 0.01 0.03666666666666667
4 0.805 0.225 0.0075 0.030833333333333334
0 0.31916666666666665 0.29833333333333334 0.008333333333333333 0.03833333333333333
0 0.5291666666666667 0.24 0.006666666666666667 0.024166666666666666
0 0.39416666666666667 0.64 0.04583333333333333 0.19666666666666666
4 0.8866666666666667 0.2225 0.01 0.03333333333333333
4 0.5 0.285 0.01 0.041666666666666664
4 0.635 0.23833333333333334 0.008333333333333333 0.029166666666666667
4 0.72 0.23166666666666666 0.0075 0.028333333333333332
4 0.5241666666666667 0.25333333333333335 0.0075 0.028333333333333332
2 0.44 0.2225 0.0025 0.014166666666666666
4 0.060833333333333336 0.2758333333333333 0.0016666666666666668 0.008333333333333333
4 0.215 0.2525 0.0033333333333333335 0.008333333333333333
2 0.38166666666666665 0.22916666666666666 0.0033333333333333335 0.01