0 0.29083333333333333 0.465 0.021666666666666667 0.051666666666666666
0 0.4125 0.41833333333333333 0.015 0.035833333333333335
0 0.5191666666666667 0.3958333333333333 0.0125 0.02666666666666667
0 0.585 0.38 0.009166666666666667 0.0225
0 0.5308333333333334 0.355 0.005 0.013333333333333334
0 0.615 0.36083333333333334 0.005833333333333334 0.015833333333333335
0 0.08916666666666667 0.585 0.029166666666666667 0.1025
0 0.12416666666666666 0.355 0.006666666666666667 0.015
0 0.8175 0.34833333333333333 0.005833333333333334 0.009166666666666667
0 0.9025 0.35083333333333333 0.006666666666666667 0.01
0 0.7216666666666667 0.3475 0.005 0.009166666666666667
0 0.6466666666666666 0.3641666666666667 0.006666666666666667 0.016666666666666666
0 0.6408333333333334 0.3616666666666667 0.005833333333333334 0.015833333333333335
0 0.63 0.36833333333333335 0.009166666666666667 0.018333333333333333
0 0.5883333333333334 0.3575 0.006666666666666667 0.015
0 0.48833333333333334 0.35333333333333333 0.005 0.010833333333333334
0 0.4325 0.35333333333333333 0.004166666666666667 0.010833333333333334
0 0.38 0.3525 0.004166666666666667 0.013333333333333334
4 0.8783333333333333 0.6433333333333333 0.07583333333333334 0.13583333333333333
4 0.765 0.38333333333333336 0.010833333333333334 0.025833333333333333
4 0.7158333333333333 0.48 0.0275 0.06333333333333334
4 0.6958333333333333 0.3983333333333333 0.013333333333333334 0.0325
4 0.6783333333333333 0.4275 0.0175 0.041666666666666664
4 0.78 0.37166666666666665 0.009166666666666667 0.021666666666666667
4 0.7458333333333333 0.3616666666666667 0.006666666666666667 0.016666666666666666
4 0.5708333333333333 0.3491666666666667 0.005 0.014166666666666666
4 0.6883333333333334 0.3575 0.005833333333333334 0.015
4 0.7775 0.36583333333333334 0.008333333333333333 0.019166666666666665
4 0.6316666666666667 0.35333333333333333 0.005 0.014166666666666666
4 0.515 0.3491666666666667 0.005 0.011666666666666667
4 0.44 0.3491666666666667 0.004166666666666667 0.010833333333333334
2 0.8266666666666667 0.4191666666666667 0.024166666666666666 0.035833333333333335
2 0.8641666666666666 0.3675 0.011666666666666667 0.016666666666666666
2 0.8758333333333334 0.36333333333333334 0.0125 0.015
2 0.475 0.3591666666666667 0.013333333333333334 0.013333333333333334
2 0.155 0.37166666666666665 0.021666666666666667 0.0225