0 0.08333333333333333 0.2575 0.006666666666666667 0.028333333333333332
4 0.20333333333333334 0.3616666666666667 0.015833333333333335 0.06333333333333334
0 0.87 0.33416666666666667 0.004166666666666667 0.020833333333333332
0 0.15333333333333332 0.25666666666666665 0.005 0.024166666666666666
4 0.2775 0.45416666666666666 0.0275 0.10416666666666667
0 0.051666666666666666 0.26166666666666666 0.005 0.03166666666666667
4 0.925 0.35083333333333333 0.005833333333333334 0.025833333333333333
4 0.4525 0.2816666666666667 0.004166666666666667 0.021666666666666667
0 0.47 0.27666666666666667 0.0033333333333333335 0.018333333333333333
4 0.17583333333333334 0.315 0.010833333333333334 0.04416666666666667
0 0.3441666666666667 0.2658333333333333 0.004166666666666667 0.018333333333333333
0 0.4058333333333333 0.2708333333333333 0.004166666666666667 0.0175
0 0.7766666666666666 0.32083333333333336 0.004166666666666667 0.019166666666666665
4 0.7991666666666667 0.33166666666666667 0.005 0.025833333333333333
4 0.5633333333333334 0.2975 0.005 0.0225
0 0.6083333333333333 0.295 0.0033333333333333335 0.018333333333333333
0 0.5375 0.2841666666666667 0.0033333333333333335 0.018333333333333333
4 0.35 0.2725 0.005 0.024166666666666666
4 0.18833333333333332 0.285 0.0075 0.03333333333333333
0 0.255 0.26 0.004166666666666667 0.020833333333333332
0 0.6925 0.3075 0.004166666666666667 0.019166666666666665
4 0.6725 0.31416666666666665 0.005 0.024166666666666666
4 0.255 0.2733333333333333 0.005833333333333334 0.0225
4 0.5816666666666667 0.7741666666666667 0.0275 0.14416666666666667