0 0.42916666666666664 0.5841666666666666 0.043333333333333335 0.16666666666666666
0 0.4508333333333333 0.41333333333333333 0.021666666666666667 0.09333333333333334
0 0.3925 0.36 0.015 0.06416666666666666
0 0.30333333333333334 0.3458333333333333 0.011666666666666667 0.0525
0 0.19833333333333333 0.35 0.010833333333333334 0.04583333333333333
0 0.07083333333333333 0.36916666666666664 0.011666666666666667 0.04583333333333333
0 0.08333333333333333 0.335 0.008333333333333333 0.03333333333333333
0 0.10833333333333334 0.32083333333333336 0.005833333333333334 0.025833333333333333
0 0.0825 0.31666666666666665 0.005833333333333334 0.024166666666666666
4 0.7108333333333333 0.3525 0.0225 0.07916666666666666
4 0.5541666666666667 0.31166666666666665 0.014166666666666666 0.05333333333333334
4 0.4141666666666667 0.30583333333333335 0.010833333333333334 0.041666666666666664
4 0.2775 0.31583333333333335 0.009166666666666667 0.035833333333333335
4 0.13166666666666665 0.3383333333333333 0.009166666666666667 0.035
2 0.18416666666666667 0.31 0.008333333333333333 0.029166666666666667
2 0.2375 0.30833333333333335 0.0075 0.029166666666666667
2 0.2708333333333333 0.28833333333333333 0.006666666666666667 0.024166666666666666
2 0.3258333333333333 0.2833333333333333 0.006666666666666667 0.0275
3 0.40166666666666667 0.2625 0.004166666666666667 0.020833333333333332
3 0.4216666666666667 0.24916666666666668 0.0033333333333333335 0.016666666666666666
3 0.3375 0.27 0.004166666666666667 0.018333333333333333
3 0.3616666666666667 0.25916666666666666 0.0033333333333333335 0.016666666666666666
3 0.05583333333333333 0.3016666666666667 0.0033333333333333335 0.011666666666666667
3 0.06916666666666667 0.3025 0.0033333333333333335 0.014166666666666666