0 0.88 0.37416666666666665 0.006666666666666667 0.0275
0 0.2841666666666667 0.2658333333333333 0.005833333333333334 0.025
0 0.16166666666666665 0.32166666666666666 0.011666666666666667 0.04583333333333333
0 0.24 0.28833333333333333 0.008333333333333333 0.03333333333333333
4 0.36 0.43083333333333335 0.019166666666666665 0.08333333333333333
4 0.8025 0.36916666666666664 0.008333333333333333 0.03333333333333333
4 0.3958333333333333 0.5866666666666667 0.03916666666666667 0.1525
0 0.21083333333333334 0.3025 0.009166666666666667 0.03666666666666667
0 0.8258333333333333 0.3541666666666667 0.005833333333333334 0.024166666666666666
0 0.09416666666666666 0.35083333333333333 0.015833333333333335 0.06333333333333334
0 0.3016666666666667 0.25666666666666665 0.005 0.0225
4 0.3925 0.2475 0.0033333333333333335 0.015
4 0.35833333333333334 0.37416666666666665 0.015 0.0575
4 0.3975 0.245 0.0033333333333333335 0.014166666666666666
0 0.3375 0.23833333333333334 0.004166666666666667 0.015
1 0.25583333333333336 0.2708333333333333 0.008333333333333333 0.04666666666666667
0 0.31583333333333335 0.24833333333333332 0.004166666666666667 0.018333333333333333
4 0.36 0.3383333333333333 0.010833333333333334 0.04666666666666667
4 0.3875 0.25416666666666665 0.004166666666666667 0.0175
4 0.6241666666666666 0.2775 0.0025 0.013333333333333334
0 0.8375 0.3383333333333333 0.004166666666666667 0.0175
0 0.36 0.23333333333333334 0.0033333333333333335 0.011666666666666667
4 0.4041666666666667 0.24166666666666667 0.0033333333333333335 0.013333333333333334
0 0.8208333333333333 0.3458333333333333 0.005 0.019166666666666665
0 0.7 0.29333333333333333 0.0033333333333333335 0.011666666666666667
4 0.49416666666666664 0.24666666666666667 0.0025 0.010833333333333334
4 0.3825 0.26166666666666666 0.0033333333333333335 0.019166666666666665
4 0.7116666666666667 0.3 0.0033333333333333335 0.015
0 0.35083333333333333 0.235 0.004166666666666667 0.014166666666666666
4 0.6683333333333333 0.28833333333333333 0.0033333333333333335 0.011666666666666667
0 0.7358333333333333 0.3025 0.004166666666666667 0.013333333333333334
4 0.4175 0.2375 0.0033333333333333335 0.01
0 0.8433333333333334 0.3475 0.005 0.018333333333333333
4 0.7325 0.3425 0.005833333333333334 0.025833333333333333
4 0.54 0.25583333333333336 0.0025 0.013333333333333334
1 0.265 0.2683333333333333 0.005833333333333334 0.04416666666666667
0 0.325 0.24333333333333335 0.004166666666666667 0.0175
0 0.8083333333333333 0.325 0.0033333333333333335 0.015
4 0.765 0.3225 0.004166666666666667 0.016666666666666666
0 0.505 0.24583333333333332 0.0025 0.01
0 0.7683333333333333 0.31166666666666665 0.0033333333333333335 0.014166666666666666
0 0.63 0.27416666666666667 0.0025 0.010833333333333334
0 0.3908333333333333 0.2275 0.0025 0.011666666666666667
0 0.5991666666666666 0.2658333333333333 0.0025 0.01
0 0.38 0.2275 0.0025 0.010833333333333334
4 0.365 0.315 0.006666666666666667 0.03666666666666667
4 0.7491666666666666 0.31333333333333335 0.0033333333333333335 0.014166666666666666
4 0.37916666666666665 0.2708333333333333 0.004166666666666667 0.020833333333333332
1 0.37083333333333335 0.2825 0.006666666666666667 0.0475
4 0.73 0.3308333333333333 0.004166666666666667 0.019166666666666665
0 0.3675 0.22833333333333333 0.0025 0.010833333333333334
4 0.44916666666666666 0.23916666666666667 0.0025 0.010833333333333334
4 0.5833333333333334 0.2658333333333333 0.0025 0.011666666666666667
4 0.7483333333333333 0.325 0.005 0.0175
4 0.375 0.2808333333333333 0.004166666666666667 0.0225
0 0.6666666666666666 0.2825 0.0025 0.010833333333333334
0 0.4608333333333333 0.23833333333333334 0.0025 0.008333333333333333
0 0.5658333333333333 0.25833333333333336 0.0025 0.01
4 0.36666666666666664 0.2991666666666667 0.004166666666666667 0.03166666666666667
0 0.535 0.25083333333333335 0.0025 0.008333333333333333
0 0.41833333333333333 0.23083333333333333 0.0016666666666666668 0.01
0 0.26166666666666666 0.2791666666666667 0.005 0.025833333333333333