4 0.5683333333333334 0.3875 0.015 0.0575
1 0.9441666666666667 0.42916666666666664 0.0125 0.0725
0 0.44 0.3375 0.010833333333333334 0.04666666666666667
4 0.4216666666666667 0.5025 0.02666666666666667 0.1225
4 0.4775 0.4141666666666667 0.019166666666666665 0.07833333333333334
4 0.9166666666666666 0.43333333333333335 0.011666666666666667 0.043333333333333335
4 0.6758333333333333 0.3883333333333333 0.0125 0.0475
1 0.8991666666666667 0.39916666666666667 0.01 0.056666666666666664
2 0.3408333333333333 0.28583333333333333 0.0075 0.0325
4 0.6008333333333333 0.3358333333333333 0.0075 0.0325
4 0.565 0.305 0.005 0.0225
2 0.455 0.31583333333333335 0.008333333333333333 0.035833333333333335
4 0.86 0.35833333333333334 0.004166666666666667 0.018333333333333333
2 0.495 0.31083333333333335 0.006666666666666667 0.030833333333333334
0 0.9233333333333333 0.38083333333333336 0.005 0.020833333333333332
4 0.7883333333333333 0.405 0.011666666666666667 0.04416666666666667
2 0.3933333333333333 0.2841666666666667 0.006666666666666667 0.029166666666666667
1 0.8533333333333334 0.38916666666666666 0.011666666666666667 0.05416666666666667
0 0.6841666666666667 0.3475 0.006666666666666667 0.030833333333333334
0 0.27166666666666667 0.3475 0.018333333333333333 0.06416666666666666
4 0.6008333333333333 0.30583333333333335 0.005 0.020833333333333332
3 0.23583333333333334 0.26166666666666666 0.005833333333333334 0.028333333333333332
0 0.7433333333333333 0.33666666666666667 0.004166666666666667 0.018333333333333333
0 0.7991666666666667 0.3475 0.004166666666666667 0.020833333333333332
4 0.5583333333333333 0.31333333333333335 0.006666666666666667 0.0275
0 0.6583333333333333 0.3225 0.004166666666666667 0.021666666666666667
4 0.7908333333333334 0.3416666666666667 0.004166666666666667 0.018333333333333333
0 0.575 0.3475 0.0075 0.03916666666666667
0 0.78 0.37833333333333335 0.0075 0.030833333333333334
0 0.695 0.3258333333333333 0.005 0.021666666666666667
0 0.8758333333333334 0.4041666666666667 0.008333333333333333 0.03333333333333333
0 0.6375 0.32166666666666666 0.005 0.025833333333333333
0 0.6425 0.3308333333333333 0.005 0.025833333333333333
4 0.5133333333333333 0.79 0.025833333333333333 0.11416666666666667
4 0.6541666666666667 0.31416666666666665 0.005 0.019166666666666665
4 0.7183333333333334 0.3258333333333333 0.004166666666666667 0.0175
3 0.12416666666666666 0.23083333333333333 0.005 0.024166666666666666
0 0.8516666666666667 0.36 0.0033333333333333335 0.020833333333333332
1 0.8883333333333333 0.4141666666666667 0.014166666666666666 0.06916666666666667
3 0.2791666666666667 0.25916666666666666 0.004166666666666667 0.0225
3 0.09833333333333333 0.23666666666666666 0.005833333333333334 0.0275