4 0.8183333333333334 0.6508333333333334 0.045 0.1675
0 0.3516666666666667 0.42916666666666664 0.016666666666666666 0.060833333333333336
0 0.4216666666666667 0.40166666666666667 0.013333333333333334 0.04666666666666667
0 0.25 0.3875 0.01 0.0425
4 0.6366666666666667 0.3825 0.008333333333333333 0.03666666666666667
4 0.585 0.49916666666666665 0.021666666666666667 0.09
4 0.59 0.4041666666666667 0.011666666666666667 0.05
0 0.4475 0.3475 0.005833333333333334 0.025
0 0.10916666666666666 0.4083333333333333 0.015 0.05333333333333334
0 0.5183333333333333 0.37916666666666665 0.01 0.03666666666666667
4 0.4125 0.3233333333333333 0.0033333333333333335 0.016666666666666666
4 0.6083333333333333 0.3475 0.005833333333333334 0.024166666666666666
0 0.4841666666666667 0.3275 0.004166666666666667 0.018333333333333333
4 0.6158333333333333 0.3566666666666667 0.006666666666666667 0.025833333333333333
0 0.3875 0.375 0.009166666666666667 0.035
4 0.5391666666666667 0.43833333333333335 0.0175 0.06166666666666667
0 0.40166666666666667 0.33166666666666667 0.004166666666666667 0.020833333333333332
4 0.31583333333333335 0.3233333333333333 0.005833333333333334 0.025
4 0.3225 0.3525 0.0075 0.030833333333333334
0 0.4816666666666667 0.315 0.0025 0.013333333333333334
4 0.575 0.3175 0.0025 0.013333333333333334
4 0.6258333333333334 0.36583333333333334 0.008333333333333333 0.03166666666666667
4 0.6016666666666667 0.34 0.004166666666666667 0.020833333333333332
0 0.5358333333333334 0.36333333333333334 0.006666666666666667 0.030833333333333334
4 0.32 0.32916666666666666 0.004166666666666667 0.0225
0 0.5425 0.3441666666666667 0.004166666666666667 0.021666666666666667
0 0.5483333333333333 0.325 0.004166666666666667 0.019166666666666665
0 0.4975 0.32083333333333336 0.0025 0.016666666666666666
4 0.5916666666666667 0.3308333333333333 0.0033333333333333335 0.015
0 0.43583333333333335 0.3308333333333333 0.004166666666666667 0.0175
4 0.595 0.3333333333333333 0.004166666666666667 0.0175
0 0.5466666666666666 0.33666666666666667 0.004166666666666667 0.019166666666666665
0 0.4375 0.36 0.0075 0.028333333333333332
4 0.59 0.325 0.0033333333333333335 0.013333333333333334
0 0.4066666666666667 0.3383333333333333 0.005 0.021666666666666667
0 0.5391666666666667 0.31666666666666665 0.0033333333333333335 0.018333333333333333
4 0.36916666666666664 0.3233333333333333 0.005 0.018333333333333333
4 0.24333333333333335 0.3616666666666667 0.009166666666666667 0.03666666666666667
4 0.49916666666666665 0.31333333333333335 0.0033333333333333335 0.014166666666666666
0 0.49333333333333335 0.315 0.0025 0.013333333333333334
0 0.5008333333333334 0.3275 0.0025 0.015
4 0.5883333333333334 0.3225 0.0025 0.014166666666666666
0 0.54 0.3541666666666667 0.005833333333333334 0.025833333333333333
4 0.5366666666666666 0.31416666666666665 0.0033333333333333335 0.0175
0 0.5175 0.31666666666666665 0.0025 0.013333333333333334
0 0.485 0.31666666666666665 0.0025 0.014166666666666666
4 0.46416666666666667 0.3125 0.0033333333333333335 0.014166666666666666
4 0.44 0.3225 0.004166666666666667 0.016666666666666666
4 0.44166666666666665 0.3175 0.0033333333333333335 0.0175
4 0.43833333333333335 0.31416666666666665 0.0033333333333333335 0.0175
4 0.3308333333333333 0.3383333333333333 0.006666666666666667 0.025
4 0.09916666666666667 0.3725 0.011666666666666667 0.04
0 0.22333333333333333 0.6708333333333333 0.04416666666666667 0.17833333333333334
0 0.2966666666666667 0.4925 0.025833333333333333 0.08666666666666667