0 0.5758333333333333 0.3075 0.018333333333333333 0.060833333333333336
0 0.12333333333333334 0.30583333333333335 0.0125 0.04
0 0.37916666666666665 0.2808333333333333 0.0125 0.043333333333333335
0 0.6525 0.3641666666666667 0.025833333333333333 0.09166666666666666
0 0.67 0.52 0.0375 0.16416666666666666
4 0.735 0.2758333333333333 0.016666666666666666 0.05416666666666667
0 0.25833333333333336 0.2875 0.0125 0.04
0 0.48083333333333333 0.285 0.013333333333333334 0.049166666666666664
4 0.5841666666666666 0.25666666666666665 0.0125 0.0425
4 0.3 0.2633333333333333 0.008333333333333333 0.0325
2 0.9333333333333333 0.29 0.02 0.06666666666666667
4 0.4483333333333333 0.25416666666666665 0.009166666666666667 0.035833333333333335
4 0.14 0.28583333333333333 0.009166666666666667 0.035
4 0.9075 0.32666666666666666 0.0225 0.08166666666666667
1 0.4583333333333333 0.7091666666666666 0.049166666666666664 0.275