0 0.3175 0.5575 0.0475 0.09333333333333334
0 0.365 0.4633333333333333 0.0225 0.0525
0 0.35083333333333333 0.43166666666666664 0.015833333333333335 0.03833333333333333
0 0.29 0.415 0.013333333333333334 0.03166666666666667
0 0.22333333333333333 0.405 0.010833333333333334 0.0275
0 0.1725 0.4025 0.010833333333333334 0.0275
0 0.11 0.40166666666666667 0.01 0.025
0 0.6775 0.395 0.005 0.016666666666666666
4 0.22 0.39 0.009166666666666667 0.023333333333333334
4 0.08083333333333333 0.3933333333333333 0.011666666666666667 0.025
4 0.8366666666666667 0.5283333333333333 0.04666666666666667 0.085
4 0.6741666666666667 0.45166666666666666 0.024166666666666666 0.049166666666666664
4 0.54 0.4191666666666667 0.013333333333333334 0.0325
4 0.43833333333333335 0.405 0.010833333333333334 0.0275
4 0.365 0.39416666666666667 0.010833333333333334 0.024166666666666666
4 0.31333333333333335 0.38916666666666666 0.01 0.023333333333333334
4 0.6733333333333333 0.39416666666666667 0.006666666666666667 0.015833333333333335
2 0.7508333333333334 0.42833333333333334 0.03333333333333333 0.034166666666666665