4 0.4583333333333333 0.5341666666666667 0.025833333333333333 0.10333333333333333
4 0.8625 0.49416666666666664 0.0275 0.085
4 0.14916666666666667 0.4475 0.019166666666666665 0.06166666666666667
0 0.9375 0.44916666666666666 0.0175 0.060833333333333336
4 0.6666666666666666 0.44583333333333336 0.0175 0.058333333333333334
0 0.15083333333333335 0.37416666666666665 0.006666666666666667 0.025833333333333333
4 0.7316666666666667 0.6475 0.04583333333333333 0.15833333333333333
0 0.7241666666666666 0.39416666666666667 0.010833333333333334 0.03833333333333333
0 0.8058333333333333 0.4166666666666667 0.0125 0.04416666666666667
4 0.2791666666666667 0.48083333333333333 0.025 0.0775
4 0.6075 0.4175 0.011666666666666667 0.0475
4 0.5066666666666667 0.38333333333333336 0.0075 0.030833333333333334
4 0.5625 0.39666666666666667 0.01 0.03666666666666667
0 0.3 0.3575 0.006666666666666667 0.021666666666666667
0 0.06666666666666667 0.3875 0.01 0.03166666666666667
4 0.445 0.36333333333333334 0.006666666666666667 0.0225
0 0.6225 0.3675 0.006666666666666667 0.025833333333333333
4 0.3541666666666667 0.36916666666666664 0.006666666666666667 0.0275
0 0.5941666666666666 0.36 0.005833333333333334 0.021666666666666667
0 0.21 0.36666666666666664 0.0075 0.025833333333333333
0 0.4875 0.35333333333333333 0.005833333333333334 0.019166666666666665
0 0.36666666666666664 0.3566666666666667 0.005833333333333334 0.020833333333333332
2 0.7933333333333333 0.345 0.004166666666666667 0.018333333333333333
4 0.1625 0.39416666666666667 0.009166666666666667 0.04
2 0.6983333333333334 0.34 0.0033333333333333335 0.014166666666666666
2 0.8458333333333333 0.3491666666666667 0.005 0.020833333333333332
4 0.24916666666666668 0.37666666666666665 0.008333333333333333 0.03166666666666667
0 0.4241666666666667 0.3541666666666667 0.005 0.020833333333333332
2 0.7475 0.3425 0.004166666666666667 0.0175
4 0.10333333333333333 0.4175 0.014166666666666666 0.0475
0 0.6708333333333333 0.38083333333333336 0.008333333333333333 0.028333333333333332
2 0.6358333333333334 0.33666666666666667 0.0033333333333333335 0.014166666666666666
2 0.9183333333333333 0.355 0.006666666666666667 0.0275
0 0.5416666666666666 0.35583333333333333 0.004166666666666667 0.019166666666666665