4 0.6783333333333333 0.5575 0.035 0.11083333333333334
0 0.2841666666666667 0.38333333333333336 0.009166666666666667 0.035
4 0.42 0.4975 0.025 0.08833333333333333
4 0.8075 0.49166666666666664 0.0225 0.07583333333333334
0 0.605 0.40166666666666667 0.009166666666666667 0.03833333333333333
4 0.47583333333333333 0.42583333333333334 0.0125 0.050833333333333335
4 0.19333333333333333 0.39916666666666667 0.011666666666666667 0.04416666666666667
0 0.11666666666666667 0.36 0.006666666666666667 0.029166666666666667
0 0.9283333333333333 0.44 0.015833333333333335 0.058333333333333334
0 0.4325 0.39416666666666667 0.008333333333333333 0.03833333333333333
0 0.08333333333333333 0.3541666666666667 0.005 0.024166666666666666
4 0.6125 0.4475 0.014166666666666666 0.058333333333333334
4 0.075 0.3875 0.010833333333333334 0.04
0 0.185 0.3725 0.0075 0.03166666666666667
0 0.7333333333333333 0.4191666666666667 0.0125 0.04416666666666667
4 0.21416666666666667 0.4633333333333333 0.020833333333333332 0.07166666666666667
4 0.3075 0.4125 0.011666666666666667 0.049166666666666664