0 0.39 0.4525 0.021666666666666667 0.049166666666666664
0 0.24583333333333332 0.5816666666666667 0.051666666666666666 0.105
0 0.435 0.4083333333333333 0.013333333333333334 0.0275
0 0.4525 0.38916666666666666 0.0075 0.019166666666666665
0 0.46416666666666667 0.38 0.005 0.015833333333333335
0 0.4708333333333333 0.37333333333333335 0.004166666666666667 0.011666666666666667
0 0.47583333333333333 0.37 0.004166666666666667 0.010833333333333334
4 0.6483333333333333 0.4525 0.0225 0.049166666666666664
4 0.5883333333333334 0.4075 0.0125 0.0275
4 0.8225 0.5858333333333333 0.059166666666666666 0.11166666666666666
4 0.5625 0.3883333333333333 0.0075 0.019166666666666665
4 0.55 0.37916666666666665 0.006666666666666667 0.015833333333333335
4 0.5416666666666666 0.37333333333333335 0.004166666666666667 0.011666666666666667
4 0.535 0.37 0.0033333333333333335 0.010833333333333334
4 0.5308333333333334 0.36666666666666664 0.0033333333333333335 0.010833333333333334
4 0.5266666666666666 0.3641666666666667 0.0025 0.008333333333333333
4 0.5233333333333333 0.3625 0.0025 0.008333333333333333
4 0.5208333333333334 0.36083333333333334 0.0016666666666666668 0.006666666666666667