0 0.445 0.3258333333333333 0.01 0.041666666666666664
4 0.7325 0.3433333333333333 0.006666666666666667 0.0275
0 0.31333333333333335 0.3333333333333333 0.013333333333333334 0.05333333333333334
4 0.55 0.4 0.016666666666666666 0.065
4 0.515 0.46 0.020833333333333332 0.09333333333333334
0 0.6016666666666667 0.3225 0.006666666666666667 0.030833333333333334
0 0.14166666666666666 0.37416666666666665 0.025833333333333333 0.0825
4 0.605 0.38 0.013333333333333334 0.05333333333333334
4 0.6491666666666667 0.30916666666666665 0.004166666666666667 0.018333333333333333
4 0.6808333333333333 0.32 0.005 0.020833333333333332
4 0.7441666666666666 0.36833333333333335 0.009166666666666667 0.035833333333333335
0 0.595 0.31166666666666665 0.005 0.025
4 0.7141666666666666 0.37583333333333335 0.011666666666666667 0.0425
0 0.8408333333333333 0.3258333333333333 0.0025 0.010833333333333334
0 0.5833333333333334 0.3283333333333333 0.006666666666666667 0.0325
0 0.8766666666666667 0.335 0.0025 0.010833333333333334
4 0.545 0.6525 0.04083333333333333 0.1775
4 0.8033333333333333 0.31916666666666665 0.0025 0.010833333333333334
0 0.8583333333333333 0.3308333333333333 0.0033333333333333335 0.011666666666666667
0 0.4708333333333333 0.265 0.0033333333333333335 0.0175
0 0.5575 0.3308333333333333 0.008333333333333333 0.035
4 0.8466666666666667 0.3308333333333333 0.0025 0.013333333333333334
4 0.6041666666666666 0.28833333333333333 0.0033333333333333335 0.014166666666666666
0 0.9291666666666667 0.3458333333333333 0.0025 0.011666666666666667
4 0.8216666666666667 0.32416666666666666 0.0025 0.010833333333333334
4 0.9491666666666667 0.3525 0.0025 0.011666666666666667
0 0.5883333333333334 0.30416666666666664 0.004166666666666667 0.021666666666666667
0 0.5566666666666666 0.2783333333333333 0.0033333333333333335 0.013333333333333334
0 0.5208333333333334 0.2841666666666667 0.005 0.018333333333333333
0 0.49416666666666664 0.2675 0.0033333333333333335 0.013333333333333334
4 0.62 0.2825 0.0033333333333333335 0.010833333333333334
0 0.4791666666666667 0.27166666666666667 0.0033333333333333335 0.0175
0 0.5708333333333333 0.2808333333333333 0.0025 0.010833333333333334
4 0.6766666666666666 0.29 0.0025 0.010833333333333334
0 0.8108333333333333 0.31833333333333336 0.0025 0.010833333333333334
4 0.6558333333333334 0.2866666666666667 0.0025 0.01
0 0.5275 0.2733333333333333 0.0033333333333333335 0.014166666666666666
0 0.5525 0.2916666666666667 0.005 0.020833333333333332
4 0.6208333333333333 0.3016666666666667 0.004166666666666667 0.016666666666666666
4 0.7058333333333333 0.32916666666666666 0.005833333333333334 0.024166666666666666
4 0.6241666666666666 0.2825 0.0016666666666666668 0.008333333333333333
4 0.5783333333333334 0.2916666666666667 0.004166666666666667 0.0175
0 0.5725 0.29833333333333334 0.004166666666666667 0.020833333333333332
0 0.5783333333333334 0.2775 0.0025 0.010833333333333334
0 0.5808333333333333 0.28 0.0016666666666666668 0.01
0 0.6633333333333333 0.2866666666666667 0.0016666666666666668 0.01
4 0.7341666666666666 0.3025 0.0025 0.01
0 0.63 0.2816666666666667 0.0025 0.008333333333333333
4 0.5508333333333333 0.2816666666666667 0.0025 0.015
4 0.6366666666666667 0.29083333333333333 0.0033333333333333335 0.011666666666666667
4 0.9025 0.3425 0.0025 0.013333333333333334
4 0.56 0.2825 0.0033333333333333335 0.015
4 0.78 0.31333333333333335 0.0025 0.01
4 0.745 0.35583333333333333 0.0075 0.030833333333333334
0 0.9033333333333333 0.3408333333333333 0.0016666666666666668 0.011666666666666667
4 0.7541666666666667 0.30666666666666664 0.0025 0.01
4 0.7016666666666667 0.29583333333333334 0.0025 0.008333333333333333
0 0.7758333333333334 0.31 0.0025 0.01
0 0.6025 0.27666666666666667 0.0025 0.01
0 0.7391666666666666 0.3025 0.0016666666666666668 0.008333333333333333
0 0.5841666666666666 0.275 0.0025 0.010833333333333334
0 0.57 0.2725 0.0016666666666666668 0.01
0 0.5833333333333334 0.28 0.0025 0.01
0 0.6016666666666667 0.31666666666666665 0.006666666666666667 0.0275
4 0.6225 0.29083333333333333 0.0025 0.014166666666666666
4 0.6258333333333334 0.28583333333333333 0.0025 0.010833333333333334
4 0.6366666666666667 0.2833333333333333 0.0025 0.008333333333333333
0 0.7 0.29333333333333333 0.0016666666666666668 0.008333333333333333