0 0.3458333333333333 0.4791666666666667 0.021666666666666667 0.0775
4 0.8058333333333333 0.605 0.04583333333333333 0.14416666666666667
0 0.2575 0.6916666666666667 0.05333333333333334 0.18083333333333335
0 0.29 0.4216666666666667 0.011666666666666667 0.05
0 0.9091666666666667 0.38916666666666666 0.0125 0.043333333333333335
4 0.6558333333333334 0.3908333333333333 0.0125 0.0425
0 0.10333333333333333 0.3933333333333333 0.009166666666666667 0.035833333333333335
0 0.2225 0.40166666666666667 0.01 0.04
4 0.825 0.41333333333333333 0.0175 0.05583333333333333
0 0.7416666666666667 0.37333333333333335 0.009166666666666667 0.035833333333333335
4 0.48083333333333333 0.36333333333333334 0.005833333333333334 0.0275
4 0.64 0.4625 0.021666666666666667 0.0725
4 0.32166666666666666 0.3825 0.008333333333333333 0.0325
4 0.1525 0.37416666666666665 0.006666666666666667 0.025833333333333333
0 0.6275 0.36333333333333334 0.0075 0.028333333333333332
4 0.235 0.3441666666666667 0.004166666666666667 0.0175
4 0.5383333333333333 0.4175 0.0125 0.0525
4 0.5541666666666667 0.375 0.0075 0.0325
0 0.056666666666666664 0.35083333333333333 0.0033333333333333335 0.015
4 0.42083333333333334 0.3925 0.008333333333333333 0.03916666666666667
4 0.23333333333333334 0.37833333333333335 0.006666666666666667 0.030833333333333334
4 0.1225 0.36333333333333334 0.005833333333333334 0.029166666666666667
4 0.33166666666666667 0.3475 0.004166666666666667 0.018333333333333333
4 0.2816666666666667 0.345 0.005 0.018333333333333333
0 0.28 0.3416666666666667 0.0025 0.015
0 0.39 0.3416666666666667 0.004166666666666667 0.0175
4 0.38666666666666666 0.35 0.005 0.019166666666666665
0 0.06583333333333333 0.3475 0.0033333333333333335 0.014166666666666666
4 0.43 0.3541666666666667 0.005833333333333334 0.021666666666666667
0 0.49333333333333335 0.34833333333333333 0.005 0.020833333333333332
4 0.1275 0.35333333333333333 0.004166666666666667 0.0175
0 0.45 0.3433333333333333 0.005 0.018333333333333333
0 0.5541666666666667 0.355 0.005833333333333334 0.025