4 0.4658333333333333 0.6291666666666667 0.05 0.1825
4 0.3075 0.4166666666666667 0.015833333333333335 0.0925
4 0.25083333333333335 0.3283333333333333 0.015 0.058333333333333334
4 0.23083333333333333 0.2991666666666667 0.010833333333333334 0.04583333333333333
4 0.17833333333333334 0.2775 0.01 0.03916666666666667
4 0.0975 0.25666666666666665 0.01 0.035833333333333335
4 0.08333333333333333 0.2175 0.005833333333333334 0.019166666666666665
4 0.14916666666666667 0.2225 0.005 0.018333333333333333
4 0.20083333333333334 0.22583333333333333 0.004166666666666667 0.016666666666666666
4 0.24 0.2275 0.0033333333333333335 0.016666666666666666
4 0.26416666666666666 0.22833333333333333 0.004166666666666667 0.015
4 0.27666666666666667 0.2275 0.0033333333333333335 0.013333333333333334
4 0.2825 0.22666666666666666 0.0033333333333333335 0.014166666666666666
4 0.6525 0.2758333333333333 0.0033333333333333335 0.010833333333333334
4 0.6875 0.2833333333333333 0.0033333333333333335 0.014166666666666666
4 0.7291666666666666 0.29 0.0033333333333333335 0.013333333333333334
4 0.7741666666666667 0.2975 0.004166666666666667 0.013333333333333334
4 0.8291666666666667 0.30666666666666664 0.004166666666666667 0.013333333333333334
4 0.8666666666666667 0.31333333333333335 0.0033333333333333335 0.013333333333333334
4 0.9066666666666666 0.32 0.0033333333333333335 0.014166666666666666
4 0.95 0.32916666666666666 0.0025 0.014166666666666666
4 0.9233333333333333 0.3416666666666667 0.005833333333333334 0.0225
4 0.9158333333333334 0.345 0.004166666666666667 0.0225
4 0.9183333333333333 0.3516666666666667 0.006666666666666667 0.025
4 0.9333333333333333 0.36083333333333334 0.0075 0.028333333333333332
1 0.30083333333333334 0.38083333333333336 0.021666666666666667 0.14333333333333334
1 0.3233333333333333 0.4008333333333333 0.035833333333333335 0.1575
0 0.07083333333333333 0.21 0.004166666666666667 0.018333333333333333
0 0.1175 0.215 0.004166666666666667 0.0175
0 0.155 0.21833333333333332 0.0033333333333333335 0.016666666666666666
0 0.17666666666666667 0.21833333333333332 0.004166666666666667 0.015
0 0.2025 0.21916666666666668 0.004166666666666667 0.015
0 0.21666666666666667 0.21916666666666668 0.0033333333333333335 0.014166666666666666
0 0.22416666666666665 0.21916666666666668 0.0033333333333333335 0.014166666666666666
0 0.23166666666666666 0.21583333333333332 0.0033333333333333335 0.011666666666666667
0 0.2575 0.2175 0.0033333333333333335 0.013333333333333334
0 0.92 0.31916666666666665 0.0033333333333333335 0.013333333333333334