0 0.6066666666666667 0.2808333333333333 0.010833333333333334 0.04583333333333333
0 0.5125 0.27416666666666667 0.009166666666666667 0.03916666666666667
0 0.18083333333333335 0.30833333333333335 0.01 0.035833333333333335
0 0.415 0.2758333333333333 0.008333333333333333 0.035
0 0.30333333333333334 0.28833333333333333 0.01 0.035
0 0.0725 0.33166666666666667 0.010833333333333334 0.04
0 0.6875 0.3025 0.014166666666666666 0.058333333333333334
4 0.32 0.2708333333333333 0.006666666666666667 0.030833333333333334
4 0.7125 0.25583333333333336 0.0125 0.04
2 0.8883333333333333 0.1975 0.005 0.021666666666666667
4 0.45666666666666667 0.25666666666666665 0.0075 0.03166666666666667
2 0.8716666666666667 0.22583333333333333 0.009166666666666667 0.03333333333333333
2 0.8541666666666666 0.25416666666666665 0.011666666666666667 0.043333333333333335
2 0.8816666666666667 0.20833333333333334 0.006666666666666667 0.025833333333333333
0 0.7241666666666666 0.47583333333333333 0.03666666666666667 0.14
2 0.9183333333333333 0.19583333333333333 0.005833333333333334 0.0225
4 0.17166666666666666 0.29583333333333334 0.0075 0.030833333333333334
0 0.4625 0.725 0.0675 0.24583333333333332
0 0.75 0.3541666666666667 0.0125 0.08333333333333333
1 0.695 0.47583333333333333 0.058333333333333334 0.25416666666666665
1 0.7433333333333333 0.4058333333333333 0.030833333333333334 0.19916666666666666
4 0.8433333333333334 0.27416666666666667 0.013333333333333334 0.05333333333333334
4 0.5808333333333333 0.25166666666666665 0.009166666666666667 0.03333333333333333
2 0.9491666666666667 0.19416666666666665 0.0025 0.021666666666666667