4 0.8883333333333333 0.5166666666666667 0.0175 0.06166666666666667
0 0.5475 0.5766666666666667 0.03 0.11416666666666667
0 0.615 0.43333333333333335 0.01 0.03333333333333333
4 0.8083333333333333 0.475 0.0125 0.04583333333333333
0 0.5933333333333334 0.4175 0.0075 0.025833333333333333
0 0.65 0.4575 0.011666666666666667 0.043333333333333335
4 0.7208333333333333 0.43833333333333335 0.0075 0.029166666666666667
0 0.6483333333333333 0.495 0.019166666666666665 0.0575
4 0.855 0.45 0.006666666666666667 0.028333333333333332
4 0.8466666666666667 0.44083333333333335 0.006666666666666667 0.0275
4 0.8233333333333334 0.43 0.005833333333333334 0.020833333333333332
4 0.735 0.4325 0.005833333333333334 0.024166666666666666
4 0.765 0.45666666666666667 0.009166666666666667 0.03333333333333333
4 0.8983333333333333 0.4658333333333333 0.008333333333333333 0.03333333333333333
0 0.6275 0.415 0.005833333333333334 0.0225