0 0.6216666666666667 0.3416666666666667 0.01 0.03916666666666667
0 0.325 0.33666666666666667 0.015833333333333335 0.058333333333333334
0 0.9325 0.39916666666666667 0.010833333333333334 0.03916666666666667
4 0.5683333333333334 0.4225 0.0175 0.07916666666666666
4 0.6466666666666666 0.39916666666666667 0.016666666666666666 0.06416666666666666
0 0.12833333333333333 0.3933333333333333 0.03 0.09666666666666666
0 0.7716666666666666 0.365 0.01 0.03666666666666667
4 0.5425 0.4825 0.02666666666666667 0.10666666666666667
4 0.7375 0.39666666666666667 0.013333333333333334 0.05416666666666667
0 0.47583333333333333 0.3308333333333333 0.011666666666666667 0.04416666666666667
4 0.84 0.4116666666666667 0.0125 0.049166666666666664
4 0.6383333333333333 0.6408333333333334 0.0475 0.1725