0 0.08416666666666667 0.4766666666666667 0.0275 0.09
4 0.6908333333333333 0.5125 0.03 0.09916666666666667
0 0.1525 0.3458333333333333 0.006666666666666667 0.029166666666666667
4 0.23 0.3575 0.0075 0.035
0 0.11 0.31833333333333336 0.004166666666666667 0.020833333333333332
4 0.25916666666666666 0.4141666666666667 0.014166666666666666 0.056666666666666664
4 0.2891666666666667 0.3466666666666667 0.006666666666666667 0.028333333333333332
0 0.10083333333333333 0.3125 0.004166666666666667 0.018333333333333333
4 0.19 0.38 0.010833333333333334 0.04416666666666667
0 0.15333333333333332 0.3258333333333333 0.004166666666666667 0.020833333333333332
4 0.3125 0.33666666666666667 0.005 0.024166666666666666
0 0.17083333333333334 0.30916666666666665 0.0033333333333333335 0.014166666666666666
4 0.056666666666666664 0.2975 0.0025 0.013333333333333334
0 0.12666666666666668 0.31 0.004166666666666667 0.019166666666666665
4 0.26666666666666666 0.33 0.005 0.020833333333333332
0 0.18916666666666668 0.33416666666666667 0.006666666666666667 0.025
4 0.08583333333333333 0.2975 0.0025 0.014166666666666666
0 0.07083333333333333 0.3025 0.0033333333333333335 0.015
4 0.20666666666666667 0.31333333333333335 0.0025 0.016666666666666666
0 0.08 0.30083333333333334 0.0025 0.014166666666666666
4 0.2275 0.30666666666666664 0.0025 0.014166666666666666
0 0.060833333333333336 0.305 0.0025 0.016666666666666666
4 0.20416666666666666 0.3025 0.0025 0.011666666666666667
4 0.22083333333333333 0.305 0.0025 0.011666666666666667
0 0.050833333333333335 0.35583333333333333 0.004166666666666667 0.03666666666666667
0 0.08916666666666667 0.29833333333333334 0.0033333333333333335 0.014166666666666666
0 0.1875 0.6166666666666667 0.03833333333333333 0.15583333333333332
4 0.21 0.32083333333333336 0.004166666666666667 0.020833333333333332
4 0.23083333333333333 0.31166666666666665 0.0033333333333333335 0.016666666666666666
4 0.23416666666666666 0.31083333333333335 0.0025 0.013333333333333334
4 0.4425 0.45666666666666667 0.02 0.07166666666666667