0 0.8625 0.38916666666666666 0.008333333333333333 0.035
0 0.13916666666666666 0.36916666666666664 0.023333333333333334 0.085
4 0.5766666666666667 0.3883333333333333 0.014166666666666666 0.0575
0 0.7083333333333334 0.35833333333333334 0.008333333333333333 0.035
0 0.5725 0.3425 0.0075 0.03916666666666667
4 0.5008333333333334 0.425 0.021666666666666667 0.08083333333333333
4 0.9116666666666666 0.4191666666666667 0.011666666666666667 0.0425
0 0.11333333333333333 0.31416666666666665 0.016666666666666666 0.060833333333333336
0 0.44583333333333336 0.3375 0.01 0.04666666666666667
2 0.3541666666666667 0.26416666666666666 0.005 0.024166666666666666
4 0.6716666666666666 0.38333333333333336 0.011666666666666667 0.049166666666666664
4 0.7791666666666667 0.3933333333333333 0.010833333333333334 0.043333333333333335
1 0.07333333333333333 0.4116666666666667 0.04833333333333333 0.19916666666666666
4 0.17083333333333334 0.275 0.008333333333333333 0.041666666666666664
2 0.3358333333333333 0.27666666666666667 0.006666666666666667 0.03166666666666667
2 0.30416666666666664 0.2966666666666667 0.009166666666666667 0.041666666666666664
2 0.43833333333333335 0.2941666666666667 0.005833333333333334 0.029166666666666667
4 0.2825 0.31166666666666665 0.010833333333333334 0.05
2 0.36583333333333334 0.25666666666666665 0.004166666666666667 0.019166666666666665
2 0.38916666666666666 0.2608333333333333 0.004166666666666667 0.019166666666666665
2 0.4125 0.265 0.0033333333333333335 0.018333333333333333
2 0.435 0.2791666666666667 0.0033333333333333335 0.0225
2 0.4325 0.2683333333333333 0.0025 0.018333333333333333
1 0.47 0.47583333333333333 0.030833333333333334 0.1925
4 0.4725 0.5466666666666666 0.024166666666666666 0.135
1 0.49583333333333335 0.5558333333333333 0.05333333333333334 0.25416666666666665
3 0.38666666666666666 0.25583333333333336 0.0025 0.013333333333333334
2 0.44166666666666665 0.31916666666666665 0.006666666666666667 0.03916666666666667
3 0.44166666666666665 0.26666666666666666 0.0025 0.014166666666666666
3 0.44416666666666665 0.25833333333333336 0.0016666666666666668 0.013333333333333334
3 0.48083333333333333 0.2683333333333333 0.0025 0.013333333333333334
3 0.5183333333333333 0.27 0.0025 0.011666666666666667
3 0.5383333333333333 0.27666666666666667 0.0025 0.011666666666666667
3 0.6058333333333333 0.28583333333333333 0.0016666666666666668 0.010833333333333334
3 0.6083333333333333 0.29 0.0016666666666666668 0.011666666666666667
3 0.6808333333333333 0.30583333333333335 0.0025 0.010833333333333334
3 0.6975 0.30666666666666664 0.0016666666666666668 0.010833333333333334
3 0.7508333333333334 0.3225 0.0025 0.014166666666666666
3 0.7916666666666666 0.32916666666666666 0.0025 0.014166666666666666
3 0.8083333333333333 0.34 0.0025 0.018333333333333333
3 0.8625 0.3491666666666667 0.0025 0.0175
3 0.8783333333333333 0.3616666666666667 0.004166666666666667 0.020833333333333332
3 0.935 0.37 0.0025 0.018333333333333333