4 0.6283333333333333 0.5341666666666667 0.0275 0.09916666666666667
0 0.27166666666666667 0.5308333333333334 0.023333333333333334 0.1
0 0.435 0.41333333333333333 0.008333333333333333 0.035833333333333335
0 0.32916666666666666 0.4633333333333333 0.014166666666666666 0.060833333333333336
0 0.3475 0.3958333333333333 0.005833333333333334 0.024166666666666666
4 0.55 0.4191666666666667 0.010833333333333334 0.04416666666666667
4 0.54 0.4508333333333333 0.016666666666666666 0.060833333333333336
4 0.5366666666666666 0.375 0.004166666666666667 0.019166666666666665
4 0.17416666666666666 0.38333333333333336 0.004166666666666667 0.019166666666666665
4 0.4583333333333333 0.38416666666666666 0.004166666666666667 0.020833333333333332
4 0.29833333333333334 0.39166666666666666 0.005 0.021666666666666667
0 0.65 0.375 0.005 0.024166666666666666
0 0.05416666666666667 0.3958333333333333 0.004166666666666667 0.0225
0 0.2708333333333333 0.3958333333333333 0.005833333333333334 0.021666666666666667
4 0.10333333333333333 0.3858333333333333 0.004166666666666667 0.019166666666666665
0 0.44 0.39 0.004166666666666667 0.0225
4 0.6066666666666667 0.36666666666666664 0.004166666666666667 0.020833333333333332
4 0.6333333333333333 0.3983333333333333 0.006666666666666667 0.035833333333333335
0 0.5958333333333333 0.38333333333333336 0.006666666666666667 0.0275
0 0.5141666666666667 0.3975 0.006666666666666667 0.028333333333333332
0 0.38666666666666666 0.43083333333333335 0.010833333333333334 0.04416666666666667
0 0.19166666666666668 0.3933333333333333 0.005 0.0225
0 0.6291666666666667 0.37166666666666665 0.005 0.024166666666666666
4 0.375 0.3908333333333333 0.004166666666666667 0.020833333333333332
4 0.7558333333333334 0.38416666666666666 0.005833333333333334 0.0275
4 0.67 0.365 0.004166666666666667 0.020833333333333332
0 0.58 0.375 0.005 0.019166666666666665
4 0.725 0.36916666666666664 0.005 0.021666666666666667
4 0.23666666666666666 0.3883333333333333 0.005 0.019166666666666665
0 0.13333333333333333 0.39166666666666666 0.005 0.019166666666666665
0 0.5125 0.38333333333333336 0.004166666666666667 0.020833333333333332
4 0.6975 0.39 0.0075 0.03166666666666667
4 0.7525 0.37583333333333335 0.0033333333333333335 0.021666666666666667