0 0.11416666666666667 0.2925 0.014166666666666666 0.05
4 0.5025 0.4225 0.019166666666666665 0.0775
4 0.45666666666666667 0.3675 0.014166666666666666 0.058333333333333334
4 0.24583333333333332 0.2783333333333333 0.009166666666666667 0.03666666666666667
4 0.37 0.325 0.0125 0.0475
0 0.07833333333333334 0.27416666666666667 0.0125 0.04666666666666667
4 0.17916666666666667 0.25916666666666666 0.009166666666666667 0.03333333333333333
4 0.115 0.24333333333333335 0.008333333333333333 0.0325
0 0.1525 0.31583333333333335 0.013333333333333334 0.0575
0 0.16416666666666666 0.35 0.019166666666666665 0.06916666666666667
0 0.13916666666666666 0.38166666666666665 0.020833333333333332 0.085
4 0.30333333333333334 0.2975 0.01 0.0425
4 0.5333333333333333 0.5841666666666666 0.035833333333333335 0.14666666666666667
4 0.7716666666666666 0.31833333333333336 0.004166666666666667 0.013333333333333334
0 0.9166666666666666 0.3466666666666667 0.004166666666666667 0.015
4 0.275 0.2325 0.004166666666666667 0.0175
0 0.2991666666666667 0.23333333333333334 0.004166666666666667 0.015
4 0.4025 0.24166666666666667 0.0025 0.011666666666666667
4 0.1375 0.2125 0.005833333333333334 0.018333333333333333
4 0.32166666666666666 0.24 0.005 0.016666666666666666
4 0.058333333333333334 0.20083333333333334 0.005 0.0175
0 0.07083333333333333 0.19916666666666666 0.004166666666666667 0.0175
0 0.7666666666666667 0.31416666666666665 0.0033333333333333335 0.013333333333333334
4 0.7433333333333333 0.31166666666666665 0.0033333333333333335 0.013333333333333334
4 0.39666666666666667 0.24916666666666668 0.004166666666666667 0.015
4 0.8633333333333333 0.3358333333333333 0.004166666666666667 0.013333333333333334
0 0.2683333333333333 0.22916666666666666 0.004166666666666667 0.014166666666666666
0 0.8575 0.3325 0.004166666666666667 0.013333333333333334
4 0.4225 0.24916666666666668 0.0033333333333333335 0.013333333333333334
4 0.41083333333333333 0.24166666666666667 0.0025 0.010833333333333334
0 0.7258333333333333 0.30666666666666664 0.004166666666666667 0.014166666666666666
4 0.36083333333333334 0.245 0.004166666666666667 0.016666666666666666
4 0.8008333333333333 0.3225 0.004166666666666667 0.013333333333333334
0 0.6066666666666667 0.2808333333333333 0.0033333333333333335 0.011666666666666667
4 0.9491666666666667 0.35833333333333334 0.0033333333333333335 0.016666666666666666
4 0.5675 0.275 0.0033333333333333335 0.013333333333333334
0 0.35583333333333333 0.23416666666666666 0.0025 0.011666666666666667
4 0.42833333333333334 0.24416666666666667 0.0033333333333333335 0.01
4 0.7091666666666666 0.30583333333333335 0.004166666666666667 0.014166666666666666
0 0.655 0.2916666666666667 0.004166666666666667 0.011666666666666667
0 0.32666666666666666 0.23666666666666666 0.0033333333333333335 0.014166666666666666
4 0.415 0.25083333333333335 0.0033333333333333335 0.014166666666666666
0 0.8908333333333334 0.34 0.004166666666666667 0.013333333333333334
0 0.1425 0.21 0.004166666666666667 0.015
4 0.84 0.3308333333333333 0.004166666666666667 0.013333333333333334
4 0.5525 0.2708333333333333 0.0033333333333333335 0.013333333333333334
4 0.9091666666666667 0.34833333333333333 0.005 0.014166666666666666
0 0.7025 0.3016666666666667 0.004166666666666667 0.014166666666666666
0 0.5741666666666667 0.2725 0.0033333333333333335 0.010833333333333334
4 0.4691666666666667 0.25083333333333335 0.0033333333333333335 0.010833333333333334
0 0.3675 0.24 0.004166666666666667 0.014166666666666666
0 0.5941666666666666 0.2775 0.0033333333333333335 0.011666666666666667
4 0.49583333333333335 0.25666666666666665 0.0025 0.010833333333333334
0 0.7466666666666667 0.31083333333333335 0.0033333333333333335 0.013333333333333334
0 0.37583333333333335 0.235 0.0025 0.008333333333333333
0 0.48083333333333333 0.25166666666666665 0.0033333333333333335 0.01
0 0.3475 0.23916666666666667 0.004166666666666667 0.013333333333333334
4 0.5975 0.2825 0.0033333333333333335 0.013333333333333334
0 0.8075 0.32166666666666666 0.0033333333333333335 0.013333333333333334
4 0.5358333333333334 0.26666666666666666 0.0025 0.013333333333333334
4 0.52 0.26166666666666666 0.0033333333333333335 0.010833333333333334
0 0.6291666666666667 0.2866666666666667 0.0033333333333333335 0.011666666666666667
4 0.41833333333333333 0.2475 0.0033333333333333335 0.011666666666666667
4 0.2025 0.2225 0.005 0.0175
4 0.6325 0.29 0.004166666666666667 0.013333333333333334
0 0.4066666666666667 0.23916666666666667 0.0025 0.010833333333333334
4 0.6733333333333333 0.29833333333333334 0.0033333333333333335 0.014166666666666666
0 0.44333333333333336 0.245 0.0025 0.01
0 0.5483333333333333 0.26666666666666666 0.0025 0.01
0 0.5158333333333334 0.25833333333333336 0.0033333333333333335 0.010833333333333334
4 0.445 0.2475 0.0025 0.01
4 0.05 0.23416666666666666 0.0016666666666666668 0.025
0 0.6758333333333333 0.29583333333333334 0.0025 0.014166666666666666
4 0.4008333333333333 0.24083333333333334 0.0025 0.011666666666666667
0 0.3591666666666667 0.23916666666666667 0.0025 0.013333333333333334
1 0.20833333333333334 0.21833333333333332 0.005833333333333334 0.025833333333333333
1 0.2075 0.21416666666666667 0.004166666666666667 0.024166666666666666