0 0.7108333333333333 0.2866666666666667 0.0125 0.05416666666666667
0 0.33666666666666667 0.2791666666666667 0.009166666666666667 0.03333333333333333
0 0.54 0.26416666666666666 0.009166666666666667 0.03666666666666667
4 0.34833333333333333 0.26416666666666666 0.0075 0.028333333333333332
4 0.7283333333333334 0.2475 0.010833333333333334 0.03833333333333333
0 0.6316666666666667 0.26916666666666667 0.010833333333333334 0.043333333333333335
4 0.2075 0.2875 0.008333333333333333 0.029166666666666667
4 0.6016666666666667 0.24416666666666667 0.009166666666666667 0.0325
4 0.48083333333333333 0.25083333333333335 0.0075 0.029166666666666667
0 0.125 0.31916666666666665 0.010833333333333334 0.03666666666666667
4 0.8533333333333334 0.2625 0.013333333333333334 0.049166666666666664
2 0.8941666666666667 0.19333333333333333 0.005833333333333334 0.021666666666666667
0 0.2225 0.2975 0.01 0.035
2 0.8625 0.245 0.010833333333333334 0.0425
1 0.775 0.36333333333333334 0.025 0.165
4 0.085 0.31333333333333335 0.01 0.035
0 0.5833333333333334 0.5758333333333333 0.0525 0.18333333333333332
0 0.445 0.2675 0.008333333333333333 0.035
2 0.9233333333333333 0.19166666666666668 0.005833333333333334 0.0225
1 0.7408333333333333 0.41 0.04666666666666667 0.20333333333333334
2 0.8783333333333333 0.22 0.008333333333333333 0.03166666666666667
0 0.765 0.415 0.021666666666666667 0.115
2 0.8875 0.20416666666666666 0.0075 0.025833333333333333
3 0.915 0.1875 0.0033333333333333335 0.016666666666666666