0 0.49833333333333335 0.33916666666666667 0.0175 0.07166666666666667
0 0.5183333333333333 0.3883333333333333 0.0225 0.09416666666666666
4 0.7658333333333334 0.2975 0.016666666666666666 0.06333333333333334
0 0.5391666666666667 0.2275 0.005833333333333334 0.024166666666666666
0 0.47833333333333333 0.24166666666666667 0.006666666666666667 0.0275
4 0.6441666666666667 0.275 0.0125 0.05
4 0.6691666666666667 0.21833333333333332 0.006666666666666667 0.025
4 0.5725 0.2475 0.008333333333333333 0.035
4 0.7225 0.21083333333333334 0.006666666666666667 0.024166666666666666
4 0.8966666666666666 0.3441666666666667 0.0275 0.08916666666666667
4 0.945 0.2 0.008333333333333333 0.028333333333333332
4 0.5866666666666667 0.2633333333333333 0.010833333333333334 0.04
0 0.4 0.285 0.01 0.0425
0 0.455 0.31583333333333335 0.014166666666666666 0.06
0 0.7708333333333334 0.19916666666666666 0.005833333333333334 0.021666666666666667
4 0.8558333333333333 0.2025 0.006666666666666667 0.024166666666666666
0 0.49166666666666664 0.51 0.03666666666666667 0.1475
4 0.59 0.23666666666666666 0.006666666666666667 0.030833333333333334
0 0.4375 0.26 0.008333333333333333 0.0325
0 0.6858333333333333 0.20583333333333334 0.005833333333333334 0.0225
0 0.3383333333333333 0.7225 0.0675 0.2425
0 0.6091666666666666 0.215 0.005833333333333334 0.0225
4 0.8033333333333333 0.20583333333333334 0.006666666666666667 0.024166666666666666
4 0.625 0.22583333333333333 0.006666666666666667 0.028333333333333332
0 0.86 0.19416666666666665 0.005 0.020833333333333332