0 0.8875 0.22666666666666666 0.0075 0.03166666666666667
0 0.7016666666666667 0.4633333333333333 0.029166666666666667 0.1225
0 0.8283333333333334 0.2991666666666667 0.0125 0.05583333333333333
0 0.8575 0.265 0.010833333333333334 0.043333333333333335
0 0.8758333333333334 0.24 0.009166666666666667 0.035833333333333335
1 0.7866666666666666 0.32916666666666666 0.0175 0.12166666666666667
0 0.7775 0.36916666666666664 0.015833333333333335 0.08333333333333333
0 0.525 0.6683333333333333 0.0575 0.21416666666666667
1 0.7608333333333334 0.3575 0.0325 0.14583333333333334
0 0.9008333333333334 0.21166666666666667 0.0075 0.025833333333333333
0 0.9191666666666667 0.20416666666666666 0.005833333333333334 0.0225
0 0.9308333333333333 0.19583333333333333 0.005 0.020833333333333332
0 0.9375 0.1875 0.004166666666666667 0.018333333333333333