0 0.4266666666666667 0.5583333333333333 0.005 0.010833333333333334
0 0.435 0.5591666666666667 0.005 0.009166666666666667
0 0.43166666666666664 0.5608333333333333 0.005 0.01
0 0.4275 0.5641666666666667 0.006666666666666667 0.011666666666666667
0 0.42083333333333334 0.5675 0.006666666666666667 0.014166666666666666
0 0.4141666666666667 0.5733333333333334 0.008333333333333333 0.015833333333333335
0 0.4058333333333333 0.5808333333333333 0.010833333333333334 0.02
0 0.3908333333333333 0.5916666666666667 0.014166666666666666 0.025
0 0.36083333333333334 0.6116666666666667 0.019166666666666665 0.03333333333333333
0 0.30333333333333334 0.6525 0.03333333333333333 0.05
0 0.12166666666666667 0.7841666666666667 0.0825 0.11916666666666667
0 0.14166666666666666 0.5758333333333333 0.008333333333333333 0.011666666666666667
0 0.13 0.5775 0.008333333333333333 0.013333333333333334
0 0.1625 0.5783333333333334 0.008333333333333333 0.015
0 0.17416666666666666 0.5725 0.005 0.011666666666666667
0 0.18583333333333332 0.5858333333333333 0.010833333333333334 0.018333333333333333
0 0.20166666666666666 0.5791666666666667 0.008333333333333333 0.015833333333333335
0 0.25166666666666665 0.5675 0.005833333333333334 0.01
0 0.3225 0.5625 0.005 0.009166666666666667
0 0.3825 0.5591666666666667 0.005833333333333334 0.009166666666666667
0 0.405 0.5583333333333333 0.005 0.008333333333333333
4 0.8641666666666666 0.7675 0.06333333333333334 0.11333333333333333
4 0.6783333333333333 0.6466666666666666 0.03333333333333333 0.050833333333333335
4 0.6041666666666666 0.6083333333333333 0.0225 0.034166666666666665
4 0.57 0.59 0.015833333333333335 0.024166666666666666
4 0.5516666666666666 0.5783333333333334 0.0125 0.02
4 0.5333333333333333 0.5716666666666667 0.01 0.015833333333333335
4 0.5241666666666667 0.5658333333333333 0.0075 0.013333333333333334
4 0.5191666666666667 0.5625 0.005 0.011666666666666667
4 0.515 0.56 0.004166666666666667 0.01
4 0.5108333333333334 0.5575 0.004166666666666667 0.009166666666666667
4 0.5016666666666667 0.5566666666666666 0.0033333333333333335 0.009166666666666667
4 0.4725 0.555 0.0033333333333333335 0.008333333333333333
4 0.44666666666666666 0.5558333333333333 0.0033333333333333335 0.006666666666666667
4 0.08333333333333333 0.5775 0.006666666666666667 0.0125
4 0.14083333333333334 0.5716666666666667 0.005 0.01
4 0.2175 0.5683333333333334 0.005 0.010833333333333334
4 0.28583333333333333 0.5641666666666667 0.005 0.009166666666666667
4 0.3458333333333333 0.5608333333333333 0.005 0.009166666666666667
4 0.37416666666666665 0.5583333333333333 0.005 0.009166666666666667
4 0.4091666666666667 0.5575 0.004166666666666667 0.0075