4 0.7391666666666666 0.62 0.04083333333333333 0.13333333333333333
0 0.1675 0.445 0.021666666666666667 0.0725
0 0.11833333333333333 0.7008333333333333 0.06416666666666666 0.19666666666666666
0 0.6941666666666667 0.4025 0.01 0.03833333333333333
0 0.835 0.4225 0.011666666666666667 0.04416666666666667
4 0.17083333333333334 0.36666666666666664 0.009166666666666667 0.03666666666666667
0 0.3541666666666667 0.36833333333333335 0.0075 0.030833333333333334
4 0.08916666666666667 0.3883333333333333 0.0125 0.05
4 0.39416666666666667 0.3883333333333333 0.009166666666666667 0.03666666666666667
4 0.6058333333333333 0.4241666666666667 0.010833333333333334 0.04583333333333333
4 0.7875 0.4691666666666667 0.019166666666666665 0.06166666666666667
0 0.5775 0.3908333333333333 0.0075 0.03333333333333333
0 0.23166666666666666 0.35833333333333334 0.008333333333333333 0.029166666666666667
4 0.3725 0.4175 0.013333333333333334 0.0525
4 0.6433333333333333 0.5033333333333333 0.023333333333333334 0.0825
4 0.5208333333333334 0.44 0.014166666666666666 0.056666666666666664
4 0.2675 0.37583333333333335 0.009166666666666667 0.03666666666666667
0 0.3258333333333333 0.5033333333333333 0.0275 0.09166666666666666
0 0.13916666666666666 0.3475 0.008333333333333333 0.028333333333333332
4 0.06 0.35583333333333333 0.01 0.03333333333333333
4 0.22833333333333333 0.4 0.0125 0.0475
0 0.06333333333333334 0.3375 0.004166666666666667 0.025
0 0.485 0.37833333333333335 0.005833333333333334 0.028333333333333332