0 0.5308333333333334 0.44583333333333336 0.015 0.06166666666666667
0 0.6266666666666667 0.37416666666666665 0.008333333333333333 0.03333333333333333
0 0.5941666666666666 0.39916666666666667 0.01 0.043333333333333335
0 0.39666666666666667 0.5475 0.03166666666666667 0.10833333333333334
4 0.7708333333333334 0.37666666666666665 0.01 0.03833333333333333
4 0.8916666666666667 0.3591666666666667 0.008333333333333333 0.03333333333333333
0 0.67 0.34 0.005 0.020833333333333332
0 0.66 0.34833333333333333 0.005833333333333334 0.025
4 0.7883333333333333 0.41333333333333333 0.013333333333333334 0.05333333333333334
0 0.6458333333333334 0.36 0.006666666666666667 0.028333333333333332
4 0.7808333333333334 0.31916666666666665 0.0033333333333333335 0.014166666666666666
0 0.6908333333333333 0.3233333333333333 0.0033333333333333335 0.014166666666666666
4 0.9408333333333333 0.37083333333333335 0.010833333333333334 0.04
4 0.935 0.315 0.0033333333333333335 0.014166666666666666
4 0.8116666666666666 0.4791666666666667 0.021666666666666667 0.08583333333333333
0 0.6858333333333333 0.3283333333333333 0.0033333333333333335 0.015
4 0.825 0.31666666666666665 0.0033333333333333335 0.013333333333333334
0 0.6791666666666667 0.3333333333333333 0.004166666666666667 0.016666666666666666
4 0.9175 0.3325 0.005833333333333334 0.021666666666666667
4 0.7641666666666667 0.35833333333333334 0.006666666666666667 0.029166666666666667
4 0.7591666666666667 0.3466666666666667 0.005 0.021666666666666667
4 0.8716666666666667 0.35083333333333333 0.008333333333333333 0.028333333333333332
0 0.9458333333333333 0.31 0.0033333333333333335 0.014166666666666666
4 0.7508333333333334 0.33166666666666667 0.0025 0.015
4 0.7583333333333333 0.32166666666666666 0.0033333333333333335 0.015
0 0.8083333333333333 0.31416666666666665 0.0025 0.013333333333333334
0 0.7166666666666667 0.31916666666666665 0.0033333333333333335 0.014166666666666666
4 0.7541666666666667 0.3375 0.004166666666666667 0.018333333333333333
4 0.7491666666666666 0.325 0.0016666666666666668 0.013333333333333334
0 0.755 0.31666666666666665 0.0025 0.013333333333333334
4 0.89 0.34 0.006666666666666667 0.025833333333333333