0 0.8175 0.28833333333333333 0.0125 0.0525
0 0.7566666666666667 0.36916666666666664 0.02 0.0825
0 0.8625 0.22833333333333333 0.0075 0.028333333333333332
0 0.8458333333333333 0.25 0.008333333333333333 0.03666666666666667
0 0.8716666666666667 0.215 0.005 0.024166666666666666
0 0.8783333333333333 0.20583333333333334 0.004166666666666667 0.019166666666666665
0 0.8833333333333333 0.19916666666666666 0.0033333333333333335 0.0175
0 0.4691666666666667 0.7341666666666666 0.0675 0.225
2 0.945 0.18166666666666667 0.0025 0.013333333333333334
2 0.9408333333333333 0.18083333333333335 0.0025 0.010833333333333334
0 0.8866666666666667 0.19333333333333333 0.0033333333333333335 0.015
1 0.89 0.185 0.004166666666666667 0.024166666666666666
1 0.9491666666666667 0.18083333333333335 0.004166666666666667 0.024166666666666666
4 0.95 0.18833333333333332 0.0033333333333333335 0.016666666666666666
4 0.8216666666666667 0.19 0.0025 0.013333333333333334