0 0.7566666666666667 0.24416666666666667 0.0075 0.0325
0 0.57 0.2425 0.0075 0.028333333333333332
0 0.845 0.2758333333333333 0.0125 0.0525
0 0.82 0.2975 0.015833333333333335 0.060833333333333336
0 0.7108333333333333 0.24083333333333334 0.0075 0.03333333333333333
0 0.8291666666666667 0.26 0.01 0.04416666666666667
4 0.8616666666666667 0.22833333333333333 0.0075 0.0325
0 0.6658333333333334 0.24 0.006666666666666667 0.028333333333333332
1 0.7491666666666666 0.3408333333333333 0.020833333333333332 0.14
0 0.7958333333333333 0.25083333333333335 0.01 0.03666666666666667
4 0.9291666666666667 0.19833333333333333 0.005833333333333334 0.020833333333333332
4 0.9458333333333333 0.23333333333333334 0.009166666666666667 0.03666666666666667
0 0.51 0.24 0.005 0.024166666666666666
0 0.4975 0.235 0.004166666666666667 0.021666666666666667
0 0.8816666666666667 0.19416666666666665 0.005 0.019166666666666665
1 0.7241666666666666 0.3575 0.035 0.15
0 0.8116666666666666 0.1975 0.005 0.015
4 0.6491666666666667 0.215 0.005 0.0175
4 0.7941666666666667 0.2025 0.004166666666666667 0.0175
4 0.7175 0.225 0.005833333333333334 0.024166666666666666
0 0.5575 0.5391666666666667 0.04416666666666667 0.16083333333333333
4 0.5808333333333333 0.22583333333333333 0.005 0.021666666666666667
4 0.6116666666666667 0.21916666666666668 0.005 0.0175
0 0.6825 0.20666666666666667 0.0033333333333333335 0.016666666666666666
4 0.8716666666666667 0.20083333333333334 0.005833333333333334 0.019166666666666665
4 0.595 0.22916666666666666 0.005833333333333334 0.024166666666666666
4 0.5908333333333333 0.22166666666666668 0.005 0.0175
4 0.79 0.225 0.0075 0.025833333333333333
0 0.5191666666666667 0.2275 0.004166666666666667 0.019166666666666665
0 0.9158333333333334 0.19333333333333333 0.005 0.0175
4 0.625 0.22916666666666666 0.006666666666666667 0.024166666666666666
0 0.5658333333333333 0.21916666666666668 0.004166666666666667 0.0175
0 0.6225 0.21166666666666667 0.005 0.015
4 0.6991666666666667 0.21 0.005833333333333334 0.0175
0 0.745 0.20083333333333334 0.0025 0.015
4 0.7483333333333333 0.20666666666666667 0.005 0.0175
0 0.7408333333333333 0.37416666666666665 0.015833333333333335 0.09166666666666666