0 0.085 0.47333333333333333 0.0325 0.10083333333333333
0 0.3358333333333333 0.4166666666666667 0.018333333333333333 0.065
0 0.565 0.465 0.02 0.07583333333333334
0 0.5258333333333334 0.4025 0.013333333333333334 0.05
0 0.7533333333333333 0.43916666666666665 0.015833333333333335 0.058333333333333334
0 0.7483333333333333 0.38416666666666666 0.008333333333333333 0.03333333333333333
0 0.5866666666666667 0.38416666666666666 0.01 0.04
0 0.6716666666666666 0.3616666666666667 0.0075 0.028333333333333332
4 0.49 0.3541666666666667 0.008333333333333333 0.0325
0 0.3491666666666667 0.5708333333333333 0.04083333333333333 0.13666666666666666
0 0.8016666666666666 0.4116666666666667 0.0125 0.04583333333333333
4 0.9241666666666667 0.4033333333333333 0.010833333333333334 0.03916666666666667
4 0.18 0.39 0.016666666666666666 0.0575
4 0.36833333333333335 0.37583333333333335 0.011666666666666667 0.04583333333333333
4 0.4708333333333333 0.36666666666666664 0.009166666666666667 0.03833333333333333
0 0.5966666666666667 0.3675 0.0075 0.0325
0 0.59 0.3525 0.006666666666666667 0.028333333333333332
0 0.5925 0.3433333333333333 0.004166666666666667 0.0225
4 0.82 0.3775 0.008333333333333333 0.029166666666666667
4 0.775 0.3616666666666667 0.008333333333333333 0.028333333333333332
4 0.7966666666666666 0.355 0.006666666666666667 0.0225
4 0.8383333333333334 0.3516666666666667 0.005 0.020833333333333332
4 0.8566666666666667 0.3466666666666667 0.004166666666666667 0.0175
4 0.4841666666666667 0.3433333333333333 0.006666666666666667 0.0275
0 0.6641666666666667 0.35 0.005833333333333334 0.024166666666666666
4 0.5125 0.33416666666666667 0.005 0.0225
4 0.5458333333333333 0.32916666666666666 0.005 0.020833333333333332
0 0.6908333333333333 0.3441666666666667 0.005 0.020833333333333332
4 0.5691666666666667 0.32416666666666666 0.004166666666666667 0.0175