0 0.2991666666666667 0.4091666666666667 0.010833333333333334 0.04416666666666667
0 0.2825 0.4533333333333333 0.015 0.06333333333333334
0 0.3283333333333333 0.5475 0.024166666666666666 0.10666666666666667
4 0.625 0.5083333333333333 0.024166666666666666 0.08583333333333333
4 0.69 0.435 0.010833333333333334 0.0475
4 0.7933333333333333 0.39 0.006666666666666667 0.025
0 0.8891666666666667 0.4141666666666667 0.008333333333333333 0.035
4 0.48833333333333334 0.38416666666666666 0.006666666666666667 0.0275
0 0.8325 0.415 0.0075 0.03666666666666667
0 0.45666666666666667 0.36833333333333335 0.005 0.024166666666666666
4 0.8016666666666666 0.4633333333333333 0.016666666666666666 0.06166666666666667
4 0.5333333333333333 0.37833333333333335 0.006666666666666667 0.025833333333333333
0 0.5233333333333333 0.36583333333333334 0.004166666666666667 0.020833333333333332
4 0.8658333333333333 0.6708333333333333 0.051666666666666666 0.1575
4 0.6958333333333333 0.39416666666666667 0.0075 0.030833333333333334
0 0.32916666666666666 0.38666666666666666 0.0075 0.03333333333333333
4 0.645 0.415 0.008333333333333333 0.03916666666666667
2 0.20333333333333334 0.34 0.005 0.016666666666666666
0 0.8391666666666666 0.4275 0.010833333333333334 0.04416666666666667
4 0.48 0.3983333333333333 0.008333333333333333 0.03333333333333333
4 0.8916666666666667 0.4008333333333333 0.004166666666666667 0.025
4 0.5833333333333334 0.37583333333333335 0.005 0.0225
0 0.6558333333333334 0.37083333333333335 0.004166666666666667 0.019166666666666665
2 0.1475 0.34 0.005833333333333334 0.019166666666666665
2 0.0975 0.3433333333333333 0.005833333333333334 0.021666666666666667
0 0.8425 0.3908333333333333 0.005 0.020833333333333332
4 0.4708333333333333 0.4191666666666667 0.01 0.03833333333333333
0 0.935 0.4025 0.005833333333333334 0.021666666666666667
4 0.5133333333333333 0.45166666666666666 0.015833333333333335 0.06
4 0.6541666666666667 0.4041666666666667 0.006666666666666667 0.03333333333333333
4 0.6283333333333333 0.37416666666666665 0.005 0.021666666666666667
4 0.82 0.3975 0.006666666666666667 0.0275
4 0.7475 0.3925 0.006666666666666667 0.028333333333333332
4 0.7033333333333334 0.38083333333333336 0.005 0.024166666666666666
0 0.7416666666666667 0.37916666666666665 0.005 0.020833333333333332
0 0.5816666666666667 0.36583333333333334 0.0033333333333333335 0.020833333333333332
0 0.3875 0.37416666666666665 0.006666666666666667 0.025833333333333333
0 0.1 0.78 0.030833333333333334 0.13583333333333333