4 0.8641666666666666 0.7025 0.04666666666666667 0.175
0 0.43416666666666665 0.5425 0.03 0.10416666666666667
0 0.6008333333333333 0.4666666666666667 0.016666666666666666 0.06333333333333334
0 0.22833333333333333 0.7458333333333333 0.06166666666666667 0.2025
0 0.8033333333333333 0.42 0.01 0.0425
4 0.9233333333333333 0.5316666666666666 0.024166666666666666 0.09166666666666666
0 0.29333333333333333 0.4041666666666667 0.009166666666666667 0.03666666666666667
0 0.665 0.4 0.008333333333333333 0.035
0 0.7325 0.435 0.0125 0.050833333333333335
0 0.7466666666666667 0.4025 0.008333333333333333 0.035833333333333335
0 0.05416666666666667 0.37583333333333335 0.008333333333333333 0.0325
0 0.5616666666666666 0.4066666666666667 0.008333333333333333 0.03333333333333333
4 0.23 0.38416666666666666 0.0075 0.03166666666666667
0 0.44333333333333336 0.4075 0.008333333333333333 0.03666666666666667
4 0.5866666666666667 0.3883333333333333 0.005833333333333334 0.025833333333333333
4 0.89 0.41333333333333333 0.008333333333333333 0.035
4 0.7858333333333334 0.39166666666666666 0.0075 0.029166666666666667
4 0.6891666666666667 0.3858333333333333 0.006666666666666667 0.028333333333333332
4 0.3441666666666667 0.39416666666666667 0.0075 0.03166666666666667
0 0.17416666666666666 0.3925 0.008333333333333333 0.035
4 0.4716666666666667 0.39416666666666667 0.006666666666666667 0.029166666666666667
4 0.059166666666666666 0.355 0.005833333333333334 0.0275
4 0.14416666666666667 0.36833333333333335 0.0075 0.028333333333333332