4 0.8491666666666666 0.5366666666666666 0.025 0.09333333333333334
0 0.4266666666666667 0.5525 0.030833333333333334 0.11083333333333334
4 0.75 0.42333333333333334 0.0125 0.04416666666666667
0 0.5658333333333333 0.41833333333333333 0.011666666666666667 0.0475
4 0.7058333333333333 0.4041666666666667 0.009166666666666667 0.03833333333333333
4 0.8766666666666667 0.39916666666666667 0.008333333333333333 0.0325
4 0.735 0.37416666666666665 0.005833333333333334 0.0225
0 0.5283333333333333 0.4575 0.016666666666666666 0.065
0 0.6491666666666667 0.36333333333333334 0.005 0.020833333333333332
4 0.6566666666666666 0.38916666666666666 0.008333333333333333 0.0325
4 0.9083333333333333 0.4116666666666667 0.010833333333333334 0.03916666666666667
4 0.785 0.46 0.015833333333333335 0.060833333333333336
0 0.5466666666666666 0.395 0.008333333333333333 0.035833333333333335
0 0.5316666666666666 0.38333333333333336 0.0075 0.030833333333333334
4 0.8316666666666667 0.385 0.0075 0.028333333333333332
0 0.7016666666666667 0.365 0.005 0.019166666666666665
0 0.9183333333333333 0.38166666666666665 0.0075 0.0275
4 0.6316666666666667 0.38166666666666665 0.006666666666666667 0.028333333333333332
4 0.795 0.37833333333333335 0.006666666666666667 0.024166666666666666
0 0.6041666666666666 0.3641666666666667 0.005833333333333334 0.021666666666666667
4 0.675 0.37166666666666665 0.006666666666666667 0.024166666666666666
0 0.8658333333333333 0.37333333333333335 0.006666666666666667 0.025
0 0.5208333333333334 0.37083333333333335 0.006666666666666667 0.025
2 0.47333333333333333 0.3441666666666667 0.0033333333333333335 0.015
0 0.5575 0.3675 0.005 0.021666666666666667
4 0.6266666666666667 0.37333333333333335 0.005833333333333334 0.025
2 0.5908333333333333 0.3491666666666667 0.0033333333333333335 0.015
2 0.42833333333333334 0.34 0.0033333333333333335 0.014166666666666666
2 0.5108333333333334 0.34 0.0025 0.011666666666666667
2 0.5366666666666666 0.335 0.0025 0.010833333333333334
2 0.5483333333333333 0.3441666666666667 0.0025 0.013333333333333334
2 0.5558333333333333 0.3491666666666667 0.004166666666666667 0.019166666666666665
2 0.56 0.33666666666666667 0.0025 0.010833333333333334
0 0.7641666666666667 0.36833333333333335 0.005833333333333334 0.020833333333333332