4 0.945 0.4008333333333333 0.011666666666666667 0.04666666666666667
4 0.16083333333333333 0.43083333333333335 0.03 0.11166666666666666
0 0.9483333333333334 0.35833333333333334 0.005833333333333334 0.028333333333333332
4 0.8333333333333334 0.3275 0.006666666666666667 0.024166666666666666
4 0.8508333333333333 0.36083333333333334 0.010833333333333334 0.03666666666666667
4 0.4325 0.5933333333333334 0.049166666666666664 0.17166666666666666
4 0.8116666666666666 0.3383333333333333 0.008333333333333333 0.030833333333333334
1 0.8583333333333333 0.3175 0.0075 0.03666666666666667
4 0.8625 0.3258333333333333 0.0033333333333333335 0.020833333333333332
1 0.8633333333333333 0.31833333333333336 0.005 0.035
4 0.8783333333333333 0.3225 0.005 0.019166666666666665
4 0.8925 0.32083333333333336 0.005 0.018333333333333333
4 0.8975 0.31833333333333336 0.004166666666666667 0.015
4 0.8858333333333334 0.315 0.004166666666666667 0.014166666666666666
0 0.9066666666666666 0.31416666666666665 0.004166666666666667 0.013333333333333334
0 0.8541666666666666 0.3025 0.0025 0.011666666666666667
4 0.8266666666666667 0.30083333333333334 0.0033333333333333335 0.014166666666666666
4 0.7658333333333334 0.2891666666666667 0.004166666666666667 0.013333333333333334
4 0.7291666666666666 0.2833333333333333 0.0033333333333333335 0.014166666666666666
4 0.6858333333333333 0.2775 0.0033333333333333335 0.014166666666666666
4 0.6558333333333334 0.2733333333333333 0.0033333333333333335 0.014166666666666666
4 0.63 0.27 0.0025 0.014166666666666666
4 0.5958333333333333 0.265 0.004166666666666667 0.015
4 0.555 0.25916666666666666 0.0025 0.014166666666666666
4 0.5141666666666667 0.25333333333333335 0.004166666666666667 0.015
4 0.4791666666666667 0.24666666666666667 0.0033333333333333335 0.015
4 0.44333333333333336 0.24166666666666667 0.0033333333333333335 0.015
4 0.41 0.235 0.0033333333333333335 0.014166666666666666
4 0.39416666666666667 0.23166666666666666 0.0025 0.013333333333333334
4 0.38666666666666666 0.22916666666666666 0.0025 0.011666666666666667
4 0.3775 0.22583333333333333 0.0025 0.013333333333333334
4 0.105 0.20166666666666666 0.004166666666666667 0.018333333333333333
4 0.14583333333333334 0.205 0.0033333333333333335 0.014166666666666666
0 0.06833333333333333 0.19416666666666665 0.0033333333333333335 0.013333333333333334
0 0.09666666666666666 0.19666666666666666 0.0033333333333333335 0.013333333333333334
0 0.11583333333333333 0.1975 0.0033333333333333335 0.014166666666666666
0 0.14166666666666666 0.19833333333333333 0.0025 0.011666666666666667
4 0.17416666666666666 0.205 0.0033333333333333335 0.014166666666666666
4 0.19666666666666666 0.20583333333333334 0.0025 0.013333333333333334
4 0.24083333333333334 0.20833333333333334 0.0025 0.011666666666666667
4 0.27 0.21166666666666667 0.0033333333333333335 0.011666666666666667
4 0.7966666666666666 0.2941666666666667 0.0025 0.013333333333333334
0 0.7441666666666666 0.2816666666666667 0.0033333333333333335 0.011666666666666667
0 0.6966666666666667 0.2758333333333333 0.0033333333333333335 0.011666666666666667
0 0.6275 0.26666666666666666 0.0025 0.013333333333333334
0 0.6058333333333333 0.2625 0.0025 0.011666666666666667
0 0.58 0.25916666666666666 0.0033333333333333335 0.014166666666666666
4 0.21583333333333332 0.2075 0.0025 0.008333333333333333
0 0.215 0.2025 0.0025 0.01
0 0.25916666666666666 0.20833333333333334 0.0025 0.01
0 0.3025 0.21333333333333335 0.0016666666666666668 0.010833333333333334
4 0.30083333333333334 0.215 0.0025 0.011666666666666667
4 0.33 0.21833333333333332 0.0025 0.010833333333333334
4 0.3566666666666667 0.2225 0.0025 0.010833333333333334
0 0.345 0.21833333333333332 0.0025 0.008333333333333333
0 0.3825 0.22333333333333333 0.0025 0.01
0 0.41583333333333333 0.23 0.0025 0.01
0 0.43666666666666665 0.235 0.0025 0.010833333333333334
0 0.455 0.23916666666666667 0.0025 0.013333333333333334
0 0.47583333333333333 0.24333333333333335 0.0016666666666666668 0.011666666666666667
0 0.5008333333333334 0.2475 0.0025 0.011666666666666667
0 0.5241666666666667 0.25083333333333335 0.0025 0.011666666666666667
0 0.5533333333333333 0.25583333333333336 0.0025 0.013333333333333334
0 0.6533333333333333 0.26916666666666667 0.0025 0.011666666666666667
0 0.44416666666666665 0.23666666666666666 0.0008333333333333334 0.010833333333333334
4 0.8091666666666667 0.32916666666666666 0.004166666666666667 0.0275