4 0.38333333333333336 0.6041666666666666 0.049166666666666664 0.19166666666666668
4 0.18333333333333332 0.43083333333333335 0.0325 0.11833333333333333
4 0.06333333333333334 0.3566666666666667 0.0275 0.08916666666666667
4 0.145 0.22416666666666665 0.005833333333333334 0.025
4 0.24833333333333332 0.23333333333333334 0.006666666666666667 0.025
4 0.3375 0.24166666666666667 0.005833333333333334 0.025
4 0.44166666666666665 0.2525 0.005 0.024166666666666666
4 0.5083333333333333 0.26 0.005 0.0225
4 0.5641666666666667 0.2633333333333333 0.005 0.021666666666666667
4 0.6108333333333333 0.265 0.0033333333333333335 0.019166666666666665
4 0.6316666666666667 0.2633333333333333 0.0025 0.018333333333333333
4 0.6358333333333334 0.26 0.0033333333333333335 0.016666666666666666
4 0.625 0.255 0.0025 0.014166666666666666
4 0.605 0.24583333333333332 0.0025 0.013333333333333334
4 0.5983333333333334 0.2475 0.0033333333333333335 0.014166666666666666
4 0.5941666666666666 0.24666666666666667 0.0033333333333333335 0.013333333333333334
4 0.6475 0.25083333333333335 0.0025 0.010833333333333334
4 0.6791666666666667 0.25583333333333336 0.0025 0.010833333333333334
4 0.7166666666666667 0.26166666666666666 0.0025 0.013333333333333334
4 0.7516666666666667 0.2683333333333333 0.0025 0.013333333333333334
4 0.7783333333333333 0.27416666666666667 0.0033333333333333335 0.013333333333333334
4 0.81 0.2833333333333333 0.0033333333333333335 0.014166666666666666
4 0.84 0.29 0.0033333333333333335 0.016666666666666666
4 0.8941666666666667 0.30083333333333334 0.004166666666666667 0.018333333333333333
0 0.07583333333333334 0.21 0.005833333333333334 0.021666666666666667
0 0.17416666666666666 0.21833333333333332 0.005 0.021666666666666667
0 0.2625 0.22583333333333333 0.005 0.021666666666666667
0 0.3408333333333333 0.23333333333333334 0.0033333333333333335 0.019166666666666665
0 0.43083333333333335 0.24333333333333335 0.004166666666666667 0.020833333333333332
0 0.4725 0.2475 0.004166666666666667 0.019166666666666665
0 0.5366666666666666 0.25083333333333335 0.004166666666666667 0.019166666666666665
0 0.5516666666666666 0.25083333333333335 0.004166666666666667 0.018333333333333333
0 0.56 0.24833333333333332 0.0033333333333333335 0.018333333333333333
0 0.5391666666666667 0.24 0.0025 0.014166666666666666
0 0.6408333333333334 0.2475 0.0025 0.011666666666666667
0 0.6891666666666667 0.255 0.0025 0.011666666666666667
0 0.7375 0.2633333333333333 0.0025 0.013333333333333334
0 0.785 0.27166666666666667 0.0025 0.013333333333333334
0 0.8283333333333334 0.2808333333333333 0.0033333333333333335 0.014166666666666666
0 0.8658333333333333 0.29 0.0033333333333333335 0.015
0 0.8891666666666667 0.2941666666666667 0.004166666666666667 0.016666666666666666
0 0.93 0.3025 0.004166666666666667 0.016666666666666666
1 0.3283333333333333 0.23333333333333334 0.0075 0.03916666666666667
1 0.3458333333333333 0.23583333333333334 0.0075 0.03916666666666667
1 0.35 0.22833333333333333 0.004166666666666667 0.035
1 0.3333333333333333 0.2275 0.005 0.0325
3 0.06166666666666667 0.18416666666666667 0.0025 0.014166666666666666
3 0.105 0.18583333333333332 0.0025 0.010833333333333334
3 0.15666666666666668 0.19583333333333333 0.0025 0.010833333333333334
3 0.18166666666666667 0.195 0.0025 0.01
3 0.21666666666666667 0.19916666666666666 0.0025 0.010833333333333334
3 0.22166666666666668 0.19583333333333333 0.0025 0.008333333333333333
3 0.23 0.2025 0.0033333333333333335 0.011666666666666667
3 0.24083333333333334 0.2 0.0025 0.010833333333333334
3 0.24583333333333332 0.19916666666666666 0.0025 0.0075
3 0.2875 0.20583333333333334 0.0033333333333333335 0.011666666666666667
3 0.31583333333333335 0.20083333333333334 0.0025 0.0075