4 0.725 0.32916666666666666 0.020833333333333332 0.075
0 0.41833333333333333 0.3858333333333333 0.019166666666666665 0.08083333333333333
4 0.6325 0.2975 0.016666666666666666 0.058333333333333334
0 0.37666666666666665 0.32666666666666666 0.014166666666666666 0.05333333333333334
0 0.31666666666666665 0.30833333333333335 0.010833333333333334 0.04
0 0.2475 0.29333333333333333 0.008333333333333333 0.029166666666666667
0 0.3433333333333333 0.315 0.0125 0.04666666666666667
0 0.36333333333333334 0.5858333333333333 0.045 0.1675
4 0.5008333333333334 0.2775 0.010833333333333334 0.03916666666666667
4 0.4608333333333333 0.27416666666666667 0.01 0.035833333333333335
0 0.41 0.44666666666666666 0.0275 0.10833333333333334
0 0.9241666666666667 0.18166666666666667 0.005 0.020833333333333332
4 0.6483333333333333 0.21583333333333332 0.005833333333333334 0.020833333333333332
0 0.8491666666666666 0.19166666666666668 0.006666666666666667 0.021666666666666667
0 0.39916666666666667 0.3475 0.016666666666666666 0.06416666666666666
4 0.815 0.20083333333333334 0.006666666666666667 0.0225
0 0.8066666666666666 0.19416666666666665 0.005 0.019166666666666665
4 0.4175 0.2708333333333333 0.009166666666666667 0.0325
0 0.28583333333333333 0.30083333333333334 0.01 0.03666666666666667
0 0.2733333333333333 0.26916666666666667 0.005833333333333334 0.021666666666666667
0 0.89 0.18583333333333332 0.005 0.019166666666666665
0 0.5225 0.2225 0.005 0.018333333333333333
0 0.24166666666666667 0.2825 0.005833333333333334 0.025833333333333333
4 0.5641666666666667 0.2825 0.0125 0.04583333333333333
4 0.5725 0.2225 0.005833333333333334 0.021666666666666667
4 0.4658333333333333 0.235 0.005 0.018333333333333333
4 0.5091666666666667 0.23 0.005 0.020833333333333332
0 0.59 0.215 0.005 0.0175
0 0.9433333333333334 0.17833333333333334 0.005 0.019166666666666665
4 0.42083333333333334 0.2425 0.004166666666666667 0.019166666666666665
4 0.8825 0.195 0.0075 0.0225
0 0.935 0.17166666666666666 0.004166666666666667 0.015
0 0.4525 0.2325 0.004166666666666667 0.0175
4 0.3591666666666667 0.2575 0.004166666666666667 0.021666666666666667
4 0.9483333333333334 0.1875 0.006666666666666667 0.0225
4 0.3825 0.25083333333333335 0.005833333333333334 0.021666666666666667
0 0.32416666666666666 0.25583333333333336 0.005833333333333334 0.019166666666666665
0 0.6583333333333333 0.20833333333333334 0.005833333333333334 0.020833333333333332
0 0.7241666666666666 0.2025 0.004166666666666667 0.019166666666666665
4 0.7208333333333333 0.20833333333333334 0.005833333333333334 0.025833333333333333
1 0.7183333333333334 0.19583333333333333 0.005833333333333334 0.03166666666666667
1 0.7125 0.20416666666666666 0.006666666666666667 0.035833333333333335
1 0.7275 0.20166666666666666 0.005833333333333334 0.035833333333333335
1 0.7308333333333333 0.19666666666666666 0.005 0.030833333333333334
4 0.3641666666666667 0.2675 0.008333333333333333 0.030833333333333334
0 0.385 0.24333333333333335 0.004166666666666667 0.020833333333333332
4 0.8358333333333333 0.3825 0.03 0.10666666666666667
0 0.9366666666666666 0.16833333333333333 0.004166666666666667 0.0175
3 0.7875 0.1675 0.0016666666666666668 0.006666666666666667
3 0.7816666666666666 0.16666666666666666 0.0025 0.0075
3 0.7783333333333333 0.16833333333333333 0.0016666666666666668 0.0075
3 0.7566666666666667 0.17583333333333334 0.0025 0.01
3 0.3441666666666667 0.23416666666666666 0.0025 0.01
3 0.3408333333333333 0.23166666666666666 0.0025 0.01
3 0.3491666666666667 0.23166666666666666 0.0025 0.010833333333333334
3 0.3466666666666667 0.22583333333333333 0.0025 0.010833333333333334
3 0.35333333333333333 0.22833333333333333 0.0025 0.008333333333333333
3 0.3625 0.2275 0.0025 0.01
3 0.40166666666666667 0.22083333333333333 0.0025 0.008333333333333333
3 0.4075 0.22083333333333333 0.0025 0.008333333333333333
3 0.43166666666666664 0.21833333333333332 0.0016666666666666668 0.0075
3 0.43666666666666665 0.21583333333333332 0.0016666666666666668 0.0075
3 0.44916666666666666 0.215 0.0025 0.008333333333333333
3 0.475 0.21 0.0025 0.008333333333333333
3 0.5025 0.21083333333333334 0.0025 0.008333333333333333
3 0.5308333333333334 0.20583333333333334 0.0025 0.008333333333333333
3 0.5708333333333333 0.20416666666666666 0.0025 0.011666666666666667
3 0.5891666666666666 0.20083333333333334 0.0025 0.01
3 0.6175 0.1975 0.0025 0.01
3 0.6208333333333333 0.19333333333333333 0.0025 0.008333333333333333
3 0.6283333333333333 0.1975 0.0025 0.011666666666666667
3 0.6375 0.19416666666666665 0.0025 0.01
3 0.6408333333333334 0.1925 0.0025 0.008333333333333333
3 0.6775 0.19166666666666668 0.0025 0.01
3 0.6841666666666667 0.18833333333333332 0.0016666666666666668 0.008333333333333333
3 0.6675 0.18666666666666668 0.0016666666666666668 0.0075
3 0.6991666666666667 0.17833333333333334 0.0016666666666666668 0.006666666666666667
3 0.7041666666666667 0.18166666666666667 0.0016666666666666668 0.008333333333333333
3 0.7158333333333333 0.17916666666666667 0.0025 0.008333333333333333
3 0.7216666666666667 0.1775 0.0016666666666666668 0.0075
3 0.745 0.17583333333333334 0.0016666666666666668 0.0075
3 0.7483333333333333 0.1725 0.0016666666666666668 0.005833333333333334
3 0.7533333333333333 0.17083333333333334 0.0016666666666666668 0.006666666666666667
3 0.30666666666666664 0.23833333333333334 0.0025 0.010833333333333334
3 0.30333333333333334 0.23583333333333334 0.0025 0.008333333333333333
3 0.30083333333333334 0.24 0.0016666666666666668 0.008333333333333333
3 0.2966666666666667 0.24333333333333335 0.0025 0.010833333333333334
3 0.285 0.24333333333333335 0.0025 0.010833333333333334
3 0.235 0.25333333333333335 0.0025 0.013333333333333334
3 0.22916666666666666 0.24583333333333332 0.0025 0.008333333333333333
3 0.21666666666666667 0.2525 0.0025 0.010833333333333334
3 0.25416666666666665 0.2475 0.0025 0.010833333333333334
3 0.7266666666666667 0.18 0.0025 0.01
3 0.17666666666666667 0.26 0.0025 0.011666666666666667
3 0.1325 0.265 0.0033333333333333335 0.014166666666666666
3 0.11166666666666666 0.2683333333333333 0.0025 0.011666666666666667