0 0.7766666666666666 0.35583333333333333 0.008333333333333333 0.035833333333333335
0 0.35083333333333333 0.335 0.015833333333333335 0.058333333333333334
0 0.49666666666666665 0.3275 0.010833333333333334 0.04583333333333333
0 0.6366666666666667 0.33666666666666667 0.009166666666666667 0.03833333333333333
0 0.9375 0.39 0.011666666666666667 0.03833333333333333
4 0.7216666666666667 0.37333333333333335 0.013333333333333334 0.04666666666666667
4 0.6166666666666667 0.37 0.015833333333333335 0.05583333333333333
4 0.8366666666666667 0.38916666666666666 0.015 0.04583333333333333
0 0.15916666666666668 0.39 0.030833333333333334 0.09583333333333334
4 0.4608333333333333 0.45916666666666667 0.025833333333333333 0.1075
4 0.5275 0.39 0.0175 0.07083333333333333
4 0.5083333333333333 0.7325 0.059166666666666666 0.22416666666666665
3 0.5858333333333333 0.29583333333333334 0.005833333333333334 0.021666666666666667
3 0.6675 0.315 0.005833333333333334 0.025
3 0.91 0.3433333333333333 0.004166666666666667 0.020833333333333332
3 0.8991666666666667 0.3458333333333333 0.005 0.019166666666666665
3 0.6508333333333334 0.29833333333333334 0.004166666666666667 0.018333333333333333