0 0.4116666666666667 0.4008333333333333 0.019166666666666665 0.0825
4 0.6791666666666667 0.32916666666666666 0.0175 0.06333333333333334
0 0.4475 0.46166666666666667 0.025 0.11166666666666666
0 0.3541666666666667 0.37166666666666665 0.015 0.0675
4 0.55 0.30916666666666665 0.011666666666666667 0.049166666666666664
0 0.7725 0.21333333333333335 0.004166666666666667 0.019166666666666665
0 0.25583333333333336 0.3441666666666667 0.010833333333333334 0.04583333333333333
4 0.5116666666666667 0.24833333333333332 0.004166666666666667 0.020833333333333332
0 0.23333333333333334 0.32083333333333336 0.008333333333333333 0.035
4 0.9225 0.2025 0.005 0.021666666666666667
0 0.9191666666666667 0.17833333333333334 0.0025 0.010833333333333334
0 0.3275 0.2791666666666667 0.005 0.0225
4 0.5641666666666667 0.24 0.004166666666666667 0.020833333333333332
4 0.845 0.37416666666666665 0.028333333333333332 0.0925
4 0.665 0.22916666666666666 0.004166666666666667 0.020833333333333332
4 0.42916666666666664 0.3 0.008333333333333333 0.03916666666666667
0 0.8425 0.20333333333333334 0.0033333333333333335 0.0175
4 0.3958333333333333 0.2925 0.006666666666666667 0.0325
0 0.8666666666666667 0.19916666666666666 0.0033333333333333335 0.016666666666666666
0 0.7408333333333333 0.215 0.004166666666666667 0.019166666666666665
4 0.8725 0.20916666666666667 0.004166666666666667 0.0225
0 0.265 0.29833333333333334 0.006666666666666667 0.0275
0 0.4033333333333333 0.6016666666666667 0.04416666666666667 0.17083333333333334
4 0.4633333333333333 0.25833333333333336 0.004166666666666667 0.021666666666666667
4 0.42083333333333334 0.26916666666666667 0.005 0.025833333333333333
0 0.6116666666666667 0.22583333333333333 0.004166666666666667 0.0175
0 0.39166666666666666 0.26166666666666666 0.004166666666666667 0.021666666666666667
0 0.6916666666666667 0.21916666666666668 0.004166666666666667 0.018333333333333333
4 0.6208333333333333 0.2325 0.004166666666666667 0.021666666666666667
0 0.8866666666666667 0.195 0.0025 0.016666666666666666
4 0.7466666666666667 0.22333333333333333 0.004166666666666667 0.0225
0 0.8983333333333333 0.1925 0.0025 0.015
4 0.4 0.2808333333333333 0.005833333333333334 0.030833333333333334
0 0.535 0.23666666666666666 0.004166666666666667 0.018333333333333333
0 0.9033333333333333 0.19 0.0025 0.015
0 0.4625 0.2475 0.004166666666666667 0.019166666666666665
4 0.8116666666666666 0.21833333333333332 0.004166666666666667 0.0225
0 0.8125 0.2075 0.004166666666666667 0.019166666666666665