0 0.6225 0.2733333333333333 0.010833333333333334 0.04416666666666667
0 0.665 0.2866666666666667 0.0125 0.0525
0 0.5716666666666667 0.26416666666666666 0.008333333333333333 0.041666666666666664
0 0.5233333333333333 0.2633333333333333 0.008333333333333333 0.03666666666666667
0 0.6275 0.4275 0.025 0.10833333333333334
0 0.4141666666666667 0.265 0.006666666666666667 0.030833333333333334
0 0.8941666666666667 0.185 0.004166666666666667 0.020833333333333332
4 0.8675 0.2575 0.0125 0.05
0 0.7 0.3566666666666667 0.020833333333333332 0.0825
0 0.3566666666666667 0.2633333333333333 0.005833333333333334 0.025
4 0.7933333333333333 0.20083333333333334 0.006666666666666667 0.020833333333333332
0 0.6958333333333333 0.31333333333333335 0.016666666666666666 0.065
0 0.9416666666666667 0.18083333333333335 0.005 0.021666666666666667
4 0.7666666666666667 0.24416666666666667 0.009166666666666667 0.03916666666666667
4 0.855 0.19583333333333333 0.006666666666666667 0.024166666666666666
0 0.3958333333333333 0.24 0.004166666666666667 0.019166666666666665
4 0.685 0.23916666666666667 0.008333333333333333 0.0325
4 0.7091666666666666 0.20416666666666666 0.005833333333333334 0.020833333333333332
4 0.465 0.24333333333333335 0.006666666666666667 0.025
4 0.47333333333333333 0.23166666666666666 0.005833333333333334 0.020833333333333332
4 0.6016666666666667 0.23833333333333334 0.008333333333333333 0.030833333333333334
4 0.5 0.22666666666666666 0.004166666666666667 0.020833333333333332
0 0.8058333333333333 0.1925 0.004166666666666667 0.019166666666666665
0 0.7316666666666667 0.19666666666666666 0.004166666666666667 0.019166666666666665
0 0.5216666666666666 0.21833333333333332 0.005 0.018333333333333333
4 0.6025 0.21333333333333335 0.005 0.019166666666666665
4 0.9358333333333333 0.19 0.006666666666666667 0.025
0 0.45416666666666666 0.22833333333333333 0.004166666666666667 0.019166666666666665
4 0.49666666666666665 0.24333333333333335 0.0075 0.028333333333333332
4 0.545 0.21916666666666668 0.005 0.021666666666666667
1 0.2275 0.6891666666666667 0.0525 0.315
0 0.1425 0.7925 0.03 0.11083333333333334
0 0.35833333333333334 0.2525 0.005 0.024166666666666666
0 0.8425 0.18916666666666668 0.004166666666666667 0.021666666666666667
0 0.59 0.20916666666666667 0.005 0.018333333333333333
0 0.66 0.20166666666666666 0.0033333333333333335 0.018333333333333333
4 0.45666666666666667 0.23833333333333334 0.005 0.0225
4 0.6583333333333333 0.20833333333333334 0.005833333333333334 0.020833333333333332