0 0.3433333333333333 0.5866666666666667 0.0375 0.1275
0 0.285 0.4483333333333333 0.013333333333333334 0.05583333333333333
4 0.7408333333333333 0.4266666666666667 0.008333333333333333 0.03333333333333333
4 0.5716666666666667 0.44333333333333336 0.010833333333333334 0.04416666666666667
4 0.8583333333333333 0.4533333333333333 0.014166666666666666 0.05
0 0.9325 0.4275 0.01 0.03333333333333333
4 0.9366666666666666 0.5 0.020833333333333332 0.07416666666666667
0 0.3875 0.4583333333333333 0.014166666666666666 0.06
0 0.6933333333333334 0.4116666666666667 0.006666666666666667 0.025
4 0.6516666666666666 0.4191666666666667 0.005833333333333334 0.0325
0 0.09583333333333334 0.46 0.0175 0.06666666666666667
0 0.14583333333333334 0.4025 0.0075 0.030833333333333334
4 0.37333333333333335 0.4266666666666667 0.009166666666666667 0.03833333333333333
4 0.935 0.7558333333333334 0.0325 0.1825
0 0.44416666666666665 0.48083333333333333 0.016666666666666666 0.07166666666666667
0 0.81 0.41833333333333333 0.0075 0.028333333333333332
4 0.555 0.415 0.0075 0.030833333333333334
4 0.44583333333333336 0.41333333333333333 0.0075 0.030833333333333334
4 0.13583333333333333 0.425 0.010833333333333334 0.043333333333333335
4 0.6558333333333334 0.45916666666666667 0.015833333333333335 0.05583333333333333
0 0.23916666666666667 0.40166666666666667 0.006666666666666667 0.0275
0 0.07666666666666666 0.39666666666666667 0.0075 0.028333333333333332
4 0.8358333333333333 0.43583333333333335 0.01 0.03666666666666667
4 0.25833333333333336 0.4241666666666667 0.01 0.041666666666666664
0 0.45916666666666667 0.4033333333333333 0.005833333333333334 0.024166666666666666
0 0.575 0.4058333333333333 0.005833333333333334 0.025
4 0.7491666666666666 0.4975 0.023333333333333334 0.075
4 0.3433333333333333 0.4116666666666667 0.006666666666666667 0.029166666666666667
4 0.45916666666666667 0.43166666666666664 0.010833333333333334 0.04
0 0.35 0.4025 0.005833333333333334 0.024166666666666666
4 0.22833333333333333 0.41333333333333333 0.009166666666666667 0.035
4 0.10333333333333333 0.4116666666666667 0.008333333333333333 0.03666666666666667