0 0.37583333333333335 0.6 0.015833333333333335 0.0275
0 0.24666666666666667 0.69 0.049166666666666664 0.06916666666666667
0 0.33666666666666667 0.6275 0.024166666666666666 0.04
0 0.3983333333333333 0.5858333333333333 0.010833333333333334 0.021666666666666667
0 0.09416666666666666 0.5933333333333334 0.013333333333333334 0.020833333333333332
0 0.21083333333333334 0.5808333333333333 0.009166666666666667 0.016666666666666666
0 0.22166666666666668 0.5766666666666667 0.009166666666666667 0.015
0 0.41 0.5775 0.009166666666666667 0.016666666666666666
0 0.15 0.5758333333333333 0.006666666666666667 0.011666666666666667
0 0.3283333333333333 0.5616666666666666 0.004166666666666667 0.009166666666666667
0 0.385 0.5591666666666667 0.005 0.009166666666666667
0 0.16 0.575 0.006666666666666667 0.0125
0 0.1825 0.5758333333333333 0.008333333333333333 0.013333333333333334
0 0.19 0.5716666666666667 0.006666666666666667 0.011666666666666667
0 0.2625 0.5658333333333333 0.005 0.009166666666666667
0 0.4066666666666667 0.5575 0.004166666666666667 0.009166666666666667
0 0.4166666666666667 0.5708333333333333 0.0075 0.015
0 0.4225 0.5666666666666667 0.006666666666666667 0.013333333333333334
0 0.4266666666666667 0.5575 0.0033333333333333335 0.009166666666666667
0 0.435 0.5583333333333333 0.0033333333333333335 0.01
0 0.43166666666666664 0.5608333333333333 0.004166666666666667 0.010833333333333334
0 0.42916666666666664 0.5641666666666667 0.005 0.011666666666666667
4 0.6283333333333333 0.6225 0.02666666666666667 0.04
4 0.58 0.5966666666666667 0.021666666666666667 0.028333333333333332
4 0.5408333333333334 0.5741666666666667 0.009166666666666667 0.015833333333333335
4 0.72 0.68 0.0475 0.0675
4 0.555 0.5825 0.011666666666666667 0.02
4 0.10416666666666667 0.5758333333333333 0.006666666666666667 0.010833333333333334
4 0.525 0.5691666666666667 0.006666666666666667 0.010833333333333334
4 0.07833333333333334 0.5875 0.008333333333333333 0.015833333333333335
4 0.08083333333333333 0.5783333333333334 0.006666666666666667 0.011666666666666667
4 0.15666666666666668 0.5716666666666667 0.005 0.010833333333333334
4 0.22916666666666666 0.5666666666666667 0.005 0.009166666666666667
4 0.29333333333333333 0.5633333333333334 0.005 0.009166666666666667
4 0.3491666666666667 0.5591666666666667 0.004166666666666667 0.009166666666666667
4 0.37666666666666665 0.5575 0.004166666666666667 0.008333333333333333
4 0.41 0.5566666666666666 0.0033333333333333335 0.008333333333333333
4 0.44666666666666666 0.5558333333333333 0.004166666666666667 0.009166666666666667
4 0.4708333333333333 0.5566666666666666 0.0033333333333333335 0.009166666666666667
4 0.49833333333333335 0.555 0.0033333333333333335 0.008333333333333333
4 0.5175 0.5641666666666667 0.006666666666666667 0.0125
4 0.5066666666666667 0.5575 0.004166666666666667 0.009166666666666667
4 0.5108333333333334 0.56 0.004166666666666667 0.009166666666666667
4 0.5133333333333333 0.5625 0.005 0.009166666666666667