0 0.23083333333333333 0.3591666666666667 0.02 0.075
0 0.49583333333333335 0.325 0.008333333333333333 0.03916666666666667
0 0.39666666666666667 0.33416666666666667 0.0125 0.050833333333333335
4 0.6083333333333333 0.4 0.015 0.060833333333333336
4 0.7383333333333333 0.3408333333333333 0.006666666666666667 0.0275
4 0.5333333333333333 0.45666666666666667 0.023333333333333334 0.0925
4 0.6641666666666667 0.37166666666666665 0.010833333333333334 0.04583333333333333
4 0.5283333333333333 0.5733333333333334 0.035833333333333335 0.14
0 0.605 0.31666666666666665 0.006666666666666667 0.0275
4 0.8075 0.3258333333333333 0.004166666666666667 0.015
0 0.6983333333333334 0.3 0.0033333333333333335 0.013333333333333334
4 0.9158333333333334 0.3425 0.0033333333333333335 0.013333333333333334
1 0.5508333333333333 0.31083333333333335 0.01 0.05416666666666667
4 0.6591666666666667 0.30666666666666664 0.005 0.019166666666666665
4 0.4925 0.265 0.004166666666666667 0.016666666666666666
4 0.4825 0.26166666666666666 0.004166666666666667 0.016666666666666666
0 0.6116666666666667 0.30416666666666664 0.005833333333333334 0.021666666666666667
4 0.6866666666666666 0.3 0.0033333333333333335 0.015
0 0.8341666666666666 0.3258333333333333 0.0033333333333333335 0.013333333333333334
1 0.695 0.3491666666666667 0.0125 0.060833333333333336
0 0.7783333333333333 0.31666666666666665 0.0033333333333333335 0.013333333333333334
4 0.8708333333333333 0.3375 0.0033333333333333335 0.014166666666666666
0 0.42083333333333334 0.25083333333333335 0.0033333333333333335 0.014166666666666666
4 0.4891666666666667 0.2608333333333333 0.0033333333333333335 0.015
0 0.9208333333333333 0.3416666666666667 0.0025 0.011666666666666667
0 0.8191666666666667 0.32416666666666666 0.0033333333333333335 0.013333333333333334
0 0.75 0.31083333333333335 0.0025 0.013333333333333334
0 0.43333333333333335 0.25666666666666665 0.0033333333333333335 0.015
0 0.5408333333333334 0.2816666666666667 0.004166666666666667 0.018333333333333333
0 0.5125 0.26166666666666666 0.0025 0.011666666666666667
0 0.5675 0.29 0.004166666666666667 0.019166666666666665
0 0.4775 0.2675 0.0033333333333333335 0.0175
0 0.435 0.25 0.0025 0.013333333333333334
4 0.7658333333333334 0.3175 0.0033333333333333335 0.015
4 0.7241666666666666 0.3466666666666667 0.006666666666666667 0.030833333333333334
4 0.5691666666666667 0.27416666666666667 0.0033333333333333335 0.015
0 0.4683333333333333 0.25416666666666665 0.0025 0.013333333333333334
0 0.5575 0.27 0.0025 0.011666666666666667
4 0.8441666666666666 0.3325 0.0033333333333333335 0.015
1 0.7025 0.3458333333333333 0.006666666666666667 0.0575
4 0.7275 0.33166666666666667 0.004166666666666667 0.025
0 0.7191666666666666 0.305 0.0025 0.011666666666666667
4 0.8875 0.34 0.0033333333333333335 0.013333333333333334
4 0.8983333333333333 0.3408333333333333 0.0025 0.014166666666666666
4 0.9375 0.3466666666666667 0.004166666666666667 0.013333333333333334
4 0.695 0.31833333333333336 0.004166666666666667 0.021666666666666667
4 0.6208333333333333 0.29583333333333334 0.004166666666666667 0.018333333333333333
4 0.6366666666666667 0.28833333333333333 0.0033333333333333335 0.014166666666666666
4 0.5758333333333333 0.285 0.004166666666666667 0.0175
4 0.5141666666666667 0.2708333333333333 0.004166666666666667 0.0175
4 0.5316666666666666 0.2675 0.0033333333333333335 0.015
4 0.5041666666666667 0.2625 0.0033333333333333335 0.014166666666666666
4 0.605 0.2808333333333333 0.004166666666666667 0.015
0 0.6516666666666666 0.29 0.0025 0.011666666666666667
0 0.6241666666666666 0.31333333333333335 0.005833333333333334 0.029166666666666667
0 0.5933333333333334 0.2975 0.004166666666666667 0.019166666666666665
0 0.5575 0.32083333333333336 0.005833333333333334 0.0325
1 0.5616666666666666 0.31083333333333335 0.006666666666666667 0.0525
0 0.7958333333333333 0.31916666666666665 0.0033333333333333335 0.013333333333333334
4 0.7216666666666667 0.3075 0.0033333333333333335 0.015
4 0.9008333333333334 0.34 0.0025 0.013333333333333334