0 0.7616666666666667 0.48333333333333334 0.045 0.1475
3 0.6125 0.21666666666666667 0.005 0.021666666666666667
3 0.6225 0.20583333333333334 0.004166666666666667 0.018333333333333333
3 0.6333333333333333 0.20333333333333334 0.005 0.0175
3 0.6275 0.19416666666666665 0.0033333333333333335 0.015
3 0.5916666666666667 0.21 0.004166666666666667 0.019166666666666665
3 0.5383333333333333 0.21166666666666667 0.004166666666666667 0.0175
3 0.49333333333333335 0.2225 0.004166666666666667 0.021666666666666667
3 0.4825 0.21 0.005 0.014166666666666666
3 0.4525 0.2 0.0033333333333333335 0.013333333333333334
3 0.4125 0.21916666666666668 0.005 0.0175
3 0.42583333333333334 0.20833333333333334 0.0033333333333333335 0.013333333333333334
3 0.7075 0.205 0.005 0.020833333333333332
3 0.6941666666666667 0.19416666666666665 0.004166666666666667 0.015
3 0.7125 0.19333333333333333 0.0033333333333333335 0.0225
3 0.7325 0.19 0.004166666666666667 0.016666666666666666
3 0.7958333333333333 0.1825 0.0033333333333333335 0.015
3 0.8158333333333333 0.185 0.004166666666666667 0.014166666666666666
3 0.865 0.18333333333333332 0.0025 0.015
3 0.9075 0.18333333333333332 0.004166666666666667 0.016666666666666666
3 0.3675 0.21583333333333332 0.004166666666666667 0.014166666666666666
3 0.35333333333333333 0.21333333333333335 0.0025 0.013333333333333334
3 0.3775 0.2075 0.0025 0.010833333333333334
3 0.5183333333333333 0.195 0.0033333333333333335 0.011666666666666667
3 0.5383333333333333 0.19166666666666668 0.0033333333333333335 0.010833333333333334
3 0.5575 0.18666666666666668 0.0025 0.008333333333333333
3 0.5733333333333334 0.18833333333333332 0.0025 0.011666666666666667
3 0.48583333333333334 0.195 0.0025 0.01
3 0.4816666666666667 0.19666666666666666 0.0025 0.008333333333333333
3 0.4725 0.19 0.0025 0.008333333333333333
3 0.4425 0.19083333333333333 0.0025 0.01
3 0.4216666666666667 0.20333333333333334 0.0033333333333333335 0.013333333333333334