0 0.7933333333333333 0.31333333333333335 0.015 0.06333333333333334
0 0.8475 0.24333333333333335 0.009166666666666667 0.03666666666666667
0 0.86 0.22833333333333333 0.008333333333333333 0.0325
0 0.7275 0.4033333333333333 0.024166666666666666 0.1
0 0.6166666666666667 0.5441666666666667 0.043333333333333335 0.16
0 0.8275 0.2725 0.011666666666666667 0.04666666666666667
0 0.9108333333333334 0.18833333333333332 0.004166666666666667 0.0175
0 0.8741666666666666 0.21333333333333335 0.006666666666666667 0.025833333333333333
1 0.7408333333333333 0.3525 0.021666666666666667 0.1425
1 0.7058333333333333 0.39166666666666666 0.0375 0.17166666666666666
0 0.8933333333333333 0.205 0.005833333333333334 0.0225
0 0.9041666666666667 0.19666666666666666 0.005 0.019166666666666665
0 0.9291666666666667 0.1825 0.004166666666666667 0.015
0 0.9491666666666667 0.18083333333333335 0.0033333333333333335 0.015