0 0.32083333333333336 0.3416666666666667 0.0125 0.05416666666666667
0 0.8675 0.3525 0.006666666666666667 0.0325
0 0.4633333333333333 0.325 0.008333333333333333 0.03916666666666667
0 0.5616666666666666 0.3258333333333333 0.008333333333333333 0.035
4 0.5841666666666666 0.37083333333333335 0.0125 0.05583333333333333
0 0.7541666666666667 0.33666666666666667 0.0075 0.030833333333333334
4 0.7408333333333333 0.36666666666666664 0.01 0.043333333333333335
0 0.059166666666666666 0.38666666666666666 0.021666666666666667 0.08666666666666667
4 0.4866666666666667 0.4475 0.02 0.09333333333333334
4 0.9333333333333333 0.385 0.010833333333333334 0.04
0 0.31083333333333335 0.24166666666666667 0.0025 0.010833333333333334
4 0.2675 0.24083333333333334 0.0025 0.011666666666666667
4 0.3308333333333333 0.24583333333333332 0.0016666666666666668 0.010833333333333334
4 0.23666666666666666 0.24416666666666667 0.0025 0.013333333333333334
4 0.24 0.22833333333333333 0.0016666666666666668 0.008333333333333333
0 0.66 0.3308333333333333 0.006666666666666667 0.0325
4 0.5775 0.25666666666666665 0.0016666666666666668 0.008333333333333333
4 0.29583333333333334 0.24583333333333332 0.0025 0.011666666666666667
0 0.29333333333333333 0.23333333333333334 0.0016666666666666668 0.01
0 0.24833333333333332 0.23166666666666666 0.0016666666666666668 0.008333333333333333
4 0.5391666666666667 0.25916666666666666 0.0016666666666666668 0.01
4 0.22666666666666666 0.24 0.0025 0.011666666666666667
4 0.1875 0.23916666666666667 0.0025 0.010833333333333334
4 0.6308333333333334 0.28 0.0033333333333333335 0.016666666666666666
0 0.6258333333333334 0.2791666666666667 0.0025 0.016666666666666666
0 0.185 0.23666666666666666 0.0016666666666666668 0.011666666666666667
0 0.18916666666666668 0.2275 0.0016666666666666668 0.008333333333333333
0 0.22583333333333333 0.235 0.0025 0.010833333333333334
2 0.2966666666666667 0.23666666666666666 0.0025 0.010833333333333334
0 0.5583333333333333 0.24416666666666667 0.0016666666666666668 0.008333333333333333
0 0.27666666666666667 0.23333333333333334 0.0016666666666666668 0.008333333333333333
4 0.25916666666666666 0.23 0.0016666666666666668 0.0075
4 0.19416666666666665 0.22416666666666665 0.0016666666666666668 0.008333333333333333
0 0.32666666666666666 0.23333333333333334 0.0016666666666666668 0.006666666666666667
4 0.2708333333333333 0.23 0.0016666666666666668 0.0075
0 0.30666666666666664 0.23333333333333334 0.0016666666666666668 0.008333333333333333
4 0.3025 0.22916666666666666 0.0016666666666666668 0.0075
0 0.555 0.245 0.0016666666666666668 0.0075
4 0.2891666666666667 0.22916666666666666 0.0008333333333333334 0.006666666666666667
4 0.3308333333333333 0.22916666666666666 0.0008333333333333334 0.006666666666666667
4 0.5308333333333334 0.2475 0.0016666666666666668 0.008333333333333333
4 0.56 0.24166666666666667 0.0016666666666666668 0.0075
0 0.215 0.2275 0.0016666666666666668 0.0075
4 0.22 0.22666666666666666 0.0016666666666666668 0.0075
0 0.3408333333333333 0.23333333333333334 0.0008333333333333334 0.006666666666666667
0 0.5483333333333333 0.24416666666666667 0.0008333333333333334 0.005833333333333334
4 0.5766666666666667 0.2425 0.0016666666666666668 0.006666666666666667
4 0.735 0.25583333333333336 0.0016666666666666668 0.0075
4 0.185 0.2225 0.0016666666666666668 0.0075
4 0.25666666666666665 0.2225 0.0016666666666666668 0.006666666666666667
4 0.2866666666666667 0.22333333333333333 0.0008333333333333334 0.005833333333333334
4 0.32 0.22416666666666665 0.0008333333333333334 0.006666666666666667
0 0.5333333333333333 0.24333333333333335 0.0016666666666666668 0.006666666666666667
0 0.5291666666666667 0.24583333333333332 0.0008333333333333334 0.006666666666666667
4 0.5308333333333334 0.24 0.0008333333333333334 0.005833333333333334
4 0.56 0.24833333333333332 0.0016666666666666668 0.0075
4 0.565 0.23666666666666666 0.0016666666666666668 0.006666666666666667
4 0.5808333333333333 0.23833333333333334 0.0016666666666666668 0.006666666666666667
4 0.5891666666666666 0.24333333333333335 0.0016666666666666668 0.0075
2 0.5908333333333333 0.24083333333333334 0.0016666666666666668 0.0075
4 0.5833333333333334 0.2475 0.0008333333333333334 0.006666666666666667
4 0.6 0.24083333333333334 0.0008333333333333334 0.005833333333333334
0 0.6091666666666666 0.24333333333333335 0.0016666666666666668 0.005833333333333334
4 0.6016666666666667 0.24583333333333332 0.0008333333333333334 0.006666666666666667
4 0.6033333333333334 0.24166666666666667 0.0008333333333333334 0.006666666666666667