0 0.22333333333333333 0.3325 0.015833333333333335 0.060833333333333336
0 0.19916666666666666 0.36 0.019166666666666665 0.07166666666666667
0 0.1525 0.26 0.008333333333333333 0.03333333333333333
0 0.17916666666666667 0.27416666666666667 0.009166666666666667 0.03833333333333333
4 0.5175 0.405 0.0175 0.07083333333333333
0 0.11833333333333333 0.25 0.008333333333333333 0.0325
0 0.07583333333333334 0.24083333333333334 0.008333333333333333 0.03166666666666667
4 0.1075 0.2325 0.006666666666666667 0.025833333333333333
0 0.2025 0.2866666666666667 0.010833333333333334 0.041666666666666664
4 0.5208333333333334 0.5541666666666667 0.03666666666666667 0.13666666666666666
4 0.4925 0.3616666666666667 0.014166666666666666 0.056666666666666664
4 0.18083333333333335 0.24416666666666667 0.005833333333333334 0.025833333333333333
4 0.38666666666666666 0.3025 0.008333333333333333 0.03666666666666667
4 0.3283333333333333 0.2808333333333333 0.0075 0.03333333333333333
4 0.43833333333333335 0.3275 0.010833333333333334 0.043333333333333335
4 0.2275 0.255 0.006666666666666667 0.0275
0 0.225 0.30583333333333335 0.011666666666666667 0.049166666666666664
4 0.13083333333333333 0.22166666666666668 0.004166666666666667 0.019166666666666665
4 0.145 0.21083333333333334 0.0033333333333333335 0.015
4 0.06583333333333333 0.21833333333333332 0.006666666666666667 0.024166666666666666
0 0.06 0.1975 0.004166666666666667 0.015
0 0.085 0.20833333333333334 0.0033333333333333335 0.016666666666666666
4 0.8591666666666666 0.3383333333333333 0.004166666666666667 0.015
0 0.9308333333333333 0.35083333333333333 0.004166666666666667 0.014166666666666666
4 0.17583333333333334 0.21 0.0033333333333333335 0.011666666666666667
4 0.15333333333333332 0.22083333333333333 0.004166666666666667 0.018333333333333333
4 0.7825 0.32166666666666666 0.0033333333333333335 0.013333333333333334
4 0.2816666666666667 0.2675 0.005833333333333334 0.028333333333333332
4 0.13833333333333334 0.20666666666666667 0.0025 0.014166666666666666
0 0.835 0.3308333333333333 0.0025 0.013333333333333334
0 0.07166666666666667 0.20916666666666667 0.004166666666666667 0.018333333333333333
0 0.0775 0.20333333333333334 0.0033333333333333335 0.015
4 0.165 0.21666666666666667 0.0033333333333333335 0.015
4 0.9491666666666667 0.3575 0.0033333333333333335 0.015
4 0.7508333333333334 0.31333333333333335 0.004166666666666667 0.014166666666666666
0 0.7608333333333334 0.31083333333333335 0.0033333333333333335 0.010833333333333334
4 0.8166666666666667 0.3283333333333333 0.0033333333333333335 0.013333333333333334
4 0.1525 0.20666666666666667 0.0025 0.014166666666666666
0 0.7691666666666667 0.31333333333333335 0.0025 0.010833333333333334
4 0.13416666666666666 0.2075 0.0033333333333333335 0.015
0 0.7875 0.31916666666666665 0.0033333333333333335 0.013333333333333334
4 0.16833333333333333 0.22 0.0033333333333333335 0.016666666666666666
0 0.8675 0.33666666666666667 0.0033333333333333335 0.013333333333333334
0 0.8116666666666666 0.32416666666666666 0.0033333333333333335 0.013333333333333334
0 0.7558333333333334 0.31 0.0033333333333333335 0.010833333333333334
0 0.050833333333333335 0.2075 0.0033333333333333335 0.019166666666666665
0 0.07833333333333334 0.19583333333333333 0.0033333333333333335 0.010833333333333334
4 0.055 0.22 0.006666666666666667 0.025
0 0.08666666666666667 0.20666666666666667 0.0033333333333333335 0.0175
0 0.8975 0.3433333333333333 0.004166666666666667 0.015
4 0.9066666666666666 0.34833333333333333 0.004166666666666667 0.016666666666666666