4 0.5708333333333333 0.38166666666666665 0.016666666666666666 0.06166666666666667
0 0.8616666666666667 0.375 0.009166666666666667 0.03666666666666667
0 0.2575 0.36 0.02 0.0725
0 0.705 0.3466666666666667 0.009166666666666667 0.035
0 0.42333333333333334 0.3325 0.011666666666666667 0.0475
4 0.48833333333333334 0.42083333333333334 0.023333333333333334 0.085
0 0.5658333333333333 0.3325 0.009166666666666667 0.041666666666666664
4 0.4508333333333333 0.5508333333333333 0.035833333333333335 0.14666666666666667
4 0.7783333333333333 0.3825 0.0125 0.04583333333333333
4 0.6691666666666667 0.37416666666666665 0.014166666666666666 0.049166666666666664
4 0.9116666666666666 0.405 0.0125 0.04416666666666667
2 0.8458333333333333 0.35083333333333333 0.0075 0.028333333333333332
2 0.9175 0.36 0.008333333333333333 0.0275
2 0.9291666666666667 0.37916666666666665 0.010833333333333334 0.03333333333333333
3 0.8275 0.3358333333333333 0.004166666666666667 0.024166666666666666
3 0.7791666666666667 0.3283333333333333 0.008333333333333333 0.025833333333333333
3 0.7183333333333334 0.30666666666666664 0.005833333333333334 0.020833333333333332
3 0.6933333333333334 0.3075 0.005 0.024166666666666666
3 0.5958333333333333 0.28833333333333333 0.004166666666666667 0.016666666666666666
3 0.5916666666666667 0.2833333333333333 0.0033333333333333335 0.018333333333333333
3 0.5091666666666667 0.27666666666666667 0.004166666666666667 0.0225
3 0.4875 0.26666666666666666 0.004166666666666667 0.0175
3 0.4141666666666667 0.2658333333333333 0.005 0.020833333333333332
3 0.4066666666666667 0.25833333333333336 0.004166666666666667 0.018333333333333333
3 0.3575 0.24916666666666668 0.0033333333333333335 0.0175
3 0.3441666666666667 0.25166666666666665 0.005 0.020833333333333332
3 0.3283333333333333 0.26 0.004166666666666667 0.0225
3 0.2725 0.2475 0.004166666666666667 0.0225
3 0.29083333333333333 0.24166666666666667 0.0033333333333333335 0.020833333333333332
3 0.3016666666666667 0.23666666666666666 0.0033333333333333335 0.018333333333333333
3 0.255 0.2625 0.0075 0.029166666666666667
3 0.19666666666666666 0.27666666666666667 0.009166666666666667 0.035833333333333335
3 0.22166666666666668 0.2275 0.004166666666666667 0.0175
3 0.18666666666666668 0.2325 0.005 0.021666666666666667
3 0.1275 0.24083333333333334 0.006666666666666667 0.0275