2 0.6566666666666666 0.525 0.0425 0.16083333333333333
2 0.8841666666666667 0.20833333333333334 0.005 0.025833333333333333
2 0.8925 0.1975 0.004166666666666667 0.021666666666666667
2 0.8983333333333333 0.19 0.004166666666666667 0.018333333333333333
2 0.9025 0.18333333333333332 0.0033333333333333335 0.016666666666666666
2 0.9258333333333333 0.18166666666666667 0.0033333333333333335 0.0175
2 0.95 0.17916666666666667 0.0025 0.0175
4 0.77 0.35833333333333334 0.021666666666666667 0.08666666666666667
4 0.41083333333333333 0.39 0.021666666666666667 0.08333333333333333
4 0.1975 0.37083333333333335 0.014166666666666666 0.060833333333333336
4 0.15583333333333332 0.335 0.01 0.04416666666666667
4 0.195 0.30416666666666664 0.0075 0.03333333333333333
4 0.2625 0.2791666666666667 0.006666666666666667 0.0275
4 0.3408333333333333 0.26 0.005833333333333334 0.024166666666666666
4 0.41333333333333333 0.24416666666666667 0.004166666666666667 0.021666666666666667
4 0.51 0.23083333333333333 0.005 0.021666666666666667
4 0.6091666666666666 0.22 0.004166666666666667 0.020833333333333332
4 0.7 0.215 0.005 0.021666666666666667
4 0.7941666666666667 0.2125 0.005 0.025
4 0.8791666666666667 0.215 0.005833333333333334 0.029166666666666667
0 0.8133333333333334 0.2708333333333333 0.0125 0.050833333333333335
0 0.6641666666666667 0.3025 0.014166666666666666 0.058333333333333334
0 0.49166666666666664 0.31916666666666665 0.014166666666666666 0.0575
0 0.36 0.31916666666666665 0.011666666666666667 0.049166666666666664
0 0.305 0.30583333333333335 0.01 0.041666666666666664
0 0.30916666666666665 0.28833333333333333 0.006666666666666667 0.0325
0 0.3416666666666667 0.2725 0.006666666666666667 0.028333333333333332
0 0.39416666666666667 0.2575 0.005833333333333334 0.025833333333333333
0 0.4483333333333333 0.24666666666666667 0.004166666666666667 0.024166666666666666
0 0.5225 0.23583333333333334 0.005 0.021666666666666667
0 0.6 0.2275 0.004166666666666667 0.0225
0 0.6708333333333333 0.22416666666666665 0.005833333333333334 0.024166666666666666
0 0.74 0.2225 0.005833333333333334 0.025833333333333333
0 0.7991666666666667 0.22583333333333333 0.006666666666666667 0.029166666666666667
0 0.8416666666666667 0.235 0.005833333333333334 0.035833333333333335
0 0.855 0.25083333333333335 0.006666666666666667 0.0425
1 0.855 0.235 0.0075 0.065
1 0.8475 0.2425 0.013333333333333334 0.07166666666666667