0 0.5516666666666666 0.4141666666666667 0.015 0.05416666666666667
0 0.46416666666666667 0.49833333333333335 0.023333333333333334 0.09416666666666666
4 0.8208333333333333 0.5133333333333333 0.025833333333333333 0.09416666666666666
0 0.6108333333333333 0.38166666666666665 0.009166666666666667 0.03833333333333333
4 0.7591666666666667 0.385 0.011666666666666667 0.03833333333333333
0 0.1925 0.7308333333333333 0.06166666666666667 0.21416666666666667
0 0.6316666666666667 0.3675 0.0075 0.030833333333333334
0 0.7341666666666666 0.335 0.004166666666666667 0.0175
0 0.8683333333333333 0.3566666666666667 0.005833333333333334 0.021666666666666667
4 0.6825 0.3566666666666667 0.006666666666666667 0.025
4 0.6241666666666666 0.31833333333333336 0.0033333333333333335 0.015
4 0.5541666666666667 0.31666666666666665 0.0025 0.01
0 0.7966666666666666 0.3475 0.005 0.018333333333333333
4 0.5858333333333333 0.33666666666666667 0.004166666666666667 0.018333333333333333
4 0.6933333333333334 0.3275 0.0033333333333333335 0.014166666666666666
4 0.925 0.37666666666666665 0.008333333333333333 0.03166666666666667
0 0.745 0.3416666666666667 0.005 0.0175
4 0.68 0.33 0.0033333333333333335 0.014166666666666666
4 0.5758333333333333 0.3308333333333333 0.004166666666666667 0.015
0 0.525 0.3425 0.005833333333333334 0.021666666666666667
0 0.5075 0.3275 0.004166666666666667 0.015
4 0.6125 0.325 0.0033333333333333335 0.015
4 0.6675 0.3333333333333333 0.004166666666666667 0.016666666666666666
4 0.6183333333333333 0.345 0.005 0.020833333333333332
4 0.5741666666666667 0.31833333333333336 0.0025 0.010833333333333334
4 0.8475 0.365 0.006666666666666667 0.0275
4 0.5833333333333334 0.31583333333333335 0.0025 0.01
4 0.5933333333333334 0.3175 0.0025 0.010833333333333334
4 0.5966666666666667 0.3275 0.0033333333333333335 0.015
4 0.7108333333333333 0.3458333333333333 0.005 0.020833333333333332
4 0.7525 0.37 0.0075 0.029166666666666667
4 0.6716666666666666 0.33916666666666667 0.004166666666666667 0.0175
0 0.5 0.3325 0.004166666666666667 0.0175
4 0.78 0.3566666666666667 0.006666666666666667 0.021666666666666667
4 0.5991666666666666 0.31583333333333335 0.0025 0.01
0 0.5233333333333333 0.32416666666666666 0.0033333333333333335 0.014166666666666666
0 0.5666666666666667 0.3525 0.006666666666666667 0.025
0 0.5425 0.31916666666666665 0.0025 0.011666666666666667
0 0.5508333333333333 0.3233333333333333 0.0025 0.011666666666666667
4 0.7675 0.41833333333333333 0.015833333333333335 0.050833333333333335
0 0.7525 0.32916666666666666 0.004166666666666667 0.014166666666666666
0 0.5616666666666666 0.32083333333333336 0.0025 0.011666666666666667
0 0.5091666666666667 0.315 0.0025 0.01