0 0.0875 0.5425 0.021666666666666667 0.03
0 0.46 0.5225 0.011666666666666667 0.019166666666666665
0 0.5633333333333334 0.5358333333333334 0.015 0.023333333333333334
0 0.7775 0.5591666666666667 0.023333333333333334 0.0325
0 0.7075 0.695 0.0675 0.09333333333333334
0 0.8883333333333333 0.6225 0.04416666666666667 0.059166666666666666
4 0.15833333333333333 0.655 0.0625 0.085
4 0.19166666666666668 0.5625 0.0275 0.03833333333333333
4 0.2825 0.53 0.016666666666666666 0.024166666666666666
4 0.3433333333333333 0.5183333333333333 0.0125 0.018333333333333333
4 0.5691666666666667 0.5183333333333333 0.010833333333333334 0.016666666666666666
4 0.6766666666666666 0.5325 0.014166666666666666 0.0225
4 0.765 0.57 0.02666666666666667 0.0375
4 0.8991666666666667 0.5758333333333333 0.029166666666666667 0.03916666666666667
2 0.4766666666666667 0.5366666666666666 0.015833333333333335 0.024166666666666666
2 0.5283333333333333 0.5166666666666667 0.010833333333333334 0.016666666666666666
2 0.5816666666666667 0.5591666666666667 0.023333333333333334 0.03333333333333333
2 0.5825 0.5925 0.03 0.04833333333333333
2 0.7108333333333333 0.5375 0.015 0.024166666666666666
2 0.7975 0.7708333333333334 0.08333333333333333 0.1325