0 0.6325 0.29 0.015833333333333335 0.0575
0 0.5358333333333334 0.2675 0.010833333333333334 0.04583333333333333
0 0.7416666666666667 0.4583333333333333 0.03166666666666667 0.14166666666666666
0 0.7108333333333333 0.33666666666666667 0.019166666666666665 0.08333333333333333
0 0.195 0.2808333333333333 0.010833333333333334 0.03666666666666667
0 0.43583333333333335 0.2608333333333333 0.009166666666666667 0.03916666666666667
0 0.32 0.265 0.01 0.03916666666666667
4 0.6316666666666667 0.24333333333333335 0.010833333333333334 0.03833333333333333
4 0.355 0.24583333333333332 0.008333333333333333 0.03166666666666667
4 0.7808333333333334 0.2633333333333333 0.0125 0.05333333333333334
0 0.08333333333333333 0.2991666666666667 0.0125 0.0425
4 0.205 0.2633333333333333 0.0075 0.03333333333333333
4 0.07166666666666667 0.285 0.009166666666666667 0.035
4 0.9458333333333333 0.31083333333333335 0.010833333333333334 0.07416666666666667
4 0.4975 0.23916666666666667 0.008333333333333333 0.035
1 0.6125 0.635 0.09333333333333334 0.37416666666666665
0 0.5291666666666667 0.7625 0.035833333333333335 0.17083333333333334
1 0.37583333333333335 0.7241666666666666 0.0475 0.24666666666666667