4 0.14083333333333334 0.33166666666666667 0.018333333333333333 0.06833333333333333
4 0.2025 0.4275 0.025833333333333333 0.10333333333333333
0 0.8641666666666666 0.38916666666666666 0.006666666666666667 0.028333333333333332
0 0.7766666666666666 0.3525 0.004166666666666667 0.019166666666666665
4 0.8 0.38666666666666666 0.008333333333333333 0.03333333333333333
4 0.1125 0.2816666666666667 0.014166666666666666 0.0525
4 0.735 0.355 0.006666666666666667 0.025
4 0.1 0.24916666666666668 0.010833333333333334 0.041666666666666664
4 0.0925 0.2275 0.008333333333333333 0.0325
0 0.6433333333333333 0.30833333333333335 0.0033333333333333335 0.016666666666666666
4 0.105 0.1975 0.004166666666666667 0.018333333333333333
4 0.08666666666666667 0.21583333333333332 0.005833333333333334 0.025
0 0.8333333333333334 0.37583333333333335 0.005833333333333334 0.024166666666666666
0 0.0925 0.1825 0.004166666666666667 0.0175
0 0.3283333333333333 0.22916666666666666 0.0025 0.013333333333333334
4 0.3016666666666667 0.22666666666666666 0.0033333333333333335 0.014166666666666666
4 0.6566666666666666 0.31916666666666665 0.004166666666666667 0.019166666666666665
0 0.23583333333333334 0.21 0.0033333333333333335 0.013333333333333334
4 0.3725 0.24416666666666667 0.0033333333333333335 0.015
0 0.7133333333333334 0.33 0.004166666666666667 0.018333333333333333
0 0.425 0.2525 0.0025 0.013333333333333334
1 0.3516666666666667 0.5816666666666667 0.065 0.3025
4 0.4058333333333333 0.7225 0.06416666666666666 0.23583333333333334
0 0.2816666666666667 0.21916666666666668 0.0033333333333333335 0.011666666666666667
4 0.5875 0.2991666666666667 0.0033333333333333335 0.0175
4 0.22916666666666666 0.21166666666666667 0.0033333333333333335 0.014166666666666666
4 0.44083333333333335 0.26166666666666666 0.0025 0.015
1 0.51 0.69 0.043333333333333335 0.315
4 0.08833333333333333 0.20583333333333334 0.004166666666666667 0.024166666666666666
4 0.5158333333333334 0.2808333333333333 0.004166666666666667 0.0175
0 0.1675 0.19666666666666666 0.0025 0.013333333333333334
0 0.3775 0.24 0.0025 0.013333333333333334
0 0.59 0.295 0.0025 0.014166666666666666
0 0.48083333333333333 0.26666666666666666 0.0025 0.015
4 0.7066666666666667 0.3375 0.005 0.020833333333333332
4 0.1575 0.2 0.004166666666666667 0.0175
0 0.5341666666666667 0.2808333333333333 0.0033333333333333335 0.014166666666666666