2 0.3458333333333333 0.33166666666666667 0.0175 0.06833333333333333
2 0.19583333333333333 0.215 0.006666666666666667 0.0275
2 0.26416666666666666 0.26666666666666666 0.011666666666666667 0.04666666666666667
2 0.22083333333333333 0.23416666666666666 0.008333333333333333 0.03333333333333333
2 0.17916666666666667 0.2025 0.005833333333333334 0.021666666666666667
2 0.5841666666666666 0.5075 0.03833333333333333 0.1325
2 0.16666666666666666 0.1925 0.004166666666666667 0.019166666666666665
2 0.15833333333333333 0.185 0.004166666666666667 0.0175
2 0.15166666666666667 0.17916666666666667 0.0033333333333333335 0.015
2 0.14583333333333334 0.175 0.0033333333333333335 0.013333333333333334
2 0.05333333333333334 0.1725 0.004166666666666667 0.019166666666666665
2 0.058333333333333334 0.16916666666666666 0.004166666666666667 0.016666666666666666
2 0.06333333333333334 0.16666666666666666 0.0033333333333333335 0.015