0 0.20416666666666666 0.2783333333333333 0.0075 0.028333333333333332
0 0.10583333333333333 0.2658333333333333 0.006666666666666667 0.025
0 0.32416666666666666 0.29333333333333333 0.006666666666666667 0.030833333333333334
0 0.7141666666666666 0.3433333333333333 0.006666666666666667 0.03166666666666667
0 0.4475 0.30583333333333335 0.006666666666666667 0.030833333333333334
0 0.5633333333333334 0.3225 0.006666666666666667 0.03166666666666667
4 0.5241666666666667 0.33916666666666667 0.009166666666666667 0.03916666666666667
4 0.15 0.29 0.01 0.035
4 0.85 0.3883333333333333 0.011666666666666667 0.043333333333333335
4 0.4041666666666667 0.3258333333333333 0.01 0.03916666666666667
4 0.6883333333333334 0.365 0.01 0.0425
4 0.2866666666666667 0.31333333333333335 0.009166666666666667 0.03833333333333333
4 0.33666666666666667 0.5083333333333333 0.03833333333333333 0.12833333333333333
0 0.8516666666666667 0.3625 0.008333333333333333 0.03333333333333333