2 0.7558333333333334 0.2808333333333333 0.015833333333333335 0.06666666666666667
2 0.8158333333333333 0.19583333333333333 0.008333333333333333 0.03166666666666667
2 0.6416666666666667 0.45 0.03833333333333333 0.13916666666666666
2 0.7966666666666666 0.22416666666666665 0.010833333333333334 0.04416666666666667
2 0.8358333333333333 0.16833333333333333 0.004166666666666667 0.021666666666666667
4 0.14083333333333334 0.21666666666666667 0.0033333333333333335 0.010833333333333334
2 0.8283333333333334 0.18 0.005833333333333334 0.025
0 0.07 0.22416666666666665 0.0033333333333333335 0.01
0 0.08416666666666667 0.22583333333333333 0.0025 0.01
0 0.09 0.22083333333333333 0.0025 0.01
0 0.1075 0.2225 0.004166666666666667 0.011666666666666667
4 0.12333333333333334 0.21916666666666668 0.0033333333333333335 0.01
4 0.12666666666666668 0.21666666666666667 0.0025 0.010833333333333334
4 0.16416666666666666 0.21333333333333335 0.0033333333333333335 0.011666666666666667
0 0.15916666666666668 0.21083333333333334 0.0025 0.008333333333333333
4 0.18166666666666667 0.20833333333333334 0.0025 0.01
4 0.19416666666666665 0.20833333333333334 0.0025 0.01
4 0.2025 0.20583333333333334 0.0033333333333333335 0.010833333333333334
0 0.205 0.20166666666666666 0.0033333333333333335 0.011666666666666667
0 0.18916666666666668 0.21 0.0025 0.010833333333333334
2 0.8408333333333333 0.16083333333333333 0.0033333333333333335 0.015