0 0.8291666666666667 0.3541666666666667 0.0075 0.030833333333333334
0 0.0975 0.3616666666666667 0.025833333333333333 0.08666666666666667
4 0.6475 0.355 0.010833333333333334 0.04416666666666667
4 0.4633333333333333 0.43833333333333335 0.021666666666666667 0.09666666666666666
0 0.5375 0.3125 0.0075 0.03333333333333333
4 0.5925 0.35833333333333334 0.011666666666666667 0.0525
0 0.4216666666666667 0.30833333333333335 0.01 0.041666666666666664
4 0.49583333333333335 0.38083333333333336 0.016666666666666666 0.0675
4 0.8583333333333333 0.38083333333333336 0.01 0.03916666666666667
0 0.2783333333333333 0.31666666666666665 0.015 0.05583333333333333
4 0.5008333333333334 0.5858333333333333 0.04083333333333333 0.15833333333333333
4 0.7475 0.3641666666666667 0.010833333333333334 0.041666666666666664
0 0.7683333333333333 0.3433333333333333 0.0075 0.030833333333333334
0 0.7925 0.31916666666666665 0.005 0.019166666666666665
0 0.7883333333333333 0.3075 0.0033333333333333335 0.015
0 0.7633333333333333 0.30833333333333335 0.004166666666666667 0.020833333333333332
0 0.8666666666666667 0.35833333333333334 0.0075 0.028333333333333332
0 0.8733333333333333 0.3458333333333333 0.006666666666666667 0.024166666666666666
0 0.8691666666666666 0.32083333333333336 0.0033333333333333335 0.013333333333333334
0 0.8475 0.3375 0.006666666666666667 0.0225
0 0.8225 0.3125 0.004166666666666667 0.014166666666666666
0 0.885 0.3566666666666667 0.0075 0.0275
0 0.89 0.35333333333333333 0.005833333333333334 0.028333333333333332
0 0.655 0.3258333333333333 0.0075 0.03166666666666667
4 0.8416666666666667 0.325 0.0033333333333333335 0.0175
4 0.8383333333333334 0.3225 0.0033333333333333335 0.0175
4 0.8466666666666667 0.32083333333333336 0.004166666666666667 0.016666666666666666
4 0.8625 0.3325 0.005 0.019166666666666665
4 0.8725 0.3258333333333333 0.0033333333333333335 0.016666666666666666
4 0.9058333333333334 0.33166666666666667 0.0033333333333333335 0.016666666666666666
4 0.9233333333333333 0.35083333333333333 0.005833333333333334 0.020833333333333332
4 0.9425 0.3933333333333333 0.010833333333333334 0.03833333333333333
4 0.9458333333333333 0.33916666666666667 0.004166666666666667 0.0175
0 0.9241666666666667 0.33166666666666667 0.004166666666666667 0.014166666666666666