0 0.8916666666666667 0.2608333333333333 0.015 0.05
0 0.1325 0.31833333333333336 0.014166666666666666 0.05
0 0.225 0.2875 0.011666666666666667 0.04
0 0.31583333333333335 0.2658333333333333 0.01 0.03333333333333333
0 0.7941666666666667 0.24416666666666667 0.01 0.04
0 0.4091666666666667 0.25 0.008333333333333333 0.0325
0 0.05416666666666667 0.365 0.010833333333333334 0.065
4 0.88 0.22916666666666666 0.01 0.03666666666666667
0 0.4891666666666667 0.24166666666666667 0.008333333333333333 0.029166666666666667
1 0.855 0.43666666666666665 0.0625 0.23583333333333334
0 0.5933333333333334 0.235 0.006666666666666667 0.030833333333333334
0 0.1425 0.5066666666666667 0.034166666666666665 0.13583333333333333
4 0.26916666666666667 0.26 0.0075 0.029166666666666667
4 0.6116666666666667 0.22166666666666668 0.0075 0.025833333333333333
0 0.6975 0.235 0.008333333333333333 0.03333333333333333
4 0.3858333333333333 0.24166666666666667 0.008333333333333333 0.025833333333333333
0 0.5991666666666666 0.54 0.0425 0.16833333333333333
0 0.9075 0.4508333333333333 0.043333333333333335 0.13583333333333333
4 0.1425 0.2866666666666667 0.01 0.035
1 0.9341666666666667 0.395 0.034166666666666665 0.20333333333333334
4 0.745 0.22166666666666668 0.008333333333333333 0.030833333333333334
4 0.4841666666666667 0.23083333333333333 0.006666666666666667 0.024166666666666666