0 0.7683333333333333 0.37166666666666665 0.008333333333333333 0.035
0 0.3566666666666667 0.3433333333333333 0.013333333333333334 0.0575
4 0.4875 0.48833333333333334 0.025833333333333333 0.11333333333333333
0 0.49 0.33666666666666667 0.009166666666666667 0.043333333333333335
4 0.5325 0.4066666666666667 0.015833333333333335 0.06916666666666667
4 0.6133333333333333 0.38416666666666666 0.013333333333333334 0.05333333333333334
4 0.7125 0.38666666666666666 0.010833333333333334 0.04583333333333333
2 0.32 0.2791666666666667 0.008333333333333333 0.0325
4 0.14333333333333334 0.31833333333333336 0.015833333333333335 0.06416666666666666
4 0.83 0.4041666666666667 0.01 0.043333333333333335
2 0.2125 0.24416666666666667 0.006666666666666667 0.0275
2 0.16583333333333333 0.29333333333333333 0.014166666666666666 0.050833333333333335
2 0.19666666666666666 0.26166666666666666 0.009166666666666667 0.035
2 0.34 0.315 0.010833333333333334 0.0475
2 0.30833333333333335 0.25833333333333336 0.005833333333333334 0.025833333333333333
0 0.9325 0.4091666666666667 0.009166666666666667 0.035833333333333335
2 0.22333333333333333 0.23333333333333334 0.005 0.0225
2 0.30083333333333334 0.24583333333333332 0.004166666666666667 0.020833333333333332
0 0.6233333333333333 0.3475 0.008333333333333333 0.03666666666666667
2 0.2775 0.24166666666666667 0.005 0.021666666666666667
2 0.25 0.2375 0.005 0.0225
1 0.545 0.6366666666666667 0.07 0.31416666666666665
1 0.6975 0.7358333333333333 0.04 0.22166666666666668
4 0.59 0.7575 0.041666666666666664 0.18083333333333335
3 0.245 0.23083333333333333 0.0025 0.015
3 0.30833333333333335 0.24166666666666667 0.0025 0.016666666666666666
3 0.30666666666666664 0.23416666666666666 0.0025 0.014166666666666666
3 0.34833333333333333 0.245 0.0025 0.014166666666666666
3 0.3858333333333333 0.24416666666666667 0.0025 0.013333333333333334
3 0.4083333333333333 0.2525 0.0016666666666666668 0.013333333333333334
3 0.4766666666666667 0.2608333333333333 0.0016666666666666668 0.010833333333333334
3 0.48083333333333333 0.26416666666666666 0.0025 0.013333333333333334
3 0.5541666666666667 0.2791666666666667 0.0016666666666666668 0.013333333333333334
3 0.5691666666666667 0.2791666666666667 0.0025 0.014166666666666666
3 0.625 0.2975 0.0025 0.014166666666666666
3 0.6608333333333334 0.3025 0.0025 0.013333333333333334
3 0.6833333333333333 0.315 0.0025 0.016666666666666666
3 0.73 0.32166666666666666 0.0025 0.015
3 0.7516666666666667 0.3358333333333333 0.0033333333333333335 0.019166666666666665
3 0.7966666666666666 0.3416666666666667 0.0025 0.0175