0 0.7016666666666667 0.51 0.019166666666666665 0.0775
0 0.8058333333333333 0.4825 0.0125 0.0525
0 0.8008333333333333 0.4475 0.0075 0.03166666666666667
0 0.7858333333333334 0.435 0.006666666666666667 0.028333333333333332
4 0.9383333333333334 0.45666666666666667 0.006666666666666667 0.025833333333333333
4 0.915 0.46 0.006666666666666667 0.028333333333333332
0 0.425 0.5533333333333333 0.030833333333333334 0.10666666666666667
0 0.9483333333333334 0.43833333333333335 0.004166666666666667 0.020833333333333332
0 0.8241666666666667 0.465 0.010833333333333334 0.04
0 0.8233333333333334 0.4325 0.0075 0.025833333333333333
0 0.8891666666666667 0.43166666666666664 0.006666666666666667 0.0275