0 0.8375 0.38916666666666666 0.0075 0.030833333333333334
0 0.7558333333333334 0.5058333333333334 0.025 0.08583333333333333
0 0.6808333333333333 0.36333333333333334 0.004166666666666667 0.019166666666666665
0 0.7091666666666666 0.36833333333333335 0.005833333333333334 0.021666666666666667
0 0.6708333333333333 0.36083333333333334 0.004166666666666667 0.0175
0 0.7558333333333334 0.375 0.005833333333333334 0.025833333333333333
0 0.6875 0.36 0.004166666666666667 0.016666666666666666
4 0.9016666666666666 0.38666666666666666 0.005833333333333334 0.025
4 0.8041666666666667 0.37416666666666665 0.005 0.021666666666666667
0 0.8816666666666667 0.37916666666666665 0.005 0.016666666666666666
2 0.6425 0.3458333333333333 0.005 0.0175
2 0.5975 0.3433333333333333 0.004166666666666667 0.014166666666666666
2 0.5508333333333333 0.33916666666666667 0.005 0.015
2 0.7466666666666667 0.3566666666666667 0.004166666666666667 0.0175
0 0.7508333333333334 0.365 0.004166666666666667 0.0175