0 0.63 0.31833333333333336 0.005 0.0225
4 0.3466666666666667 0.565 0.04083333333333333 0.15083333333333335
4 0.6491666666666667 0.3383333333333333 0.005833333333333334 0.028333333333333332
0 0.57 0.3075 0.004166666666666667 0.021666666666666667
0 0.13 0.2608333333333333 0.004166666666666667 0.019166666666666665
4 0.1775 0.275 0.004166666666666667 0.021666666666666667
4 0.07333333333333333 0.265 0.005833333333333334 0.025
4 0.88 0.3908333333333333 0.01 0.03833333333333333
4 0.5333333333333333 0.31583333333333335 0.005 0.025
4 0.36083333333333334 0.29 0.004166666666666667 0.020833333333333332
0 0.47833333333333333 0.2916666666666667 0.0033333333333333335 0.018333333333333333
0 0.31416666666666665 0.2733333333333333 0.0033333333333333335 0.018333333333333333
0 0.22916666666666666 0.2683333333333333 0.004166666666666667 0.019166666666666665
4 0.7733333333333333 0.3616666666666667 0.006666666666666667 0.0325
0 0.7908333333333334 0.3466666666666667 0.005833333333333334 0.025833333333333333
4 0.44083333333333335 0.2991666666666667 0.004166666666666667 0.021666666666666667
0 0.695 0.33 0.005833333333333334 0.025
0 0.4066666666666667 0.2791666666666667 0.0025 0.018333333333333333
4 0.2725 0.2825 0.005 0.021666666666666667
2 0.12833333333333333 0.21166666666666667 0.0025 0.008333333333333333
1 0.15416666666666667 0.21833333333333332 0.0025 0.0175
1 0.16166666666666665 0.21916666666666668 0.0025 0.020833333333333332