0 0.05583333333333333 0.2675 0.009166666666666667 0.03666666666666667
0 0.0775 0.25166666666666665 0.0075 0.029166666666666667
0 0.0875 0.23833333333333334 0.005833333333333334 0.0225
0 0.1125 0.23333333333333334 0.005 0.020833333333333332
0 0.13416666666666666 0.23166666666666666 0.004166666666666667 0.020833333333333332
0 0.185 0.2325 0.004166666666666667 0.0175
0 0.26166666666666666 0.23666666666666666 0.004166666666666667 0.016666666666666666
0 0.335 0.2425 0.0033333333333333335 0.015
0 0.38416666666666666 0.24666666666666667 0.0033333333333333335 0.015
0 0.43583333333333335 0.2525 0.0033333333333333335 0.015
0 0.49083333333333334 0.25833333333333336 0.0033333333333333335 0.016666666666666666
0 0.5458333333333333 0.26666666666666666 0.0033333333333333335 0.015
0 0.6125 0.2758333333333333 0.0033333333333333335 0.0175
0 0.6766666666666666 0.2866666666666667 0.004166666666666667 0.018333333333333333
0 0.7466666666666667 0.2975 0.004166666666666667 0.018333333333333333
0 0.8166666666666667 0.30666666666666664 0.004166666666666667 0.020833333333333332
0 0.915 0.3258333333333333 0.006666666666666667 0.024166666666666666
4 0.39 0.5708333333333333 0.0425 0.15583333333333332
4 0.2725 0.4075 0.023333333333333334 0.08916666666666667
4 0.22833333333333333 0.335 0.014166666666666666 0.060833333333333336
4 0.20416666666666666 0.2941666666666667 0.010833333333333334 0.043333333333333335
4 0.19083333333333333 0.2758333333333333 0.0075 0.03333333333333333
4 0.18666666666666668 0.26 0.005833333333333334 0.0275
4 0.20166666666666666 0.2475 0.005 0.021666666666666667
4 0.255 0.24333333333333335 0.004166666666666667 0.018333333333333333
4 0.3308333333333333 0.24583333333333332 0.0033333333333333335 0.0175
4 0.41083333333333333 0.25416666666666665 0.0033333333333333335 0.018333333333333333
4 0.49416666666666664 0.265 0.0033333333333333335 0.0175
4 0.5758333333333333 0.2775 0.004166666666666667 0.019166666666666665
4 0.6683333333333333 0.29 0.004166666666666667 0.019166666666666665
4 0.76 0.30416666666666664 0.005 0.021666666666666667
4 0.8541666666666666 0.32166666666666666 0.005833333333333334 0.024166666666666666
4 0.9366666666666666 0.3416666666666667 0.0075 0.028333333333333332