0 0.145 0.6841666666666667 0.0675 0.15916666666666668
0 0.5708333333333333 0.53 0.035833333333333335 0.0825
0 0.7491666666666666 0.475 0.025 0.0575
0 0.8583333333333333 0.44166666666666665 0.02 0.04416666666666667
0 0.8908333333333334 0.41833333333333333 0.015833333333333335 0.034166666666666665
0 0.8825 0.4033333333333333 0.0125 0.0275
0 0.8333333333333334 0.3933333333333333 0.009166666666666667 0.023333333333333334
0 0.7783333333333333 0.3858333333333333 0.008333333333333333 0.02
0 0.7408333333333333 0.38333333333333336 0.006666666666666667 0.018333333333333333
0 0.6975 0.38083333333333336 0.006666666666666667 0.0175
0 0.6216666666666667 0.38 0.006666666666666667 0.0175
0 0.5683333333333334 0.38083333333333336 0.006666666666666667 0.016666666666666666
0 0.36 0.38416666666666666 0.006666666666666667 0.019166666666666665
0 0.28 0.3825 0.006666666666666667 0.018333333333333333
0 0.18416666666666667 0.38166666666666665 0.006666666666666667 0.016666666666666666
0 0.12333333333333334 0.37416666666666665 0.005833333333333334 0.016666666666666666
0 0.09583333333333334 0.3675 0.005 0.015
0 0.085 0.36333333333333334 0.005 0.014166666666666666
4 0.9016666666666666 0.38333333333333336 0.008333333333333333 0.02
4 0.8516666666666667 0.37833333333333335 0.008333333333333333 0.018333333333333333
4 0.77 0.37666666666666665 0.0075 0.018333333333333333
4 0.6716666666666666 0.37666666666666665 0.005833333333333334 0.0175
4 0.5583333333333333 0.37666666666666665 0.006666666666666667 0.0175
4 0.3975 0.3775 0.006666666666666667 0.018333333333333333
4 0.31583333333333335 0.37666666666666665 0.006666666666666667 0.018333333333333333
4 0.24083333333333334 0.37583333333333335 0.006666666666666667 0.018333333333333333
4 0.1975 0.37 0.005 0.016666666666666666
4 0.17083333333333334 0.3641666666666667 0.005833333333333334 0.015833333333333335
4 0.13333333333333333 0.3591666666666667 0.005 0.014166666666666666
4 0.07916666666666666 0.35583333333333333 0.005833333333333334 0.014166666666666666
1 0.5016666666666667 0.37666666666666665 0.009166666666666667 0.030833333333333334
1 0.485 0.37166666666666665 0.008333333333333333 0.02666666666666667
1 0.4766666666666667 0.37666666666666665 0.01 0.03
1 0.46416666666666667 0.3725 0.008333333333333333 0.025833333333333333