4 0.23083333333333333 0.355 0.018333333333333333 0.06833333333333333
4 0.16583333333333333 0.2975 0.010833333333333334 0.0475
0 0.09833333333333333 0.2475 0.0075 0.028333333333333332
4 0.5183333333333333 0.295 0.005833333333333334 0.029166666666666667
0 0.6158333333333333 0.3025 0.005 0.025833333333333333
4 0.6516666666666666 0.3225 0.008333333333333333 0.035833333333333335
4 0.48333333333333334 0.6541666666666667 0.0475 0.185
4 0.8533333333333334 0.35833333333333334 0.009166666666666667 0.03916666666666667
0 0.6908333333333333 0.31666666666666665 0.006666666666666667 0.030833333333333334
0 0.5575 0.2891666666666667 0.004166666666666667 0.024166666666666666
0 0.1425 0.23 0.004166666666666667 0.020833333333333332
4 0.3441666666666667 0.43666666666666665 0.028333333333333332 0.09916666666666667
4 0.18083333333333335 0.2791666666666667 0.008333333333333333 0.035
4 0.22 0.26166666666666666 0.006666666666666667 0.029166666666666667
4 0.4583333333333333 0.2758333333333333 0.005 0.024166666666666666
4 0.8583333333333333 0.31 0.0025 0.011666666666666667
0 0.21583333333333332 0.21833333333333332 0.0025 0.014166666666666666
4 0.45166666666666666 0.2658333333333333 0.0033333333333333335 0.018333333333333333
4 0.7433333333333333 0.28833333333333333 0.0025 0.010833333333333334
4 0.9433333333333334 0.31833333333333336 0.0025 0.011666666666666667
0 0.24083333333333334 0.21833333333333332 0.0025 0.013333333333333334
4 0.25833333333333336 0.23166666666666666 0.0033333333333333335 0.016666666666666666
4 0.905 0.31666666666666665 0.0025 0.010833333333333334
4 0.24416666666666667 0.23666666666666666 0.004166666666666667 0.0175
4 0.5133333333333333 0.265 0.0033333333333333335 0.015
0 0.6125 0.26916666666666667 0.0025 0.011666666666666667
0 0.11583333333333333 0.235 0.005 0.025
0 0.17 0.225 0.004166666666666667 0.0175
4 0.22583333333333333 0.24333333333333335 0.0033333333333333335 0.020833333333333332
0 0.9316666666666666 0.3275 0.0025 0.013333333333333334
4 0.8041666666666667 0.3 0.0025 0.010833333333333334
4 0.6858333333333333 0.2775 0.0025 0.010833333333333334
0 0.7841666666666667 0.33 0.006666666666666667 0.029166666666666667
0 0.9075 0.3458333333333333 0.006666666666666667 0.030833333333333334
4 0.6308333333333334 0.2683333333333333 0.0025 0.010833333333333334
4 0.26916666666666667 0.22916666666666666 0.0025 0.014166666666666666
0 0.5358333333333334 0.2791666666666667 0.0033333333333333335 0.020833333333333332
0 0.5658333333333333 0.2658333333333333 0.0025 0.014166666666666666
4 0.2816666666666667 0.22666666666666666 0.0033333333333333335 0.014166666666666666
4 0.5791666666666667 0.26 0.0016666666666666668 0.010833333333333334
4 0.32916666666666666 0.225 0.0025 0.013333333333333334
0 0.7183333333333334 0.28833333333333333 0.0025 0.010833333333333334
0 0.5858333333333333 0.2775 0.0033333333333333335 0.0175
0 0.8741666666666666 0.32083333333333336 0.0025 0.013333333333333334
4 0.7933333333333333 0.2758333333333333 0.0016666666666666668 0.008333333333333333
4 0.8266666666666667 0.2808333333333333 0.0016666666666666668 0.008333333333333333
0 0.6633333333333333 0.2783333333333333 0.0025 0.010833333333333334
0 0.19583333333333333 0.22166666666666668 0.0033333333333333335 0.015
0 0.58 0.2725 0.0025 0.014166666666666666
0 0.81 0.31 0.0025 0.013333333333333334
4 0.49916666666666665 0.25833333333333336 0.0025 0.013333333333333334
4 0.73 0.26916666666666667 0.0016666666666666668 0.008333333333333333
4 0.8641666666666666 0.285 0.0025 0.008333333333333333
4 0.3525 0.22583333333333333 0.0025 0.01
4 0.49083333333333334 0.2675 0.0033333333333333335 0.015
4 0.4891666666666667 0.255 0.0025 0.011666666666666667
0 0.36833333333333335 0.22333333333333333 0.0016666666666666668 0.01
0 0.7658333333333334 0.2975 0.0025 0.011666666666666667
0 0.5783333333333334 0.28 0.0033333333333333335 0.016666666666666666
4 0.42916666666666664 0.23083333333333333 0.0016666666666666668 0.008333333333333333
4 0.5275 0.25416666666666665 0.0016666666666666668 0.010833333333333334
4 0.22416666666666665 0.25083333333333335 0.004166666666666667 0.025
4 0.565 0.24916666666666668 0.0016666666666666668 0.008333333333333333
4 0.305 0.22583333333333333 0.0025 0.011666666666666667
0 0.275 0.22 0.0025 0.01
4 0.5158333333333334 0.2425 0.0016666666666666668 0.008333333333333333
0 0.30333333333333334 0.22083333333333333 0.0016666666666666668 0.01
0 0.3325 0.22166666666666668 0.0025 0.010833333333333334
4 0.37 0.225 0.0025 0.010833333333333334
0 0.465 0.2325 0.0016666666666666668 0.008333333333333333
4 0.48583333333333334 0.23833333333333334 0.0016666666666666668 0.008333333333333333
0 0.5325 0.24333333333333335 0.0016666666666666668 0.008333333333333333
0 0.5666666666666667 0.2633333333333333 0.0016666666666666668 0.013333333333333334
1 0.6241666666666666 0.25416666666666665 0.0025 0.014166666666666666
1 0.6333333333333333 0.25583333333333336 0.0016666666666666668 0.015
0 0.6283333333333333 0.25666666666666665 0.0016666666666666668 0.008333333333333333
4 0.6391666666666667 0.26 0.0016666666666666668 0.008333333333333333
1 0.635 0.255 0.0016666666666666668 0.014166666666666666
1 0.6441666666666667 0.25833333333333336 0.0025 0.014166666666666666
4 0.9041666666666667 0.2891666666666667 0.0016666666666666668 0.008333333333333333
4 0.7583333333333333 0.27166666666666667 0.0016666666666666668 0.008333333333333333
4 0.6166666666666667 0.25583333333333336 0.0016666666666666668 0.008333333333333333
0 0.9283333333333333 0.28833333333333333 0.0016666666666666668 0.006666666666666667
4 0.39666666666666667 0.2275 0.0016666666666666668 0.008333333333333333
0 0.8841666666666667 0.2825 0.0016666666666666668 0.006666666666666667
4 0.7033333333333334 0.2675 0.0016666666666666668 0.008333333333333333
4 0.5908333333333333 0.2525 0.0016666666666666668 0.008333333333333333
0 0.8141666666666667 0.27666666666666667 0.0016666666666666668 0.0075
4 0.6716666666666666 0.265 0.0016666666666666668 0.0075
0 0.9108333333333334 0.28583333333333333 0.0016666666666666668 0.006666666666666667
4 0.455 0.23333333333333334 0.0016666666666666668 0.0075
4 0.54 0.24583333333333332 0.0016666666666666668 0.008333333333333333
0 0.6891666666666667 0.2625 0.0016666666666666668 0.0075
0 0.8491666666666666 0.28 0.0016666666666666668 0.0075
0 0.72 0.265 0.0016666666666666668 0.008333333333333333
0 0.6608333333333334 0.26 0.0016666666666666668 0.0075
0 0.3983333333333333 0.22666666666666666 0.0016666666666666668 0.0075
0 0.49916666666666665 0.23833333333333334 0.0008333333333333334 0.0075
0 0.5608333333333333 0.24916666666666668 0.0016666666666666668 0.008333333333333333
0 0.585 0.2525 0.0016666666666666668 0.006666666666666667
0 0.6066666666666667 0.255 0.0016666666666666668 0.0075
0 0.7425 0.2683333333333333 0.0016666666666666668 0.0075
0 0.7808333333333334 0.2708333333333333 0.0016666666666666668 0.0075
4 0.95 0.29583333333333334 0.0008333333333333334 0.0075