0 0.30583333333333335 0.48833333333333334 0.019166666666666665 0.085
0 0.675 0.38916666666666666 0.009166666666666667 0.03916666666666667
4 0.715 0.5958333333333333 0.028333333333333332 0.1225
4 0.7208333333333333 0.495 0.018333333333333333 0.0775
0 0.9041666666666667 0.3883333333333333 0.006666666666666667 0.0325
4 0.8533333333333334 0.4241666666666667 0.011666666666666667 0.04583333333333333
0 0.14333333333333334 0.7533333333333333 0.035833333333333335 0.1825
0 0.795 0.3875 0.008333333333333333 0.03333333333333333
0 0.585 0.4058333333333333 0.010833333333333334 0.04416666666666667
4 0.7625 0.44916666666666666 0.013333333333333334 0.0575
0 0.4425 0.44416666666666665 0.014166666666666666 0.0675