4 0.8158333333333333 0.39 0.011666666666666667 0.04583333333333333
4 0.595 0.38166666666666665 0.014166666666666666 0.058333333333333334
0 0.4525 0.3308333333333333 0.010833333333333334 0.05
0 0.6016666666666667 0.3358333333333333 0.006666666666666667 0.03916666666666667
0 0.2916666666666667 0.35 0.0175 0.06916666666666667
0 0.9091666666666667 0.35 0.005 0.021666666666666667
4 0.515 0.41583333333333333 0.019166666666666665 0.08166666666666667
4 0.7408333333333333 0.3275 0.006666666666666667 0.025
2 0.6275 0.3225 0.008333333333333333 0.035
0 0.8683333333333333 0.36333333333333334 0.0075 0.029166666666666667
4 0.7725 0.3475 0.009166666666666667 0.030833333333333334
2 0.6725 0.32083333333333336 0.0075 0.029166666666666667
4 0.47333333333333333 0.5266666666666666 0.03166666666666667 0.13333333333333333
4 0.945 0.35083333333333333 0.006666666666666667 0.019166666666666665
4 0.7566666666666667 0.32166666666666666 0.005833333333333334 0.024166666666666666
0 0.7333333333333333 0.3525 0.0075 0.035833333333333335
4 0.6966666666666667 0.37583333333333335 0.0125 0.05
2 0.5825 0.2975 0.006666666666666667 0.0275
4 0.8008333333333333 0.3258333333333333 0.004166666666666667 0.020833333333333332
0 0.058333333333333334 0.4525 0.019166666666666665 0.13166666666666665
2 0.5316666666666666 0.2975 0.006666666666666667 0.029166666666666667
0 0.8333333333333334 0.3408333333333333 0.0025 0.025
4 0.9475 0.415 0.006666666666666667 0.043333333333333335
0 0.8616666666666667 0.3425 0.005833333333333334 0.021666666666666667
4 0.8658333333333333 0.3358333333333333 0.004166666666666667 0.019166666666666665
0 0.8308333333333333 0.3475 0.005833333333333334 0.025833333333333333