2 0.82 0.59 0.049166666666666664 0.1025
2 0.5991666666666666 0.43833333333333335 0.015 0.035833333333333335
2 0.6341666666666667 0.4608333333333333 0.021666666666666667 0.04666666666666667
2 0.5766666666666667 0.425 0.0125 0.03
2 0.7025 0.505 0.030833333333333334 0.065
2 0.2325 0.605 0.045 0.10583333333333333
2 0.3933333333333333 0.4425 0.015 0.035
2 0.37 0.4658333333333333 0.021666666666666667 0.0475
2 0.325 0.5141666666666667 0.028333333333333332 0.06666666666666667
2 0.5541666666666667 0.405 0.009166666666666667 0.0225
2 0.4266666666666667 0.4058333333333333 0.009166666666666667 0.023333333333333334
2 0.4041666666666667 0.42833333333333334 0.010833333333333334 0.030833333333333334
2 0.4166666666666667 0.415 0.01 0.025833333333333333
2 0.5625 0.4141666666666667 0.01 0.025
1 0.45916666666666667 0.39166666666666666 0.009166666666666667 0.03333333333333333
1 0.48583333333333334 0.3908333333333333 0.009166666666666667 0.03333333333333333
1 0.5116666666666667 0.3908333333333333 0.009166666666666667 0.03333333333333333
1 0.5408333333333334 0.3908333333333333 0.01 0.03166666666666667
1 0.43083333333333335 0.3925 0.006666666666666667 0.03166666666666667