2 0.7983333333333333 0.5541666666666667 0.05333333333333334 0.0975
2 0.6375 0.4425 0.023333333333333334 0.0475
2 0.5766666666666667 0.4033333333333333 0.0125 0.028333333333333332
2 0.5508333333333333 0.3858333333333333 0.009166666666666667 0.0225
2 0.535 0.37666666666666665 0.006666666666666667 0.016666666666666666
2 0.5266666666666666 0.36916666666666664 0.005833333333333334 0.015
2 0.5208333333333334 0.3641666666666667 0.005 0.011666666666666667
2 0.45166666666666666 0.3641666666666667 0.005 0.013333333333333334
2 0.44666666666666666 0.36916666666666664 0.006666666666666667 0.015
2 0.43833333333333335 0.3775 0.0075 0.0175
2 0.43083333333333335 0.3875 0.009166666666666667 0.021666666666666667
2 0.41333333333333333 0.405 0.014166666666666666 0.03
2 0.37583333333333335 0.4475 0.021666666666666667 0.04666666666666667
2 0.25916666666666666 0.565 0.04666666666666667 0.1
1 0.5125 0.35583333333333333 0.005 0.015833333333333335
1 0.4975 0.3566666666666667 0.006666666666666667 0.016666666666666666
1 0.48333333333333334 0.3566666666666667 0.005833333333333334 0.018333333333333333
1 0.47 0.3566666666666667 0.005833333333333334 0.018333333333333333
1 0.45416666666666666 0.3566666666666667 0.005833333333333334 0.0175