0 0.5175 0.3225 0.008333333333333333 0.035833333333333335
0 0.7916666666666666 0.3408333333333333 0.006666666666666667 0.0275
0 0.31833333333333336 0.335 0.013333333333333334 0.050833333333333335
0 0.42833333333333334 0.32666666666666666 0.010833333333333334 0.04
0 0.9408333333333333 0.3525 0.0075 0.025
0 0.7091666666666666 0.3333333333333333 0.006666666666666667 0.030833333333333334
4 0.9341666666666667 0.37083333333333335 0.008333333333333333 0.03166666666666667
4 0.7208333333333333 0.36833333333333335 0.010833333333333334 0.043333333333333335
4 0.4483333333333333 0.44 0.021666666666666667 0.09
4 0.8325 0.37 0.010833333333333334 0.035833333333333335
0 0.6166666666666667 0.3283333333333333 0.0075 0.0325
0 0.1875 0.35833333333333334 0.016666666666666666 0.06333333333333334
0 0.8658333333333333 0.3458333333333333 0.006666666666666667 0.025
0 0.9391666666666667 0.29583333333333334 0.004166666666666667 0.014166666666666666
4 0.5733333333333334 0.3775 0.016666666666666666 0.056666666666666664
4 0.61 0.785 0.025833333333333333 0.1225
0 0.8191666666666667 0.2791666666666667 0.0033333333333333335 0.013333333333333334
4 0.2841666666666667 0.21666666666666667 0.0025 0.01
4 0.245 0.21 0.0025 0.01
4 0.9433333333333334 0.29 0.0033333333333333335 0.011666666666666667
0 0.8783333333333333 0.28833333333333333 0.0033333333333333335 0.014166666666666666
4 0.7691666666666667 0.265 0.0025 0.008333333333333333
4 0.9341666666666667 0.2833333333333333 0.0025 0.0075
4 0.9 0.28583333333333333 0.0025 0.010833333333333334
4 0.2425 0.22083333333333333 0.0033333333333333335 0.010833333333333334
0 0.78 0.27166666666666667 0.0033333333333333335 0.013333333333333334
4 0.855 0.2783333333333333 0.0033333333333333335 0.013333333333333334
4 0.21833333333333332 0.21166666666666667 0.0025 0.01
4 0.24916666666666668 0.20583333333333334 0.0025 0.0075
4 0.26416666666666666 0.20833333333333334 0.0016666666666666668 0.0075
0 0.215 0.20666666666666667 0.0025 0.01
4 0.235 0.20416666666666666 0.0025 0.0075
4 0.8125 0.26916666666666667 0.0016666666666666668 0.008333333333333333
0 0.3225 0.25083333333333335 0.005 0.019166666666666665
0 0.75 0.2633333333333333 0.0025 0.011666666666666667
4 0.7875 0.26666666666666666 0.0025 0.01
4 0.785 0.2675 0.0025 0.008333333333333333
0 0.9266666666666666 0.28 0.0016666666666666668 0.0075
4 0.8441666666666666 0.2725 0.0025 0.0075
4 0.2608333333333333 0.2025 0.0016666666666666668 0.006666666666666667
0 0.8308333333333333 0.26666666666666666 0.0025 0.0075
4 0.815 0.2708333333333333 0.0025 0.010833333333333334
0 0.7416666666666667 0.2608333333333333 0.0025 0.008333333333333333
0 0.7316666666666667 0.25916666666666666 0.0025 0.01
0 0.7275 0.25916666666666666 0.0025 0.01
0 0.7225 0.25833333333333336 0.0025 0.01
0 0.8883333333333333 0.2775 0.0025 0.0075
0 0.875 0.2725 0.0025 0.008333333333333333
4 0.3283333333333333 0.2525 0.005 0.021666666666666667
4 0.25666666666666665 0.2025 0.0025 0.006666666666666667
0 0.21166666666666667 0.20833333333333334 0.0025 0.01