0 0.7725 0.37083333333333335 0.009166666666666667 0.035833333333333335
0 0.9316666666666666 0.405 0.011666666666666667 0.03833333333333333
4 0.7083333333333334 0.385 0.0125 0.04666666666666667
0 0.16583333333333333 0.3925 0.029166666666666667 0.09583333333333334
4 0.5158333333333334 0.40166666666666667 0.019166666666666665 0.07083333333333333
4 0.6033333333333334 0.3825 0.015 0.05416666666666667
0 0.3375 0.3441666666666667 0.014166666666666666 0.060833333333333336
0 0.48333333333333334 0.335 0.010833333333333334 0.04416666666666667
0 0.6266666666666667 0.3475 0.009166666666666667 0.03833333333333333
2 0.12833333333333333 0.3383333333333333 0.019166666666666665 0.07166666666666667
4 0.8291666666666667 0.4025 0.011666666666666667 0.043333333333333335
4 0.4575 0.4725 0.025 0.10583333333333333
2 0.08416666666666667 0.27416666666666667 0.0125 0.049166666666666664
2 0.06166666666666667 0.24333333333333335 0.01 0.035833333333333335
4 0.5166666666666667 0.7283333333333334 0.0575 0.22166666666666668