4 0.6016666666666667 0.37 0.013333333333333334 0.0575
0 0.7533333333333333 0.35 0.008333333333333333 0.035
0 0.4741666666666667 0.32416666666666666 0.010833333333333334 0.04416666666666667
0 0.91 0.38083333333333336 0.009166666666666667 0.035833333333333335
0 0.325 0.33666666666666667 0.014166666666666666 0.06
0 0.11666666666666667 0.4066666666666667 0.03166666666666667 0.10583333333333333
4 0.515 0.3933333333333333 0.0175 0.07416666666666667
4 0.8175 0.3825 0.010833333333333334 0.043333333333333335
4 0.7041666666666667 0.36916666666666664 0.010833333333333334 0.04666666666666667
0 0.6141666666666666 0.33166666666666667 0.008333333333333333 0.03916666666666667
4 0.4558333333333333 0.47583333333333333 0.02666666666666667 0.11333333333333333
3 0.6408333333333334 0.30916666666666665 0.004166666666666667 0.0225
3 0.7725 0.31916666666666665 0.0033333333333333335 0.019166666666666665
3 0.6991666666666667 0.31083333333333335 0.004166666666666667 0.021666666666666667
4 0.5466666666666666 0.77 0.029166666666666667 0.15333333333333332
3 0.5575 0.2875 0.004166666666666667 0.0225
3 0.8641666666666666 0.33666666666666667 0.0033333333333333335 0.016666666666666666
3 0.7141666666666666 0.2941666666666667 0.0025 0.014166666666666666
3 0.6216666666666667 0.29 0.0033333333333333335 0.019166666666666665
3 0.6766666666666666 0.29333333333333333 0.0025 0.016666666666666666
3 0.7358333333333333 0.30833333333333335 0.0033333333333333335 0.018333333333333333
3 0.7633333333333333 0.30916666666666665 0.0025 0.016666666666666666
3 0.7825 0.30833333333333335 0.0025 0.015
3 0.805 0.31916666666666665 0.0033333333333333335 0.015
3 0.8283333333333334 0.32 0.0025 0.016666666666666666
3 0.8725 0.33166666666666667 0.0033333333333333335 0.016666666666666666