1 0.45166666666666666 0.565 0.07166666666666667 0.325
1 0.5525 0.45 0.050833333333333335 0.23666666666666666
0 0.5108333333333334 0.5566666666666666 0.049166666666666664 0.17916666666666667
0 0.6808333333333333 0.34833333333333333 0.024166666666666666 0.08833333333333333
0 0.7408333333333333 0.28 0.013333333333333334 0.06
0 0.7716666666666666 0.23833333333333334 0.01 0.04416666666666667
0 0.7883333333333333 0.21916666666666668 0.008333333333333333 0.03833333333333333
0 0.8066666666666666 0.2 0.006666666666666667 0.028333333333333332
0 0.8266666666666667 0.19 0.005 0.025
0 0.8391666666666666 0.18083333333333335 0.004166666666666667 0.021666666666666667
0 0.8458333333333333 0.17083333333333334 0.004166666666666667 0.0175
0 0.8641666666666666 0.16583333333333333 0.004166666666666667 0.018333333333333333
0 0.8833333333333333 0.16333333333333333 0.0033333333333333335 0.016666666666666666
0 0.93 0.16 0.0033333333333333335 0.016666666666666666
4 0.9425 0.22416666666666665 0.010833333333333334 0.041666666666666664
4 0.9333333333333333 0.20416666666666666 0.009166666666666667 0.03166666666666667
4 0.9266666666666666 0.19333333333333333 0.006666666666666667 0.025833333333333333
4 0.9266666666666666 0.18333333333333332 0.006666666666666667 0.0225
4 0.945 0.1725 0.004166666666666667 0.019166666666666665