0 0.7991666666666667 0.25916666666666666 0.011666666666666667 0.049166666666666664
4 0.79 0.33166666666666667 0.025833333333333333 0.08166666666666667
4 0.6391666666666667 0.2758333333333333 0.011666666666666667 0.050833333333333335
0 0.8208333333333333 0.21333333333333335 0.0075 0.029166666666666667
2 0.30083333333333334 0.3275 0.015833333333333335 0.060833333333333336
2 0.5225 0.33166666666666667 0.02 0.075
0 0.775 0.22416666666666665 0.008333333333333333 0.03333333333333333
4 0.8316666666666667 0.2 0.006666666666666667 0.025833333333333333
0 0.7608333333333334 0.24 0.009166666666666667 0.04
4 0.9391666666666667 0.19416666666666665 0.005833333333333334 0.025
2 0.415 0.44083333333333335 0.03166666666666667 0.11833333333333333
0 0.84 0.4741666666666667 0.04583333333333333 0.14916666666666667
4 0.63 0.24333333333333335 0.009166666666666667 0.03916666666666667
0 0.9383333333333334 0.2866666666666667 0.0225 0.065
4 0.6725 0.2225 0.0075 0.029166666666666667
2 0.12666666666666668 0.41 0.029166666666666667 0.09
0 0.8875 0.20666666666666667 0.0075 0.028333333333333332
4 0.7441666666666666 0.20916666666666667 0.0075 0.0275
3 0.0925 0.33166666666666667 0.014166666666666666 0.049166666666666664