0 0.6166666666666667 0.39 0.008333333333333333 0.03916666666666667
0 0.5375 0.42916666666666664 0.015833333333333335 0.0575
4 0.7633333333333333 0.535 0.03166666666666667 0.11166666666666666
0 0.6566666666666666 0.36833333333333335 0.008333333333333333 0.028333333333333332
4 0.7466666666666667 0.44 0.02 0.06666666666666667
0 0.39416666666666667 0.5058333333333334 0.023333333333333334 0.09333333333333334
0 0.6858333333333333 0.3525 0.006666666666666667 0.025
4 0.835 0.31833333333333336 0.004166666666666667 0.015
4 0.9075 0.3525 0.006666666666666667 0.030833333333333334
0 0.7208333333333333 0.33416666666666667 0.004166666666666667 0.018333333333333333
0 0.7358333333333333 0.325 0.004166666666666667 0.015
4 0.7775 0.36833333333333335 0.009166666666666667 0.03666666666666667
0 0.7266666666666667 0.32916666666666666 0.004166666666666667 0.0175
0 0.7625 0.31916666666666665 0.0033333333333333335 0.013333333333333334
0 0.7041666666666667 0.3416666666666667 0.005833333333333334 0.0225
4 0.7866666666666666 0.35333333333333333 0.0075 0.028333333333333332
4 0.7666666666666667 0.395 0.0125 0.04416666666666667
4 0.8 0.3258333333333333 0.004166666666666667 0.016666666666666666
4 0.9491666666666667 0.33666666666666667 0.004166666666666667 0.0225
4 0.8075 0.3225 0.0033333333333333335 0.014166666666666666
4 0.8825 0.31666666666666665 0.0025 0.013333333333333334
4 0.9166666666666666 0.3441666666666667 0.005833333333333334 0.024166666666666666
0 0.745 0.3225 0.0033333333333333335 0.014166666666666666
4 0.7908333333333334 0.3433333333333333 0.005833333333333334 0.021666666666666667
4 0.9391666666666667 0.31666666666666665 0.0025 0.013333333333333334
4 0.795 0.335 0.005 0.021666666666666667
4 0.7975 0.33 0.005 0.020833333333333332
4 0.9483333333333334 0.37333333333333335 0.004166666666666667 0.03166666666666667