4 0.6341666666666667 0.4725 0.023333333333333334 0.08083333333333333
4 0.7858333333333334 0.6116666666666667 0.03666666666666667 0.15083333333333335
0 0.21916666666666668 0.6133333333333333 0.041666666666666664 0.14333333333333334
0 0.5416666666666666 0.3908333333333333 0.01 0.04
4 0.6908333333333333 0.4191666666666667 0.014166666666666666 0.05333333333333334
4 0.66 0.35083333333333333 0.005833333333333334 0.025833333333333333
4 0.6716666666666666 0.3308333333333333 0.004166666666666667 0.016666666666666666
0 0.5725 0.36083333333333334 0.006666666666666667 0.028333333333333332
4 0.7275 0.3933333333333333 0.01 0.043333333333333335
0 0.44333333333333336 0.415 0.0125 0.05
4 0.845 0.3408333333333333 0.005833333333333334 0.0225
0 0.6 0.37166666666666665 0.008333333333333333 0.0325
4 0.815 0.3333333333333333 0.004166666666666667 0.019166666666666665
4 0.6825 0.3283333333333333 0.0033333333333333335 0.015
4 0.7416666666666667 0.3725 0.008333333333333333 0.03333333333333333
4 0.6975 0.36 0.0075 0.028333333333333332
4 0.6391666666666667 0.3416666666666667 0.005 0.020833333333333332
0 0.33166666666666667 0.46166666666666667 0.015833333333333335 0.07166666666666667
0 0.5516666666666666 0.35 0.005833333333333334 0.024166666666666666
4 0.9291666666666667 0.36083333333333334 0.008333333333333333 0.030833333333333334
4 0.8808333333333334 0.3491666666666667 0.006666666666666667 0.025833333333333333
0 0.5458333333333333 0.3416666666666667 0.005 0.020833333333333332
0 0.5675 0.33666666666666667 0.004166666666666667 0.0175
3 0.0975 0.3883333333333333 0.010833333333333334 0.049166666666666664
3 0.25583333333333336 0.36333333333333334 0.008333333333333333 0.03333333333333333
3 0.47833333333333333 0.3175 0.0033333333333333335 0.019166666666666665
0 0.86 0.3258333333333333 0.004166666666666667 0.0175
0 0.8358333333333333 0.3225 0.004166666666666667 0.018333333333333333
0 0.8191666666666667 0.31833333333333336 0.004166666666666667 0.019166666666666665
4 0.7925 0.3283333333333333 0.004166666666666667 0.0175
4 0.7775 0.325 0.0033333333333333335 0.015
4 0.7658333333333334 0.32166666666666666 0.004166666666666667 0.015
4 0.755 0.31916666666666665 0.0033333333333333335 0.013333333333333334
0 0.5983333333333334 0.33166666666666667 0.004166666666666667 0.0175
0 0.6058333333333333 0.325 0.004166666666666667 0.015
0 0.62 0.3275 0.004166666666666667 0.016666666666666666
0 0.5916666666666667 0.31916666666666665 0.0025 0.010833333333333334
0 0.5858333333333333 0.3233333333333333 0.0033333333333333335 0.014166666666666666
4 0.6591666666666667 0.3375 0.004166666666666667 0.018333333333333333
4 0.6633333333333333 0.3258333333333333 0.0033333333333333335 0.014166666666666666
4 0.6666666666666666 0.315 0.0025 0.013333333333333334
4 0.6558333333333334 0.3175 0.0025 0.010833333333333334
0 0.9308333333333333 0.3383333333333333 0.004166666666666667 0.0225
0 0.8891666666666667 0.33166666666666667 0.005833333333333334 0.020833333333333332