0 0.5375 0.4225 0.020833333333333332 0.0925
0 0.4975 0.3433333333333333 0.014166666666666666 0.058333333333333334
4 0.885 0.3566666666666667 0.020833333333333332 0.07916666666666666
0 0.49666666666666665 0.61 0.043333333333333335 0.1775
4 0.7066666666666667 0.30083333333333334 0.011666666666666667 0.04666666666666667
4 0.5166666666666667 0.2783333333333333 0.006666666666666667 0.028333333333333332
0 0.9041666666666667 0.23083333333333333 0.005 0.018333333333333333
0 0.44416666666666665 0.31333333333333335 0.009166666666666667 0.04
0 0.43 0.2725 0.005 0.0225
4 0.7733333333333333 0.24583333333333332 0.005 0.018333333333333333
4 0.5908333333333333 0.285 0.008333333333333333 0.035833333333333335
4 0.6966666666666667 0.24583333333333332 0.004166666666666667 0.018333333333333333
0 0.6583333333333333 0.24083333333333334 0.004166666666666667 0.016666666666666666
0 0.3908333333333333 0.3016666666666667 0.006666666666666667 0.029166666666666667
4 0.62 0.24916666666666668 0.005 0.019166666666666665
4 0.8583333333333333 0.24333333333333335 0.005 0.019166666666666665
0 0.4716666666666667 0.2608333333333333 0.004166666666666667 0.019166666666666665
0 0.5225 0.24916666666666668 0.004166666666666667 0.018333333333333333
0 0.5883333333333334 0.24333333333333335 0.004166666666666667 0.016666666666666666
4 0.5683333333333334 0.2525 0.005 0.021666666666666667
4 0.5258333333333334 0.265 0.005833333333333334 0.024166666666666666
0 0.39 0.2866666666666667 0.005833333333333334 0.025
0 0.8175 0.23583333333333334 0.004166666666666667 0.0175
0 0.7341666666666666 0.24 0.0033333333333333335 0.016666666666666666