0 0.5825 0.2608333333333333 0.008333333333333333 0.03666666666666667
0 0.7725 0.3125 0.016666666666666666 0.06666666666666667
0 0.6333333333333333 0.2633333333333333 0.01 0.03916666666666667
4 0.9416666666666667 0.2625 0.014166666666666666 0.050833333333333335
0 0.4708333333333333 0.26166666666666666 0.008333333333333333 0.03166666666666667
0 0.7858333333333334 0.3525 0.021666666666666667 0.0825
0 0.41083333333333333 0.25666666666666665 0.006666666666666667 0.025833333333333333
0 0.7283333333333334 0.41833333333333333 0.03166666666666667 0.11166666666666666
4 0.9133333333333333 0.20083333333333334 0.0075 0.0225
0 0.7341666666666666 0.2866666666666667 0.014166666666666666 0.05333333333333334
0 0.6866666666666666 0.2725 0.013333333333333334 0.04583333333333333
4 0.83 0.24666666666666667 0.011666666666666667 0.03916666666666667
0 0.8983333333333333 0.19333333333333333 0.005 0.019166666666666665
0 0.86 0.19583333333333333 0.005833333333333334 0.020833333333333332
4 0.7425 0.24 0.009166666666666667 0.03333333333333333
4 0.6566666666666666 0.23833333333333334 0.008333333333333333 0.028333333333333332
4 0.8475 0.20416666666666666 0.006666666666666667 0.0225
4 0.6516666666666666 0.21333333333333335 0.005 0.018333333333333333
0 0.5025 0.22583333333333333 0.004166666666666667 0.0175
4 0.76 0.20583333333333334 0.005 0.020833333333333332
4 0.5225 0.23 0.005 0.020833333333333332
4 0.55 0.22583333333333333 0.005 0.020833333333333332
0 0.4091666666666667 0.2475 0.005 0.0225
4 0.55 0.2425 0.0075 0.024166666666666666
4 0.5175 0.24 0.008333333333333333 0.024166666666666666
0 0.445 0.23666666666666666 0.005 0.019166666666666665
0 0.5683333333333334 0.2175 0.005 0.0175
0 0.7816666666666666 0.19916666666666666 0.005 0.018333333333333333
4 0.7083333333333334 0.21 0.005 0.016666666666666666
1 0.42333333333333334 0.6708333333333333 0.085 0.35083333333333333
1 0.2775 0.715 0.05 0.26666666666666666
0 0.6366666666666667 0.21 0.004166666666666667 0.0175
4 0.5075 0.23666666666666666 0.005833333333333334 0.0225
4 0.5933333333333334 0.22 0.005 0.018333333333333333
0 0.3566666666666667 0.7691666666666667 0.03 0.1575
2 0.18166666666666667 0.24666666666666667 0.0016666666666666668 0.006666666666666667
0 0.7083333333333334 0.20416666666666666 0.0033333333333333335 0.016666666666666666