0 0.8091666666666667 0.2941666666666667 0.015 0.058333333333333334
0 0.8233333333333334 0.3233333333333333 0.021666666666666667 0.07083333333333333
0 0.725 0.2633333333333333 0.01 0.041666666666666664
0 0.6725 0.25583333333333336 0.009166666666666667 0.035833333333333335
0 0.7708333333333334 0.275 0.0125 0.04583333333333333
0 0.5158333333333334 0.255 0.0075 0.029166666666666667
0 0.6241666666666666 0.25416666666666665 0.0075 0.0325
0 0.7816666666666666 0.37 0.024166666666666666 0.09
4 0.8725 0.20333333333333334 0.005833333333333334 0.021666666666666667
0 0.8841666666666667 0.19666666666666666 0.005833333333333334 0.019166666666666665
4 0.8575 0.24166666666666667 0.010833333333333334 0.03666666666666667
4 0.6908333333333333 0.235 0.0075 0.028333333333333332
0 0.45 0.24333333333333335 0.005833333333333334 0.021666666666666667
0 0.48083333333333333 0.23416666666666666 0.005 0.020833333333333332
4 0.7741666666666667 0.235 0.009166666666666667 0.03166666666666667
4 0.6241666666666666 0.21833333333333332 0.004166666666666667 0.019166666666666665
4 0.68 0.21333333333333335 0.005 0.019166666666666665
0 0.8058333333333333 0.19916666666666666 0.005 0.018333333333333333
0 0.4558333333333333 0.25083333333333335 0.005833333333333334 0.025833333333333333
0 0.5783333333333334 0.5958333333333333 0.045 0.18583333333333332
4 0.5441666666666667 0.23333333333333334 0.006666666666666667 0.0225
0 0.5991666666666666 0.21583333333333332 0.004166666666666667 0.016666666666666666
1 0.6091666666666666 0.515 0.04666666666666667 0.26916666666666667
4 0.7858333333333334 0.20583333333333334 0.005833333333333334 0.020833333333333332
4 0.735 0.20833333333333334 0.005833333333333334 0.019166666666666665
4 0.5875 0.23833333333333334 0.006666666666666667 0.025833333333333333
4 0.9375 0.19916666666666666 0.006666666666666667 0.0225
4 0.5825 0.22333333333333333 0.005 0.020833333333333332
0 0.9216666666666666 0.19416666666666665 0.005833333333333334 0.020833333333333332
1 0.5366666666666666 0.5766666666666667 0.07416666666666667 0.31666666666666665
0 0.535 0.22416666666666665 0.005 0.0175
0 0.6641666666666667 0.20916666666666667 0.005 0.016666666666666666
0 0.7333333333333333 0.2025 0.0025 0.016666666666666666
4 0.555 0.23666666666666666 0.006666666666666667 0.025
4 0.5583333333333333 0.2275 0.004166666666666667 0.020833333333333332