4 0.845 0.61 0.034166666666666665 0.1225
4 0.8775 0.5125 0.021666666666666667 0.0725
4 0.8725 0.43416666666666665 0.008333333333333333 0.035833333333333335
0 0.35 0.5491666666666667 0.03666666666666667 0.125
0 0.575 0.4675 0.021666666666666667 0.06916666666666667
4 0.8958333333333334 0.4683333333333333 0.013333333333333334 0.05333333333333334
4 0.8475 0.41833333333333333 0.0075 0.03166666666666667
0 0.695 0.44 0.0125 0.049166666666666664
0 0.7141666666666666 0.4191666666666667 0.008333333333333333 0.03166666666666667
0 0.8558333333333333 0.3908333333333333 0.005833333333333334 0.018333333333333333
4 0.9475 0.4083333333333333 0.006666666666666667 0.021666666666666667
4 0.8225 0.405 0.0075 0.025
0 0.7541666666666667 0.38416666666666666 0.005 0.018333333333333333
0 0.8033333333333333 0.38666666666666666 0.005833333333333334 0.018333333333333333
4 0.875 0.39916666666666667 0.005833333333333334 0.019166666666666665
0 0.7175 0.4033333333333333 0.005833333333333334 0.028333333333333332
4 0.8175 0.3958333333333333 0.005833333333333334 0.021666666666666667