0 0.9141666666666667 0.33916666666666667 0.008333333333333333 0.0325
0 0.38333333333333336 0.25833333333333336 0.004166666666666667 0.019166666666666665
4 0.085 0.3225 0.015 0.0575
4 0.13583333333333333 0.28833333333333333 0.010833333333333334 0.043333333333333335
4 0.9416666666666667 0.36333333333333334 0.011666666666666667 0.043333333333333335
4 0.7933333333333333 0.33416666666666667 0.008333333333333333 0.035833333333333335
0 0.4558333333333333 0.26916666666666667 0.005 0.0225
0 0.7775 0.315 0.006666666666666667 0.028333333333333332
4 0.25833333333333336 0.25666666666666665 0.005 0.0225
4 0.19 0.245 0.005 0.020833333333333332
4 0.5875 0.30333333333333334 0.0075 0.030833333333333334
4 0.6833333333333333 0.31833333333333336 0.0075 0.03333333333333333
4 0.48583333333333334 0.2875 0.006666666666666667 0.0275
0 0.23833333333333334 0.2425 0.004166666666666667 0.0175
4 0.3233333333333333 0.265 0.005833333333333334 0.025
4 0.2808333333333333 0.5291666666666667 0.041666666666666664 0.14166666666666666
4 0.05333333333333334 0.25833333333333336 0.0075 0.035
4 0.3933333333333333 0.2725 0.006666666666666667 0.025833333333333333
0 0.30583333333333335 0.25083333333333335 0.005 0.019166666666666665
0 0.5591666666666667 0.2833333333333333 0.005833333333333334 0.024166666666666666
0 0.1075 0.2225 0.0033333333333333335 0.015
4 0.11833333333333333 0.23 0.004166666666666667 0.018333333333333333
0 0.6558333333333334 0.2975 0.005833333333333334 0.025833333333333333
0 0.18166666666666667 0.23583333333333334 0.004166666666666667 0.0175
4 0.0525 0.4033333333333333 0.008333333333333333 0.0825