0 0.4216666666666667 0.4725 0.0275 0.059166666666666666
0 0.5316666666666666 0.44083333333333335 0.016666666666666666 0.03916666666666667
0 0.5333333333333333 0.415 0.013333333333333334 0.03166666666666667
0 0.5975 0.4041666666666667 0.0125 0.02666666666666667
0 0.6458333333333334 0.39166666666666666 0.009166666666666667 0.0225
0 0.6641666666666667 0.38416666666666666 0.008333333333333333 0.02
0 0.6758333333333333 0.3775 0.006666666666666667 0.018333333333333333
0 0.6441666666666667 0.37333333333333335 0.005 0.014166666666666666
0 0.6216666666666667 0.37166666666666665 0.005833333333333334 0.014166666666666666
0 0.8841666666666667 0.365 0.0033333333333333335 0.01
0 0.19666666666666666 0.5525 0.04833333333333333 0.09833333333333333
4 0.7908333333333334 0.42916666666666664 0.018333333333333333 0.03833333333333333
4 0.7841666666666667 0.4091666666666667 0.011666666666666667 0.030833333333333334
4 0.8266666666666667 0.3983333333333333 0.010833333333333334 0.025833333333333333
4 0.8291666666666667 0.38666666666666666 0.009166666666666667 0.0225
4 0.8091666666666667 0.38 0.009166666666666667 0.019166666666666665
4 0.7691666666666667 0.37416666666666665 0.0075 0.0175
4 0.7808333333333334 0.36666666666666664 0.005 0.013333333333333334
4 0.6966666666666667 0.36916666666666664 0.004166666666666667 0.014166666666666666
4 0.7033333333333334 0.3675 0.005 0.013333333333333334
4 0.7241666666666666 0.37083333333333335 0.005833333333333334 0.015833333333333335
4 0.7416666666666667 0.3675 0.005 0.014166666666666666
4 0.905 0.38 0.009166666666666667 0.02
4 0.8708333333333333 0.375 0.008333333333333333 0.018333333333333333
4 0.8425 0.37166666666666665 0.006666666666666667 0.015833333333333335
4 0.8116666666666666 0.3675 0.005833333333333334 0.013333333333333334
4 0.125 0.4033333333333333 0.021666666666666667 0.051666666666666666