0 0.6575 0.4975 0.0175 0.075
0 0.535 0.5858333333333333 0.034166666666666665 0.12416666666666666
0 0.4083333333333333 0.38333333333333336 0.008333333333333333 0.0325
0 0.085 0.3933333333333333 0.018333333333333333 0.0575
0 0.7966666666666666 0.4241666666666667 0.01 0.0325
0 0.3075 0.3933333333333333 0.011666666666666667 0.03916666666666667
4 0.7383333333333333 0.3775 0.005 0.020833333333333332
4 0.8541666666666666 0.405 0.008333333333333333 0.029166666666666667
4 0.8683333333333333 0.39916666666666667 0.005833333333333334 0.021666666666666667
0 0.45666666666666667 0.37583333333333335 0.0075 0.030833333333333334
0 0.695 0.3883333333333333 0.005833333333333334 0.025
4 0.78 0.3925 0.005 0.019166666666666665
0 0.8341666666666666 0.41583333333333333 0.01 0.03166666666666667
0 0.5908333333333333 0.36666666666666664 0.006666666666666667 0.018333333333333333
0 0.475 0.35583333333333333 0.005833333333333334 0.015
0 0.8433333333333334 0.39 0.005 0.020833333333333332
0 0.765 0.43833333333333335 0.009166666666666667 0.043333333333333335
4 0.93 0.4175 0.008333333333333333 0.030833333333333334
4 0.36916666666666664 0.35333333333333333 0.005833333333333334 0.0175
4 0.6333333333333333 0.3616666666666667 0.004166666666666667 0.016666666666666666
0 0.7225 0.4625 0.010833333333333334 0.0575
4 0.315 0.3491666666666667 0.004166666666666667 0.0175
4 0.715 0.38166666666666665 0.004166666666666667 0.021666666666666667
0 0.4508333333333333 0.36666666666666664 0.005833333333333334 0.0225
0 0.7683333333333333 0.3975 0.005833333333333334 0.021666666666666667
4 0.2025 0.36833333333333335 0.009166666666666667 0.0325
4 0.68 0.36916666666666664 0.004166666666666667 0.018333333333333333
4 0.42083333333333334 0.3525 0.0025 0.015
4 0.61 0.36333333333333334 0.004166666666666667 0.014166666666666666
0 0.63 0.3775 0.005 0.019166666666666665
0 0.5608333333333333 0.36083333333333334 0.005 0.0175
4 0.3875 0.3525 0.005833333333333334 0.015
4 0.3591666666666667 0.35583333333333333 0.005833333333333334 0.0225
4 0.505 0.35083333333333333 0.005833333333333334 0.013333333333333334
4 0.24416666666666667 0.3491666666666667 0.005833333333333334 0.015
4 0.33916666666666667 0.36333333333333334 0.005 0.024166666666666666
4 0.35 0.3491666666666667 0.0025 0.010833333333333334
4 0.545 0.35333333333333333 0.004166666666666667 0.015
4 0.3025 0.36666666666666664 0.005833333333333334 0.024166666666666666
4 0.6541666666666667 0.36916666666666664 0.005 0.020833333333333332
0 0.94 0.4025 0.005833333333333334 0.0225
4 0.9483333333333334 0.4875 0.005833333333333334 0.04416666666666667
4 0.6016666666666667 0.35583333333333333 0.004166666666666667 0.016666666666666666
0 0.12333333333333334 0.34 0.006666666666666667 0.025
4 0.1175 0.3433333333333333 0.005 0.025833333333333333
4 0.7925 0.3875 0.005 0.020833333333333332
0 0.7658333333333334 0.37666666666666665 0.005833333333333334 0.020833333333333332