0 0.6791666666666667 0.32916666666666666 0.016666666666666666 0.065
0 0.43083333333333335 0.2633333333333333 0.008333333333333333 0.035
0 0.5825 0.29583333333333334 0.0125 0.050833333333333335
0 0.5116666666666667 0.27416666666666667 0.009166666666666667 0.041666666666666664
0 0.7475 0.43083333333333335 0.03 0.11333333333333333
0 0.10666666666666667 0.26416666666666666 0.006666666666666667 0.028333333333333332
0 0.9291666666666667 0.23083333333333333 0.006666666666666667 0.024166666666666666
4 0.7575 0.2783333333333333 0.011666666666666667 0.04583333333333333
0 0.32666666666666666 0.2575 0.0075 0.0325
4 0.49583333333333335 0.24333333333333335 0.005833333333333334 0.029166666666666667
0 0.2175 0.25833333333333336 0.0075 0.030833333333333334
4 0.38 0.24 0.005 0.025
4 0.2791666666666667 0.2425 0.005 0.024166666666666666
4 0.18583333333333332 0.245 0.005 0.0225
0 0.0875 0.235 0.004166666666666667 0.0175
4 0.7725 0.23333333333333334 0.005 0.0225
4 0.7308333333333333 0.22916666666666666 0.004166666666666667 0.020833333333333332
0 0.25583333333333336 0.22583333333333333 0.0025 0.013333333333333334
4 0.1575 0.24083333333333334 0.004166666666666667 0.020833333333333332
0 0.43166666666666664 0.21333333333333335 0.0025 0.013333333333333334
4 0.35333333333333333 0.225 0.0025 0.013333333333333334
4 0.5816666666666667 0.21833333333333332 0.0025 0.015
0 0.6108333333333333 0.21333333333333335 0.0033333333333333335 0.014166666666666666
4 0.5183333333333333 0.21833333333333332 0.0025 0.015
4 0.245 0.22916666666666666 0.0025 0.014166666666666666
0 0.31583333333333335 0.2225 0.0025 0.013333333333333334
4 0.6866666666666666 0.22333333333333333 0.004166666666666667 0.018333333333333333
0 0.14166666666666666 0.22916666666666666 0.0033333333333333335 0.015
4 0.16833333333333333 0.23333333333333334 0.0033333333333333335 0.018333333333333333
0 0.6616666666666666 0.21333333333333335 0.0033333333333333335 0.014166666666666666
0 0.05 0.24416666666666667 0.0033333333333333335 0.019166666666666665
4 0.8391666666666666 0.235 0.005833333333333334 0.025833333333333333
4 0.19583333333333333 0.23083333333333333 0.0033333333333333335 0.016666666666666666
4 0.6175 0.2525 0.0075 0.035
0 0.5741666666666667 0.21333333333333335 0.0025 0.014166666666666666
0 0.21333333333333335 0.7483333333333333 0.04583333333333333 0.19916666666666666
0 0.7408333333333333 0.21666666666666667 0.004166666666666667 0.016666666666666666
0 0.7808333333333334 0.22083333333333333 0.004166666666666667 0.018333333333333333
0 0.37083333333333335 0.21833333333333332 0.0025 0.011666666666666667
4 0.4608333333333333 0.21833333333333332 0.0025 0.015
4 0.41 0.22083333333333333 0.0025 0.013333333333333334
0 0.5391666666666667 0.21333333333333335 0.0025 0.013333333333333334
4 0.6425 0.22 0.0033333333333333335 0.016666666666666666
0 0.48083333333333333 0.2125 0.0025 0.011666666666666667
4 0.9466666666666667 0.3358333333333333 0.008333333333333333 0.058333333333333334
4 0.2975 0.22833333333333333 0.0025 0.013333333333333334