0 0.08333333333333333 0.5183333333333333 0.016666666666666666 0.07333333333333333
0 0.09583333333333334 0.39666666666666667 0.009166666666666667 0.014166666666666666
0 0.19666666666666666 0.3933333333333333 0.008333333333333333 0.015
0 0.30916666666666665 0.39 0.008333333333333333 0.015833333333333335
0 0.455 0.3858333333333333 0.0075 0.013333333333333334
0 0.615 0.3858333333333333 0.006666666666666667 0.013333333333333334
0 0.92 0.41583333333333333 0.009166666666666667 0.02666666666666667
4 0.6808333333333333 0.5491666666666667 0.04666666666666667 0.09666666666666666
4 0.41333333333333333 0.43666666666666665 0.0175 0.0425
4 0.26 0.43166666666666664 0.016666666666666666 0.03916666666666667
4 0.49666666666666665 0.46166666666666667 0.025 0.05333333333333334
4 0.9125 0.4141666666666667 0.01 0.0275
4 0.9066666666666666 0.40166666666666667 0.006666666666666667 0.0175
4 0.9025 0.395 0.006666666666666667 0.016666666666666666
4 0.8991666666666667 0.38916666666666666 0.005 0.015
4 0.895 0.385 0.004166666666666667 0.011666666666666667
4 0.9075 0.37583333333333335 0.0033333333333333335 0.01
4 0.8841666666666667 0.38083333333333336 0.004166666666666667 0.014166666666666666
4 0.8591666666666666 0.37833333333333335 0.0033333333333333335 0.011666666666666667
4 0.8558333333333333 0.37333333333333335 0.0025 0.009166666666666667