0 0.38166666666666665 0.3258333333333333 0.01 0.04583333333333333
0 0.43333333333333335 0.32083333333333336 0.008333333333333333 0.03916666666666667
0 0.25 0.3425 0.016666666666666666 0.06333333333333334
4 0.5716666666666667 0.375 0.0125 0.0525
4 0.5233333333333333 0.3025 0.005833333333333334 0.025
4 0.4091666666666667 0.27416666666666667 0.005 0.021666666666666667
4 0.5675 0.31916666666666665 0.006666666666666667 0.029166666666666667
0 0.3541666666666667 0.2733333333333333 0.005833333333333334 0.025
4 0.6016666666666667 0.3591666666666667 0.009166666666666667 0.0425
4 0.495 0.5008333333333334 0.028333333333333332 0.11333333333333333
0 0.4275 0.29333333333333333 0.005833333333333334 0.028333333333333332
0 0.45166666666666666 0.31333333333333335 0.0075 0.03333333333333333
4 0.4691666666666667 0.28833333333333333 0.005 0.024166666666666666
0 0.27166666666666667 0.255 0.005 0.0225
4 0.9141666666666667 0.3466666666666667 0.0033333333333333335 0.013333333333333334
4 0.3016666666666667 0.25 0.004166666666666667 0.019166666666666665
4 0.4008333333333333 0.25333333333333335 0.0025 0.013333333333333334
4 0.5183333333333333 0.41 0.019166666666666665 0.0725
4 0.3075 0.24166666666666667 0.0033333333333333335 0.016666666666666666
4 0.335 0.24416666666666667 0.0025 0.015
0 0.44416666666666665 0.30333333333333334 0.005833333333333334 0.030833333333333334
4 0.5883333333333334 0.2833333333333333 0.0025 0.013333333333333334
4 0.36583333333333334 0.2475 0.0025 0.015
0 0.91 0.3433333333333333 0.0025 0.010833333333333334
4 0.865 0.335 0.0033333333333333335 0.011666666666666667
4 0.335 0.25833333333333336 0.004166666666666667 0.020833333333333332
4 0.42916666666666664 0.25833333333333336 0.0033333333333333335 0.013333333333333334
4 0.5141666666666667 0.27416666666666667 0.0033333333333333335 0.013333333333333334
4 0.2891666666666667 0.24416666666666667 0.004166666666666667 0.019166666666666665
4 0.4775 0.26666666666666666 0.0025 0.014166666666666666
0 0.2 0.23166666666666666 0.004166666666666667 0.018333333333333333
0 0.24916666666666668 0.23083333333333333 0.0033333333333333335 0.014166666666666666
4 0.5716666666666667 0.2816666666666667 0.0025 0.011666666666666667
0 0.21833333333333332 0.22916666666666666 0.0025 0.018333333333333333
0 0.8583333333333333 0.3325 0.0025 0.008333333333333333
0 0.395 0.2833333333333333 0.005 0.025833333333333333
0 0.8825 0.3383333333333333 0.0025 0.010833333333333334
0 0.3383333333333333 0.24166666666666667 0.0025 0.013333333333333334
0 0.49083333333333334 0.2658333333333333 0.0016666666666666668 0.011666666666666667
4 0.8316666666666667 0.3275 0.0025 0.011666666666666667
0 0.38916666666666666 0.24833333333333332 0.0025 0.011666666666666667
4 0.5841666666666666 0.6625 0.050833333333333335 0.18333333333333332
0 0.2916666666666667 0.235 0.0025 0.014166666666666666
0 0.9358333333333333 0.3491666666666667 0.0025 0.010833333333333334
4 0.7741666666666667 0.31333333333333335 0.0025 0.01
0 0.84 0.3275 0.0025 0.01
4 0.6066666666666667 0.345 0.004166666666666667 0.035833333333333335
0 0.5558333333333333 0.27416666666666667 0.0016666666666666668 0.01
0 0.4716666666666667 0.2625 0.0016666666666666668 0.011666666666666667
4 0.6016666666666667 0.285 0.0016666666666666668 0.010833333333333334
0 0.21583333333333332 0.24 0.005 0.021666666666666667
0 0.44166666666666665 0.25666666666666665 0.0025 0.011666666666666667
0 0.5316666666666666 0.27166666666666667 0.0025 0.010833333333333334
4 0.8066666666666666 0.3225 0.0025 0.01