0 0.6425 0.30666666666666664 0.014166666666666666 0.056666666666666664
0 0.905 0.24166666666666667 0.010833333333333334 0.0425
0 0.7616666666666667 0.26666666666666666 0.011666666666666667 0.04666666666666667
0 0.5616666666666666 0.3875 0.021666666666666667 0.08833333333333333
0 0.4841666666666667 0.6641666666666667 0.05583333333333333 0.21083333333333334
4 0.9166666666666666 0.315 0.0225 0.07583333333333334
3 0.13833333333333334 0.30916666666666665 0.005833333333333334 0.0225
3 0.09333333333333334 0.31 0.005833333333333334 0.020833333333333332
3 0.9433333333333334 0.18166666666666667 0.004166666666666667 0.019166666666666665
3 0.3775 0.25083333333333335 0.0033333333333333335 0.015
3 0.13166666666666665 0.2991666666666667 0.004166666666666667 0.018333333333333333
3 0.1575 0.2875 0.004166666666666667 0.016666666666666666
3 0.35833333333333334 0.25 0.0033333333333333335 0.015
3 0.44916666666666666 0.23666666666666666 0.0033333333333333335 0.014166666666666666
3 0.4508333333333333 0.23166666666666666 0.0025 0.015
4 0.9466666666666667 0.37583333333333335 0.009166666666666667 0.06666666666666667
3 0.22416666666666665 0.2841666666666667 0.005 0.020833333333333332
3 0.2891666666666667 0.265 0.004166666666666667 0.0175
3 0.285 0.26166666666666666 0.0033333333333333335 0.015
3 0.38083333333333336 0.23916666666666667 0.0025 0.010833333333333334
3 0.3983333333333333 0.2425 0.0025 0.013333333333333334
3 0.3958333333333333 0.24083333333333334 0.0025 0.014166666666666666
3 0.41583333333333333 0.23083333333333333 0.0025 0.011666666666666667
3 0.43 0.23166666666666666 0.0025 0.011666666666666667
3 0.45916666666666667 0.225 0.0025 0.013333333333333334
3 0.9116666666666666 0.18 0.0025 0.014166666666666666
3 0.9083333333333333 0.18083333333333335 0.0025 0.015
3 0.8741666666666666 0.18 0.0025 0.014166666666666666