4 0.6175 0.49 0.0225 0.0775
0 0.6208333333333333 0.37583333333333335 0.008333333333333333 0.0325
0 0.43166666666666664 0.41333333333333333 0.011666666666666667 0.04583333333333333
0 0.5433333333333333 0.3883333333333333 0.009166666666666667 0.03666666666666667
4 0.7625 0.39916666666666667 0.009166666666666667 0.035833333333333335
4 0.8941666666666667 0.4741666666666667 0.019166666666666665 0.065
4 0.8316666666666667 0.43333333333333335 0.011666666666666667 0.05
0 0.30416666666666664 0.5491666666666667 0.0275 0.11416666666666667
0 0.3383333333333333 0.44166666666666665 0.0175 0.060833333333333336
4 0.6383333333333333 0.44166666666666665 0.013333333333333334 0.0575
4 0.9116666666666666 0.42083333333333334 0.01 0.041666666666666664
4 0.8583333333333333 0.39666666666666667 0.009166666666666667 0.0325
4 0.68 0.41833333333333333 0.010833333333333334 0.041666666666666664
0 0.8708333333333333 0.37166666666666665 0.005833333333333334 0.021666666666666667
4 0.7883333333333333 0.625 0.04416666666666667 0.13666666666666666
0 0.8191666666666667 0.3725 0.005833333333333334 0.025833333333333333
4 0.94 0.3925 0.0075 0.030833333333333334
0 0.9091666666666667 0.36666666666666664 0.005833333333333334 0.019166666666666665
0 0.7241666666666666 0.37416666666666665 0.0075 0.025833333333333333
0 0.9258333333333333 0.36333333333333334 0.0033333333333333335 0.020833333333333332