0 0.84 0.2633333333333333 0.011666666666666667 0.04416666666666667
0 0.67 0.23416666666666666 0.005833333333333334 0.0275
0 0.6233333333333333 0.4558333333333333 0.03333333333333333 0.11833333333333333
0 0.8191666666666667 0.2816666666666667 0.013333333333333334 0.0525
0 0.7941666666666667 0.24333333333333335 0.008333333333333333 0.03333333333333333
1 0.7416666666666667 0.3258333333333333 0.028333333333333332 0.12583333333333332
0 0.5766666666666667 0.2375 0.005 0.025
4 0.9333333333333333 0.2275 0.01 0.03333333333333333
0 0.7566666666666667 0.2375 0.006666666666666667 0.03166666666666667
1 0.7608333333333334 0.31333333333333335 0.016666666666666666 0.115
0 0.6225 0.21 0.004166666666666667 0.015
0 0.5166666666666667 0.23666666666666666 0.005 0.0225
0 0.825 0.25166666666666665 0.01 0.03833333333333333
0 0.5033333333333333 0.23166666666666666 0.004166666666666667 0.018333333333333333
0 0.7125 0.235 0.006666666666666667 0.028333333333333332
0 0.7416666666666667 0.19916666666666666 0.0033333333333333335 0.015
4 0.8541666666666666 0.2225 0.008333333333333333 0.028333333333333332
4 0.9175 0.19416666666666665 0.005833333333333334 0.019166666666666665
4 0.6283333333333333 0.225 0.005833333333333334 0.021666666666666667
0 0.805 0.19583333333333333 0.0033333333333333335 0.015
0 0.8725 0.19166666666666668 0.0033333333333333335 0.0175
4 0.6966666666666667 0.20666666666666667 0.004166666666666667 0.016666666666666666
0 0.905 0.19 0.004166666666666667 0.0175
0 0.5675 0.2175 0.0033333333333333335 0.015
4 0.585 0.22333333333333333 0.004166666666666667 0.018333333333333333
4 0.7166666666666667 0.22083333333333333 0.006666666666666667 0.0225
4 0.5983333333333334 0.22583333333333333 0.005833333333333334 0.020833333333333332
4 0.6483333333333333 0.21166666666666667 0.004166666666666667 0.016666666666666666
4 0.5933333333333334 0.21916666666666668 0.004166666666666667 0.0175
4 0.7866666666666666 0.22083333333333333 0.006666666666666667 0.025
0 0.5233333333333333 0.225 0.004166666666666667 0.0175
4 0.6133333333333333 0.21666666666666667 0.004166666666666667 0.0175
4 0.8633333333333333 0.19833333333333333 0.005 0.018333333333333333
0 0.68 0.20416666666666666 0.0025 0.014166666666666666
0 0.755 0.3416666666666667 0.0125 0.07416666666666667
0 0.9508333333333333 0.18916666666666668 0.0008333333333333334 0.013333333333333334
0 0.09083333333333334 0.8116666666666666 0.023333333333333334 0.07083333333333333
4 0.7883333333333333 0.2 0.005 0.0175
4 0.745 0.20333333333333334 0.005 0.0175
3 0.06666666666666667 0.28 0.004166666666666667 0.014166666666666666
3 0.050833333333333335 0.2683333333333333 0.0025 0.010833333333333334
3 0.27416666666666667 0.23666666666666666 0.0025 0.01
3 0.3125 0.23333333333333334 0.0025 0.01
3 0.35583333333333333 0.22666666666666666 0.0025 0.01
3 0.38916666666666666 0.22333333333333333 0.0025 0.011666666666666667
3 0.4091666666666667 0.22 0.0025 0.01
3 0.4166666666666667 0.22083333333333333 0.0025 0.01
3 0.4225 0.22083333333333333 0.0025 0.01
3 0.4558333333333333 0.21666666666666667 0.0025 0.01
3 0.4658333333333333 0.21666666666666667 0.0025 0.010833333333333334