0 0.44083333333333335 0.37416666666666665 0.016666666666666666 0.0725
0 0.1525 0.3525 0.010833333333333334 0.04416666666666667
0 0.48 0.465 0.02666666666666667 0.1175
2 0.25166666666666665 0.2925 0.005833333333333334 0.025833333333333333
0 0.2658333333333333 0.3416666666666667 0.0125 0.049166666666666664
4 0.6408333333333334 0.32166666666666666 0.015833333333333335 0.06333333333333334
2 0.10416666666666667 0.3225 0.006666666666666667 0.028333333333333332
4 0.8333333333333334 0.4041666666666667 0.03 0.10833333333333334
0 0.3641666666666667 0.3466666666666667 0.013333333333333334 0.056666666666666664
2 0.1675 0.31666666666666665 0.006666666666666667 0.03166666666666667
4 0.495 0.3025 0.010833333333333334 0.04583333333333333
4 0.3575 0.30583333333333335 0.008333333333333333 0.03916666666666667
4 0.21916666666666668 0.32 0.008333333333333333 0.03333333333333333
4 0.06166666666666667 0.3491666666666667 0.010833333333333334 0.03666666666666667
2 0.19083333333333333 0.2991666666666667 0.005833333333333334 0.025
0 0.335 0.7608333333333334 0.03166666666666667 0.17416666666666666