0 0.21583333333333332 0.42833333333333334 0.015 0.0525
0 0.065 0.5358333333333334 0.03 0.10666666666666667
4 0.5233333333333333 0.4075 0.011666666666666667 0.041666666666666664
0 0.18333333333333332 0.4583333333333333 0.021666666666666667 0.065
4 0.7041666666666667 0.4766666666666667 0.0225 0.075
4 0.43833333333333335 0.4558333333333333 0.019166666666666665 0.065
0 0.8658333333333333 0.4508333333333333 0.020833333333333332 0.060833333333333336
0 0.48833333333333334 0.38 0.005833333333333334 0.0225
0 0.6441666666666667 0.39416666666666667 0.009166666666666667 0.035833333333333335
4 0.5425 0.5525 0.030833333333333334 0.11083333333333334
0 0.5658333333333333 0.3775 0.005833333333333334 0.025
4 0.36333333333333334 0.4041666666666667 0.010833333333333334 0.03833333333333333
4 0.5908333333333333 0.43333333333333335 0.015 0.05416666666666667
0 0.07666666666666666 0.42333333333333334 0.013333333333333334 0.04666666666666667
4 0.30416666666666664 0.4025 0.009166666666666667 0.035
0 0.7241666666666666 0.4166666666666667 0.0125 0.04583333333333333
4 0.4325 0.38666666666666666 0.006666666666666667 0.028333333333333332
0 0.15916666666666668 0.4191666666666667 0.011666666666666667 0.04583333333333333
4 0.29 0.39 0.005833333333333334 0.025833333333333333
0 0.4025 0.38166666666666665 0.006666666666666667 0.020833333333333332
0 0.6141666666666666 0.38083333333333336 0.0075 0.029166666666666667
4 0.19583333333333333 0.3958333333333333 0.006666666666666667 0.0275
4 0.36833333333333335 0.3875 0.006666666666666667 0.0275
4 0.49833333333333335 0.3933333333333333 0.01 0.03333333333333333
2 0.07916666666666666 0.38083333333333336 0.004166666666666667 0.0175
4 0.4141666666666667 0.415 0.010833333333333334 0.04416666666666667
4 0.215 0.4041666666666667 0.008333333333333333 0.03333333333333333
0 0.20333333333333334 0.3908333333333333 0.006666666666666667 0.0225
2 0.16166666666666665 0.37666666666666665 0.004166666666666667 0.018333333333333333
4 0.8775 0.6883333333333334 0.0575 0.1725
4 0.9241666666666667 0.5433333333333333 0.035833333333333335 0.10416666666666667
2 0.3433333333333333 0.36916666666666664 0.004166666666666667 0.016666666666666666
0 0.30666666666666664 0.385 0.004166666666666667 0.021666666666666667
2 0.2916666666666667 0.37083333333333335 0.0033333333333333335 0.016666666666666666
2 0.2325 0.37416666666666665 0.004166666666666667 0.016666666666666666
4 0.09666666666666666 0.40166666666666667 0.006666666666666667 0.029166666666666667
0 0.09333333333333334 0.3983333333333333 0.004166666666666667 0.0225
2 0.4041666666666667 0.36666666666666664 0.0025 0.014166666666666666