0 0.5441666666666667 0.3275 0.0125 0.0425
0 0.6825 0.34 0.011666666666666667 0.03666666666666667
0 0.40166666666666667 0.32916666666666666 0.015 0.05333333333333334
0 0.22583333333333333 0.3591666666666667 0.023333333333333334 0.07916666666666666
4 0.47583333333333333 0.42333333333333334 0.024166666666666666 0.0925
4 0.8816666666666667 0.3958333333333333 0.0125 0.04666666666666667
4 0.6508333333333334 0.36833333333333335 0.015 0.0525
4 0.555 0.37916666666666665 0.016666666666666666 0.06416666666666666
0 0.8283333333333334 0.365 0.01 0.03833333333333333
4 0.7591666666666667 0.37583333333333335 0.014166666666666666 0.0475
4 0.44916666666666666 0.5658333333333333 0.035833333333333335 0.15333333333333332
3 0.2675 0.25666666666666665 0.008333333333333333 0.029166666666666667
3 0.86 0.3375 0.005 0.020833333333333332
3 0.43 0.2725 0.005833333333333334 0.024166666666666666
3 0.37916666666666665 0.2791666666666667 0.006666666666666667 0.029166666666666667
3 0.45166666666666666 0.2633333333333333 0.004166666666666667 0.019166666666666665
3 0.6691666666666667 0.2975 0.0033333333333333335 0.018333333333333333
3 0.49666666666666665 0.2758333333333333 0.004166666666666667 0.020833333333333332
3 0.5766666666666667 0.2833333333333333 0.0033333333333333335 0.0175
3 0.4708333333333333 0.26 0.0033333333333333335 0.016666666666666666
3 0.5308333333333334 0.2683333333333333 0.0033333333333333335 0.016666666666666666
3 0.5158333333333334 0.27 0.0033333333333333335 0.016666666666666666
3 0.3333333333333333 0.25166666666666665 0.005833333333333334 0.0225
3 0.3825 0.24916666666666668 0.004166666666666667 0.016666666666666666
3 0.41333333333333333 0.24583333333333332 0.0025 0.015
3 0.4825 0.2575 0.0025 0.015
3 0.7575 0.3125 0.004166666666666667 0.020833333333333332
3 0.895 0.3408333333333333 0.004166666666666667 0.018333333333333333
3 0.6525 0.29 0.0033333333333333335 0.016666666666666666
3 0.5741666666666667 0.2783333333333333 0.0033333333333333335 0.0175