0 0.35333333333333333 0.5666666666666667 0.030833333333333334 0.115
4 0.7866666666666666 0.6033333333333334 0.0375 0.12416666666666666
4 0.69 0.44583333333333336 0.011666666666666667 0.04666666666666667
4 0.7208333333333333 0.4241666666666667 0.009166666666666667 0.03916666666666667
0 0.7625 0.395 0.006666666666666667 0.025
0 0.505 0.42083333333333334 0.01 0.0425
0 0.4425 0.46 0.0125 0.06
0 0.6775 0.3958333333333333 0.006666666666666667 0.029166666666666667
4 0.8508333333333333 0.41333333333333333 0.006666666666666667 0.030833333333333334
4 0.7816666666666666 0.4141666666666667 0.008333333333333333 0.035
4 0.915 0.4141666666666667 0.006666666666666667 0.030833333333333334
0 0.5875 0.4041666666666667 0.0075 0.03166666666666667
4 0.6975 0.49166666666666664 0.015833333333333335 0.06833333333333333
0 0.8416666666666667 0.3958333333333333 0.005 0.025833333333333333
0 0.95 0.4083333333333333 0.0025 0.0275