0 0.46416666666666667 0.3625 0.015 0.0725
4 0.6275 0.29 0.013333333333333334 0.050833333333333335
0 0.42333333333333334 0.335 0.015 0.06
4 0.8891666666666667 0.3675 0.02666666666666667 0.09333333333333334
0 0.47583333333333333 0.4216666666666667 0.023333333333333334 0.1
0 0.41833333333333333 0.2733333333333333 0.0075 0.03333333333333333
4 0.5691666666666667 0.2758333333333333 0.01 0.0425
4 0.7516666666666667 0.31416666666666665 0.019166666666666665 0.06333333333333334
4 0.5575 0.25916666666666666 0.008333333333333333 0.03333333333333333
4 0.66 0.2275 0.006666666666666667 0.024166666666666666
4 0.5766666666666667 0.2475 0.006666666666666667 0.029166666666666667
0 0.6783333333333333 0.21416666666666667 0.004166666666666667 0.019166666666666665
0 0.42 0.575 0.0425 0.165
0 0.6 0.22416666666666665 0.005 0.020833333333333332
0 0.5275 0.23833333333333334 0.005 0.0225
0 0.855 0.19916666666666666 0.005 0.020833333333333332
4 0.7141666666666666 0.21916666666666668 0.006666666666666667 0.024166666666666666
0 0.4633333333333333 0.25416666666666665 0.005833333333333334 0.0275
0 0.375 0.3025 0.01 0.043333333333333335
4 0.7966666666666666 0.21166666666666667 0.005833333333333334 0.024166666666666666
4 0.6141666666666666 0.23583333333333334 0.006666666666666667 0.025833333333333333
0 0.765 0.20583333333333334 0.005 0.020833333333333332
4 0.85 0.20833333333333334 0.006666666666666667 0.0225
4 0.9416666666666667 0.20583333333333334 0.0075 0.025833333333333333
0 0.185 0.785 0.03 0.125