0 0.39416666666666667 0.56 0.0275 0.11083333333333334
0 0.295 0.405 0.010833333333333334 0.03833333333333333
0 0.74 0.4475 0.015833333333333335 0.05333333333333334
0 0.5833333333333334 0.485 0.02 0.07166666666666667
0 0.15916666666666668 0.415 0.0125 0.043333333333333335
4 0.14583333333333334 0.3883333333333333 0.010833333333333334 0.03666666666666667
0 0.4608333333333333 0.385 0.0075 0.028333333333333332
4 0.1 0.3575 0.0075 0.028333333333333332
4 0.3725 0.36333333333333334 0.006666666666666667 0.0225
0 0.39916666666666667 0.395 0.008333333333333333 0.03333333333333333
0 0.195 0.3441666666666667 0.004166666666666667 0.016666666666666666
4 0.36333333333333334 0.37583333333333335 0.0075 0.028333333333333332
0 0.41833333333333333 0.3575 0.004166666666666667 0.019166666666666665
0 0.8658333333333333 0.44333333333333336 0.0125 0.04666666666666667
0 0.5008333333333334 0.375 0.004166666666666667 0.024166666666666666
4 0.25666666666666665 0.38333333333333336 0.008333333333333333 0.03166666666666667
0 0.10916666666666666 0.3458333333333333 0.005833333333333334 0.021666666666666667
2 0.6491666666666667 0.355 0.0033333333333333335 0.011666666666666667
0 0.26416666666666666 0.3441666666666667 0.004166666666666667 0.0175
4 0.25333333333333335 0.35083333333333333 0.005 0.020833333333333332
2 0.6716666666666666 0.35833333333333334 0.0033333333333333335 0.014166666666666666
4 0.39166666666666666 0.37083333333333335 0.005 0.024166666666666666
4 0.31833333333333336 0.355 0.005 0.020833333333333332
4 0.8341666666666666 0.6633333333333333 0.05 0.1525
4 0.9216666666666666 0.5508333333333333 0.03166666666666667 0.09583333333333334
2 0.6933333333333334 0.36 0.0025 0.014166666666666666
0 0.4716666666666667 0.36583333333333334 0.004166666666666667 0.020833333333333332
0 0.3225 0.3475 0.004166666666666667 0.018333333333333333
4 0.18416666666666667 0.3541666666666667 0.006666666666666667 0.0225