4 0.215 0.33666666666666667 0.014166666666666666 0.0575
0 0.8725 0.31166666666666665 0.005 0.024166666666666666
0 0.06166666666666667 0.25833333333333336 0.0075 0.028333333333333332
0 0.11666666666666667 0.24833333333333332 0.005 0.0225
4 0.19 0.30583333333333335 0.01 0.041666666666666664
4 0.39666666666666667 0.5966666666666667 0.04583333333333333 0.16916666666666666
0 0.17333333333333334 0.2475 0.005 0.021666666666666667
0 0.09083333333333334 0.25166666666666665 0.005833333333333334 0.025
4 0.8191666666666667 0.31166666666666665 0.005833333333333334 0.025833333333333333
4 0.19583333333333333 0.265 0.006666666666666667 0.025833333333333333
4 0.25416666666666665 0.25666666666666665 0.005833333333333334 0.0225
0 0.5691666666666667 0.2733333333333333 0.0033333333333333335 0.018333333333333333
0 0.4483333333333333 0.26 0.0033333333333333335 0.018333333333333333
4 0.61 0.28583333333333333 0.005 0.021666666666666667
4 0.26666666666666666 0.4116666666666667 0.0225 0.08833333333333333
0 0.7925 0.3025 0.005 0.021666666666666667
0 0.39166666666666666 0.25666666666666665 0.0033333333333333335 0.0175
4 0.425 0.26416666666666666 0.005 0.019166666666666665
0 0.25916666666666666 0.24916666666666668 0.005 0.019166666666666665
4 0.18083333333333335 0.2833333333333333 0.0075 0.03166666666666667
4 0.33666666666666667 0.2575 0.004166666666666667 0.019166666666666665
4 0.9308333333333333 0.33 0.006666666666666667 0.0275
0 0.6416666666666667 0.2833333333333333 0.004166666666666667 0.018333333333333333
4 0.5183333333333333 0.275 0.004166666666666667 0.021666666666666667
4 0.32916666666666666 0.23666666666666666 0.0016666666666666668 0.01
0 0.7133333333333334 0.2916666666666667 0.0025 0.019166666666666665
4 0.7158333333333333 0.2975 0.005833333333333334 0.024166666666666666
0 0.5075 0.26666666666666666 0.0025 0.0175
2 0.2925 0.235 0.0025 0.008333333333333333
4 0.2825 0.22833333333333333 0.0016666666666666668 0.006666666666666667
4 0.285 0.2375 0.0016666666666666668 0.01
4 0.4791666666666667 0.24583333333333332 0.0016666666666666668 0.01
4 0.47333333333333333 0.24333333333333335 0.0016666666666666668 0.0075
4 0.49833333333333335 0.24333333333333335 0.0016666666666666668 0.008333333333333333
0 0.3333333333333333 0.23333333333333334 0.0016666666666666668 0.01
4 0.5183333333333333 0.24916666666666668 0.0008333333333333334 0.01
0 0.30833333333333335 0.23416666666666666 0.0016666666666666668 0.0075
0 0.050833333333333335 0.2775 0.004166666666666667 0.035833333333333335
4 0.1 0.22166666666666668 0.0025 0.010833333333333334
4 0.1025 0.2225 0.0025 0.01
4 0.10583333333333333 0.22083333333333333 0.0016666666666666668 0.01
4 0.10833333333333334 0.22083333333333333 0.0016666666666666668 0.01
4 0.11416666666666667 0.22083333333333333 0.0016666666666666668 0.008333333333333333
4 0.11833333333333333 0.22 0.0016666666666666668 0.01
0 0.2733333333333333 0.22916666666666666 0.0025 0.008333333333333333
4 0.2825 0.235 0.0016666666666666668 0.008333333333333333
4 0.2975 0.22916666666666666 0.0016666666666666668 0.008333333333333333
4 0.3025 0.22916666666666666 0.0016666666666666668 0.008333333333333333
0 0.2991666666666667 0.23083333333333333 0.0016666666666666668 0.008333333333333333
2 0.2941666666666667 0.23 0.0016666666666666668 0.0075
4 0.30416666666666664 0.235 0.0016666666666666668 0.01
0 0.32083333333333336 0.22916666666666666 0.0016666666666666668 0.008333333333333333
4 0.32666666666666666 0.2275 0.0016666666666666668 0.0075
4 0.32916666666666666 0.22916666666666666 0.0016666666666666668 0.0075
0 0.3375 0.23083333333333333 0.0016666666666666668 0.006666666666666667
0 0.3383333333333333 0.25333333333333335 0.0025 0.0175
4 0.3433333333333333 0.22916666666666666 0.0008333333333333334 0.0075
2 0.4708333333333333 0.2425 0.0016666666666666668 0.006666666666666667
0 0.48083333333333333 0.235 0.0008333333333333334 0.0075
0 0.48333333333333334 0.24333333333333335 0.0008333333333333334 0.0075
4 0.48833333333333334 0.23333333333333334 0.0008333333333333334 0.0075
0 0.5 0.23666666666666666 0.0016666666666666668 0.01
4 0.5041666666666667 0.23 0.0008333333333333334 0.0075
4 0.5066666666666667 0.23416666666666666 0.0016666666666666668 0.0075
0 0.5166666666666667 0.23666666666666666 0.0008333333333333334 0.0075
0 0.52 0.24083333333333334 0.0016666666666666668 0.01
2 0.5166666666666667 0.24916666666666668 0.0016666666666666668 0.01
4 0.5233333333333333 0.2425 0.0016666666666666668 0.008333333333333333
4 0.5283333333333333 0.23 0.0016666666666666668 0.0075
4 0.5308333333333334 0.23583333333333334 0.0016666666666666668 0.008333333333333333
0 0.5291666666666667 0.2375 0.0008333333333333334 0.0075
1 0.5391666666666667 0.23666666666666666 0.0016666666666666668 0.011666666666666667
1 0.5408333333333334 0.23666666666666666 0.0016666666666666668 0.011666666666666667
4 0.5458333333333333 0.23083333333333333 0.0008333333333333334 0.0075
4 0.5533333333333333 0.25166666666666665 0.0025 0.011666666666666667
0 0.5491666666666667 0.25166666666666665 0.0025 0.011666666666666667
4 0.645 0.235 0.0016666666666666668 0.0075
2 0.6466666666666666 0.23666666666666666 0.0016666666666666668 0.006666666666666667
4 0.6566666666666666 0.23666666666666666 0.0016666666666666668 0.0075
4 0.6675 0.2425 0.0016666666666666668 0.008333333333333333
4 0.6691666666666667 0.23833333333333334 0.0016666666666666668 0.0075
4 0.6725 0.23833333333333334 0.0016666666666666668 0.006666666666666667
4 0.6966666666666667 0.24166666666666667 0.0008333333333333334 0.0075
4 0.7 0.24083333333333334 0.0016666666666666668 0.0075
4 0.7158333333333333 0.2425 0.0016666666666666668 0.006666666666666667
0 0.7108333333333333 0.23916666666666667 0.0016666666666666668 0.006666666666666667
0 0.7133333333333334 0.24166666666666667 0.0008333333333333334 0.0075
0 0.7266666666666667 0.24166666666666667 0.0016666666666666668 0.006666666666666667
4 0.7241666666666666 0.24333333333333335 0.0016666666666666668 0.0075
4 0.7425 0.24416666666666667 0.0016666666666666668 0.008333333333333333
4 0.4791666666666667 0.22916666666666666 0.0016666666666666668 0.006666666666666667
4 0.6925 0.24 0.0016666666666666668 0.0075
0 0.6775 0.23916666666666667 0.0016666666666666668 0.006666666666666667
0 0.6958333333333333 0.24 0.0016666666666666668 0.006666666666666667
0 0.7441666666666666 0.24 0.0008333333333333334 0.006666666666666667