4 0.2758333333333333 0.32916666666666666 0.013333333333333334 0.0575
0 0.12833333333333333 0.21666666666666667 0.005 0.018333333333333333
4 0.20666666666666667 0.2975 0.0125 0.04666666666666667
4 0.11 0.2708333333333333 0.010833333333333334 0.041666666666666664
0 0.23166666666666666 0.22083333333333333 0.004166666666666667 0.014166666666666666
4 0.31666666666666665 0.3775 0.020833333333333332 0.0775
4 0.25833333333333336 0.23 0.004166666666666667 0.016666666666666666
4 0.8183333333333334 0.30666666666666664 0.004166666666666667 0.014166666666666666
0 0.16666666666666666 0.21916666666666668 0.004166666666666667 0.0175
1 0.49416666666666664 0.5475 0.060833333333333336 0.26
0 0.2725 0.21833333333333332 0.0033333333333333335 0.010833333333333334
0 0.245 0.21833333333333332 0.0033333333333333335 0.011666666666666667
1 0.43833333333333335 0.4975 0.0375 0.22083333333333333
0 0.6825 0.2758333333333333 0.0025 0.01
4 0.37583333333333335 0.23333333333333334 0.0033333333333333335 0.013333333333333334
0 0.07833333333333334 0.21166666666666667 0.006666666666666667 0.019166666666666665
0 0.38416666666666666 0.2325 0.0033333333333333335 0.010833333333333334
4 0.645 0.27166666666666667 0.0025 0.010833333333333334
4 0.8758333333333334 0.31666666666666665 0.004166666666666667 0.013333333333333334
4 0.9166666666666666 0.3233333333333333 0.004166666666666667 0.014166666666666666
0 0.7208333333333333 0.2866666666666667 0.0025 0.011666666666666667
4 0.6541666666666667 0.2758333333333333 0.0033333333333333335 0.011666666666666667
4 0.30666666666666664 0.22583333333333333 0.0033333333333333335 0.011666666666666667
4 0.7258333333333333 0.29 0.0033333333333333335 0.013333333333333334
0 0.21666666666666667 0.22166666666666668 0.005 0.0175
0 0.24 0.22083333333333333 0.004166666666666667 0.014166666666666666
0 0.9058333333333334 0.31833333333333336 0.0033333333333333335 0.013333333333333334
0 0.3333333333333333 0.22666666666666666 0.0033333333333333335 0.011666666666666667
4 0.6375 0.2683333333333333 0.0033333333333333335 0.010833333333333334
4 0.6266666666666667 0.265 0.0025 0.010833333333333334
4 0.44 0.24083333333333334 0.0033333333333333335 0.011666666666666667
4 0.405 0.23666666666666666 0.0033333333333333335 0.013333333333333334
4 0.4583333333333333 0.2425 0.0025 0.010833333333333334
4 0.1625 0.22583333333333333 0.005833333333333334 0.020833333333333332
0 0.695 0.2808333333333333 0.0025 0.011666666666666667
4 0.2833333333333333 0.23083333333333333 0.004166666666666667 0.015
0 0.7958333333333333 0.3 0.0033333333333333335 0.013333333333333334
4 0.0925 0.22083333333333333 0.006666666666666667 0.021666666666666667
0 0.7025 0.2825 0.0033333333333333335 0.013333333333333334
4 0.77 0.29833333333333334 0.004166666666666667 0.014166666666666666
0 0.19 0.22 0.005 0.016666666666666666
4 0.5641666666666667 0.25416666666666665 0.0025 0.01
0 0.7425 0.29 0.0025 0.013333333333333334
4 0.5875 0.25833333333333336 0.0025 0.01
0 0.36583333333333334 0.23083333333333333 0.0033333333333333335 0.010833333333333334
0 0.4191666666666667 0.23583333333333334 0.0033333333333333335 0.010833333333333334
4 0.6133333333333333 0.2633333333333333 0.0025 0.010833333333333334
4 0.325 0.2275 0.0033333333333333335 0.011666666666666667
4 0.49583333333333335 0.24416666666666667 0.0025 0.010833333333333334
4 0.295 0.23083333333333333 0.004166666666666667 0.015
0 0.3025 0.2225 0.0025 0.011666666666666667
0 0.5341666666666667 0.24833333333333332 0.0025 0.0075
0 0.4266666666666667 0.23583333333333334 0.0033333333333333335 0.010833333333333334
4 0.4683333333333333 0.24166666666666667 0.0025 0.01
4 0.4775 0.2425 0.0025 0.010833333333333334
0 0.6633333333333333 0.2708333333333333 0.0025 0.01
0 0.7691666666666667 0.295 0.0025 0.011666666666666667
4 0.5166666666666667 0.2475 0.0025 0.01
0 0.6908333333333333 0.2791666666666667 0.0025 0.010833333333333334
0 0.8475 0.30833333333333335 0.0033333333333333335 0.010833333333333334
4 0.3016666666666667 0.23 0.0033333333333333335 0.011666666666666667
0 0.57 0.25416666666666665 0.0025 0.01
4 0.46 0.56 0.03666666666666667 0.15
0 0.44166666666666665 0.23666666666666666 0.0025 0.01
4 0.6875 0.2833333333333333 0.004166666666666667 0.014166666666666666
0 0.605 0.26 0.0016666666666666668 0.008333333333333333
4 0.5408333333333334 0.25083333333333335 0.0025 0.01
4 0.2966666666666667 0.22583333333333333 0.0033333333333333335 0.013333333333333334
4 0.2175 0.23 0.005 0.016666666666666666
4 0.6425 0.27 0.0025 0.011666666666666667
0 0.2375 0.21916666666666668 0.0025 0.013333333333333334