0 0.17 0.34 0.0175 0.0725
0 0.5683333333333334 0.29083333333333333 0.0075 0.03166666666666667
0 0.7016666666666667 0.30333333333333334 0.0075 0.030833333333333334
0 0.30833333333333335 0.3 0.011666666666666667 0.05
4 0.7425 0.32416666666666666 0.008333333333333333 0.035833333333333335
0 0.8391666666666666 0.3233333333333333 0.008333333333333333 0.03166666666666667
4 0.4583333333333333 0.3333333333333333 0.013333333333333334 0.0575
2 0.13 0.30416666666666664 0.015 0.060833333333333336
4 0.5383333333333333 0.31583333333333335 0.011666666666666667 0.04416666666666667
2 0.07666666666666666 0.25833333333333336 0.010833333333333334 0.041666666666666664
4 0.4266666666666667 0.49583333333333335 0.034166666666666665 0.13166666666666665
0 0.4375 0.2875 0.009166666666666667 0.03833333333333333
4 0.4033333333333333 0.3775 0.018333333333333333 0.0775
4 0.635 0.31583333333333335 0.009166666666666667 0.04
1 0.6508333333333334 0.6758333333333333 0.0875 0.3433333333333333
4 0.8591666666666666 0.3433333333333333 0.01 0.03833333333333333
4 0.775 0.7816666666666666 0.029166666666666667 0.13083333333333333