4 0.255 0.4558333333333333 0.03 0.115
0 0.1375 0.21833333333333332 0.006666666666666667 0.021666666666666667
4 0.405 0.26166666666666666 0.005 0.020833333333333332
4 0.11833333333333333 0.22416666666666665 0.006666666666666667 0.025
0 0.30666666666666664 0.24333333333333335 0.005 0.019166666666666665
4 0.2625 0.24583333333333332 0.005 0.024166666666666666
0 0.2225 0.23083333333333333 0.005833333333333334 0.020833333333333332
4 0.44166666666666665 0.2633333333333333 0.004166666666666667 0.021666666666666667
0 0.36833333333333335 0.24916666666666668 0.004166666666666667 0.018333333333333333
4 0.0625 0.35 0.025 0.0825
0 0.2708333333333333 0.23833333333333334 0.005833333333333334 0.020833333333333332
4 0.32416666666666666 0.25416666666666665 0.005833333333333334 0.0225
4 0.45916666666666667 0.25166666666666665 0.0025 0.011666666666666667
0 0.3425 0.2475 0.004166666666666667 0.018333333333333333
4 0.2 0.23666666666666666 0.005833333333333334 0.025
0 0.41083333333333333 0.24166666666666667 0.0025 0.013333333333333334
0 0.37833333333333335 0.24166666666666667 0.0025 0.014166666666666666
4 0.5083333333333333 0.25833333333333336 0.0025 0.011666666666666667
0 0.8541666666666666 0.3225 0.0025 0.013333333333333334
4 0.4425 0.2525 0.004166666666666667 0.014166666666666666
4 0.6516666666666666 0.2866666666666667 0.0025 0.013333333333333334
4 0.7666666666666667 0.31083333333333335 0.0025 0.015
4 0.6008333333333333 0.27416666666666667 0.0025 0.011666666666666667
4 0.925 0.3375 0.0033333333333333335 0.011666666666666667
4 0.8366666666666667 0.3233333333333333 0.0033333333333333335 0.014166666666666666
0 0.38083333333333336 0.24916666666666668 0.0033333333333333335 0.0175
4 0.45416666666666666 0.26166666666666666 0.0033333333333333335 0.015
4 0.4708333333333333 0.6225 0.0475 0.17166666666666666
4 0.9066666666666666 0.335 0.0033333333333333335 0.013333333333333334
0 0.8233333333333334 0.31833333333333336 0.0025 0.011666666666666667
4 0.8683333333333333 0.33 0.0025 0.014166666666666666
4 0.62 0.2783333333333333 0.0025 0.013333333333333334
0 0.9325 0.335 0.0025 0.010833333333333334
0 0.7525 0.30416666666666664 0.0025 0.013333333333333334
0 0.38666666666666666 0.24 0.0025 0.014166666666666666
0 0.6991666666666667 0.2941666666666667 0.0025 0.013333333333333334
4 0.48 0.25416666666666665 0.0025 0.010833333333333334
4 0.57 0.26916666666666667 0.0025 0.011666666666666667
4 0.89 0.3325 0.0033333333333333335 0.013333333333333334
4 0.9491666666666667 0.34 0.0033333333333333335 0.013333333333333334
0 0.7758333333333334 0.31 0.0025 0.011666666666666667
4 0.5391666666666667 0.2633333333333333 0.0016666666666666668 0.013333333333333334
0 0.5316666666666666 0.25916666666666666 0.0025 0.011666666666666667
0 0.6808333333333333 0.29083333333333333 0.0025 0.011666666666666667
4 0.725 0.30333333333333334 0.0025 0.013333333333333334
0 0.8408333333333333 0.32083333333333336 0.0025 0.013333333333333334
0 0.575 0.2675 0.0025 0.010833333333333334
0 0.8975 0.32916666666666666 0.0025 0.010833333333333334
4 0.445 0.25083333333333335 0.0025 0.014166666666666666
0 0.8708333333333333 0.32416666666666666 0.0025 0.013333333333333334
4 0.6833333333333333 0.2941666666666667 0.0025 0.013333333333333334
0 0.66 0.285 0.0025 0.011666666666666667
0 0.38416666666666666 0.24666666666666667 0.0025 0.0175
4 0.4525 0.2575 0.0025 0.015
4 0.8008333333333333 0.3175 0.0033333333333333335 0.015