0 0.24333333333333335 0.29 0.009166666666666667 0.035
0 0.08416666666666667 0.48833333333333334 0.03666666666666667 0.115
0 0.7591666666666667 0.2575 0.011666666666666667 0.043333333333333335
0 0.32166666666666666 0.27416666666666667 0.008333333333333333 0.030833333333333334
0 0.6025 0.24416666666666667 0.008333333333333333 0.0325
0 0.7341666666666666 0.38666666666666666 0.03 0.10333333333333333
4 0.6491666666666667 0.23 0.006666666666666667 0.029166666666666667
0 0.6858333333333333 0.24666666666666667 0.008333333333333333 0.03666666666666667
0 0.15166666666666667 0.315 0.010833333333333334 0.04
0 0.39416666666666667 0.47583333333333333 0.03833333333333333 0.1275
4 0.7641666666666667 0.23166666666666666 0.0075 0.0325
4 0.8733333333333333 0.24 0.010833333333333334 0.041666666666666664
2 0.8933333333333333 0.21 0.008333333333333333 0.030833333333333334
4 0.19583333333333333 0.2866666666666667 0.008333333333333333 0.030833333333333334
4 0.5391666666666667 0.23583333333333334 0.006666666666666667 0.028333333333333332
4 0.06666666666666667 0.31916666666666665 0.008333333333333333 0.03666666666666667
2 0.8808333333333334 0.22916666666666666 0.01 0.035833333333333335
0 0.5158333333333334 0.24833333333333332 0.006666666666666667 0.03166666666666667
4 0.29583333333333334 0.26666666666666666 0.006666666666666667 0.0275
2 0.9008333333333334 0.1975 0.005833333333333334 0.024166666666666666
1 0.8091666666666667 0.31333333333333335 0.03 0.12916666666666668
1 0.8258333333333333 0.29333333333333333 0.015 0.11416666666666667
0 0.06333333333333334 0.3466666666666667 0.015 0.0475
2 0.9333333333333333 0.18666666666666668 0.005 0.021666666666666667
0 0.4191666666666667 0.25833333333333336 0.005833333333333334 0.029166666666666667
2 0.9058333333333334 0.18916666666666668 0.005 0.021666666666666667
0 0.8233333333333334 0.32416666666666666 0.013333333333333334 0.0775
4 0.4175 0.2475 0.004166666666666667 0.028333333333333332
0 0.815 0.2775 0.005833333333333334 0.05333333333333334
3 0.925 0.18416666666666667 0.0033333333333333335 0.016666666666666666