0 0.43833333333333335 0.48083333333333333 0.02 0.075
4 0.8233333333333334 0.5758333333333333 0.03 0.11
0 0.29 0.645 0.045 0.15583333333333332
0 0.4816666666666667 0.42833333333333334 0.013333333333333334 0.05
4 0.6825 0.4275 0.0125 0.04666666666666667
4 0.8958333333333334 0.43333333333333335 0.013333333333333334 0.049166666666666664
4 0.6316666666666667 0.4058333333333333 0.009166666666666667 0.03833333333333333
0 0.46 0.39916666666666667 0.01 0.03833333333333333
4 0.835 0.41 0.010833333333333334 0.03666666666666667
4 0.7266666666666667 0.4708333333333333 0.015833333333333335 0.06666666666666667
0 0.9325 0.39416666666666667 0.009166666666666667 0.03166666666666667
0 0.5675 0.3616666666666667 0.004166666666666667 0.019166666666666665
4 0.5783333333333334 0.3908333333333333 0.0075 0.03166666666666667
4 0.8 0.395 0.0075 0.03166666666666667
4 0.7525 0.38083333333333336 0.006666666666666667 0.025833333333333333
0 0.62 0.3625 0.005 0.020833333333333332
0 0.43333333333333335 0.37166666666666665 0.008333333333333333 0.025833333333333333
0 0.44333333333333336 0.385 0.008333333333333333 0.03166666666666667
0 0.8725 0.38333333333333336 0.006666666666666667 0.025
0 0.7825 0.36916666666666664 0.005833333333333334 0.020833333333333332
0 0.5208333333333334 0.36333333333333334 0.005833333333333334 0.021666666666666667
0 0.8325 0.37583333333333335 0.006666666666666667 0.025833333333333333
4 0.5516666666666666 0.38333333333333336 0.005833333333333334 0.029166666666666667
2 0.5066666666666667 0.3475 0.0033333333333333335 0.014166666666666666
4 0.7158333333333333 0.37583333333333335 0.005833333333333334 0.0225
2 0.4708333333333333 0.3475 0.004166666666666667 0.018333333333333333
4 0.545 0.37333333333333335 0.006666666666666667 0.025
0 0.4716666666666667 0.36666666666666664 0.005833333333333334 0.021666666666666667
4 0.5941666666666666 0.37 0.005833333333333334 0.0225
2 0.38416666666666666 0.3441666666666667 0.0033333333333333335 0.011666666666666667
4 0.655 0.37083333333333335 0.005833333333333334 0.0225
2 0.4633333333333333 0.3425 0.0025 0.013333333333333334
2 0.425 0.3375 0.0033333333333333335 0.011666666666666667
2 0.3375 0.3383333333333333 0.0025 0.014166666666666666
0 0.6825 0.3641666666666667 0.005 0.021666666666666667
2 0.45166666666666666 0.3325 0.0025 0.008333333333333333
2 0.475 0.335 0.0016666666666666668 0.008333333333333333