0 0.08333333333333333 0.5125 0.018333333333333333 0.0675
0 0.08583333333333333 0.5966666666666667 0.0225 0.0975
0 0.44 0.3925 0.0125 0.015
0 0.4825 0.3983333333333333 0.013333333333333334 0.016666666666666666
0 0.5783333333333334 0.41 0.0175 0.021666666666666667
0 0.8016666666666666 0.4375 0.024166666666666666 0.02666666666666667
4 0.1125 0.4033333333333333 0.0125 0.02666666666666667
4 0.16416666666666666 0.41333333333333333 0.014166666666666666 0.0325
4 0.25916666666666666 0.4325 0.019166666666666665 0.03833333333333333
4 0.4191666666666667 0.4675 0.025 0.05333333333333334
4 0.6 0.5333333333333333 0.04083333333333333 0.08666666666666667