0 0.14666666666666667 0.6933333333333334 0.0625 0.14
4 0.9 0.6733333333333333 0.050833333333333335 0.13333333333333333
2 0.59 0.4583333333333333 0.016666666666666666 0.03666666666666667
2 0.695 0.5283333333333333 0.03333333333333333 0.0675
2 0.625 0.4841666666666667 0.0225 0.049166666666666664
2 0.5691666666666667 0.44083333333333335 0.0125 0.030833333333333334
2 0.5566666666666666 0.43 0.010833333333333334 0.025833333333333333
2 0.3933333333333333 0.44083333333333335 0.013333333333333334 0.030833333333333334
2 0.2975 0.5366666666666666 0.03166666666666667 0.07
2 0.375 0.46 0.016666666666666666 0.03833333333333333
2 0.5433333333333333 0.42 0.009166666666666667 0.0225
2 0.3466666666666667 0.4866666666666667 0.020833333333333332 0.0475
2 0.4058333333333333 0.43 0.010833333333333334 0.025833333333333333
2 0.5341666666666667 0.41333333333333333 0.008333333333333333 0.019166666666666665
2 0.5266666666666666 0.4091666666666667 0.006666666666666667 0.018333333333333333
2 0.5216666666666666 0.4041666666666667 0.005 0.015833333333333335
2 0.5183333333333333 0.39916666666666667 0.005 0.015
2 0.43416666666666665 0.3983333333333333 0.005833333333333334 0.015833333333333335
2 0.42916666666666664 0.4025 0.005833333333333334 0.016666666666666666
2 0.425 0.4091666666666667 0.005 0.0175
2 0.4216666666666667 0.41333333333333333 0.006666666666666667 0.019166666666666665
2 0.415 0.42 0.008333333333333333 0.021666666666666667
1 0.8783333333333333 0.6216666666666667 0.0525 0.20333333333333334
1 0.47333333333333333 0.39 0.0075 0.023333333333333334
1 0.49166666666666664 0.39 0.0075 0.0225
1 0.16166666666666665 0.6358333333333334 0.07 0.205
1 0.19083333333333333 0.6183333333333333 0.043333333333333335 0.19
1 0.8508333333333333 0.605 0.049166666666666664 0.18833333333333332
1 0.5116666666666667 0.3908333333333333 0.005 0.0225
1 0.4558333333333333 0.39 0.005833333333333334 0.023333333333333334
1 0.43583333333333335 0.3908333333333333 0.005 0.0225