0 0.12583333333333332 0.3675 0.006666666666666667 0.0175
0 0.2075 0.36916666666666664 0.008333333333333333 0.019166666666666665
0 0.29 0.37333333333333335 0.0075 0.0175
0 0.2966666666666667 0.51 0.035833333333333335 0.07833333333333334
0 0.35083333333333333 0.37583333333333335 0.008333333333333333 0.0175
0 0.435 0.3825 0.008333333333333333 0.02
0 0.45 0.43583333333333335 0.016666666666666666 0.0425
0 0.47333333333333333 0.3883333333333333 0.009166666666666667 0.0225
0 0.5158333333333334 0.4066666666666667 0.0125 0.030833333333333334
0 0.5158333333333334 0.3925 0.009166666666666667 0.025
0 0.5333333333333333 0.3975 0.011666666666666667 0.025833333333333333
4 0.12083333333333333 0.36083333333333334 0.005833333333333334 0.015
4 0.22333333333333333 0.3641666666666667 0.006666666666666667 0.0175
4 0.3308333333333333 0.3675 0.006666666666666667 0.0175
4 0.4075 0.36916666666666664 0.006666666666666667 0.016666666666666666
4 0.49083333333333334 0.37583333333333335 0.008333333333333333 0.019166666666666665
4 0.5716666666666667 0.38416666666666666 0.008333333333333333 0.021666666666666667
4 0.6583333333333333 0.3933333333333333 0.010833333333333334 0.024166666666666666
4 0.7233333333333334 0.4025 0.013333333333333334 0.028333333333333332
4 0.7591666666666667 0.4166666666666667 0.015833333333333335 0.035
4 0.7983333333333333 0.4525 0.023333333333333334 0.049166666666666664
4 0.7725 0.5258333333333334 0.0375 0.08416666666666667
2 0.26666666666666666 0.38083333333333336 0.02 0.0225
2 0.8333333333333334 0.4066666666666667 0.013333333333333334 0.021666666666666667
2 0.8291666666666667 0.4 0.014166666666666666 0.0225