4 0.6491666666666667 0.7616666666666667 0.0325 0.1725
4 0.13166666666666665 0.43833333333333335 0.034166666666666665 0.11166666666666666
4 0.07166666666666667 0.2425 0.006666666666666667 0.024166666666666666
4 0.13583333333333333 0.25166666666666665 0.006666666666666667 0.025
4 0.195 0.26666666666666666 0.006666666666666667 0.028333333333333332
4 0.24833333333333332 0.27666666666666667 0.0075 0.03166666666666667
4 0.33416666666666667 0.2866666666666667 0.0075 0.03333333333333333
4 0.4791666666666667 0.31 0.008333333333333333 0.03833333333333333
4 0.64 0.3566666666666667 0.01 0.04416666666666667
4 0.8708333333333333 0.42083333333333334 0.016666666666666666 0.060833333333333336
0 0.11083333333333334 0.23416666666666666 0.005 0.0225
0 0.22 0.24583333333333332 0.005 0.024166666666666666
0 0.2683333333333333 0.25666666666666665 0.005833333333333334 0.024166666666666666
0 0.33666666666666667 0.2683333333333333 0.004166666666666667 0.025833333333333333
0 0.43416666666666665 0.2816666666666667 0.006666666666666667 0.029166666666666667
0 0.5625 0.31083333333333335 0.006666666666666667 0.0325
0 0.6841666666666667 0.335 0.008333333333333333 0.03666666666666667
0 0.8708333333333333 0.3725 0.010833333333333334 0.04416666666666667