0 0.2683333333333333 0.29583333333333334 0.0125 0.0475
4 0.3491666666666667 0.35833333333333334 0.016666666666666666 0.07166666666666667
0 0.38333333333333336 0.2916666666666667 0.010833333333333334 0.043333333333333335
0 0.12083333333333333 0.2941666666666667 0.015 0.056666666666666664
4 0.54 0.3383333333333333 0.0125 0.05333333333333334
4 0.6058333333333333 0.2916666666666667 0.006666666666666667 0.030833333333333334
0 0.43166666666666664 0.28833333333333333 0.008333333333333333 0.03833333333333333
4 0.2775 0.3933333333333333 0.020833333333333332 0.0925
4 0.6166666666666667 0.30583333333333335 0.008333333333333333 0.035
4 0.57 0.27666666666666667 0.005833333333333334 0.025
4 0.5916666666666667 0.32416666666666666 0.01 0.043333333333333335
0 0.46 0.265 0.005 0.0275
4 0.9108333333333334 0.31833333333333336 0.005 0.021666666666666667
0 0.4708333333333333 0.2725 0.006666666666666667 0.030833333333333334
4 0.7908333333333334 0.2916666666666667 0.004166666666666667 0.0175
0 0.8875 0.30583333333333335 0.004166666666666667 0.0175
0 0.445 0.2525 0.004166666666666667 0.024166666666666666
4 0.5791666666666667 0.26166666666666666 0.004166666666666667 0.019166666666666665
4 0.8483333333333334 0.30416666666666664 0.004166666666666667 0.020833333333333332
4 0.3925 0.565 0.04666666666666667 0.1675
4 0.7525 0.2833333333333333 0.004166666666666667 0.0175
0 0.47583333333333333 0.24916666666666668 0.004166666666666667 0.019166666666666665
4 0.6483333333333333 0.2675 0.004166666666666667 0.0175
4 0.6916666666666667 0.2733333333333333 0.004166666666666667 0.016666666666666666
4 0.6116666666666667 0.2633333333333333 0.0033333333333333335 0.018333333333333333
0 0.4625 0.2816666666666667 0.0075 0.03166666666666667
0 0.51 0.24916666666666668 0.0033333333333333335 0.0175
0 0.7466666666666667 0.2783333333333333 0.0033333333333333335 0.015
0 0.8141666666666667 0.29083333333333333 0.0033333333333333335 0.016666666666666666
4 0.5525 0.26666666666666666 0.005 0.0225
0 0.56 0.25333333333333335 0.0025 0.0175
0 0.6166666666666667 0.25833333333333336 0.0033333333333333335 0.014166666666666666
0 0.6791666666666667 0.2683333333333333 0.0033333333333333335 0.014166666666666666
4 0.5583333333333333 0.2625 0.004166666666666667 0.020833333333333332