0 0.77 0.5116666666666667 0.04833333333333333 0.16333333333333333
3 0.6766666666666666 0.2816666666666667 0.011666666666666667 0.049166666666666664
3 0.6075 0.24083333333333334 0.006666666666666667 0.029166666666666667
3 0.6741666666666667 0.21666666666666667 0.005833333333333334 0.020833333333333332
3 0.6758333333333333 0.19916666666666666 0.0025 0.016666666666666666
3 0.7125 0.2025 0.004166666666666667 0.018333333333333333
3 0.7525 0.24666666666666667 0.01 0.03666666666666667
3 0.7733333333333333 0.21916666666666668 0.006666666666666667 0.0275
3 0.7941666666666667 0.20583333333333334 0.005 0.0225
3 0.8066666666666666 0.19916666666666666 0.004166666666666667 0.019166666666666665
3 0.8508333333333333 0.22583333333333333 0.009166666666666667 0.03166666666666667
3 0.8675 0.20833333333333334 0.008333333333333333 0.0275
3 0.8825 0.19916666666666666 0.006666666666666667 0.024166666666666666
3 0.5075 0.2758333333333333 0.010833333333333334 0.041666666666666664