0 0.38333333333333336 0.365 0.011666666666666667 0.014166666666666666
0 0.42916666666666664 0.37 0.011666666666666667 0.015
0 0.4791666666666667 0.375 0.013333333333333334 0.016666666666666666
0 0.6091666666666666 0.3908333333333333 0.015833333333333335 0.019166666666666665
0 0.5741666666666667 0.3625 0.005833333333333334 0.015833333333333335
0 0.5666666666666667 0.36583333333333334 0.005833333333333334 0.015
0 0.5641666666666667 0.3591666666666667 0.005 0.014166666666666666
0 0.7725 0.42333333333333334 0.024166666666666666 0.028333333333333332
4 0.9008333333333334 0.6641666666666667 0.049166666666666664 0.15583333333333332
4 0.545 0.4683333333333333 0.028333333333333332 0.06666666666666667
4 0.3016666666666667 0.42333333333333334 0.0225 0.04666666666666667