0 0.38416666666666666 0.44333333333333336 0.013333333333333334 0.058333333333333334
0 0.3283333333333333 0.4058333333333333 0.01 0.0425
0 0.35083333333333333 0.5541666666666667 0.03166666666666667 0.11166666666666666
4 0.62 0.43083333333333335 0.015 0.056666666666666664
4 0.5416666666666666 0.4008333333333333 0.009166666666666667 0.0425
4 0.645 0.37916666666666665 0.008333333333333333 0.03333333333333333
4 0.7183333333333334 0.5108333333333334 0.025 0.1
0 0.0575 0.3675 0.004166666666666667 0.019166666666666665
4 0.43833333333333335 0.38333333333333336 0.008333333333333333 0.03333333333333333
4 0.4425 0.3525 0.004166666666666667 0.019166666666666665
4 0.3475 0.37583333333333335 0.006666666666666667 0.028333333333333332
4 0.19083333333333333 0.36916666666666664 0.005833333333333334 0.0225
4 0.49 0.35833333333333334 0.004166666666666667 0.021666666666666667
0 0.7241666666666666 0.36666666666666664 0.008333333333333333 0.028333333333333332
4 0.2575 0.3441666666666667 0.0033333333333333335 0.015
0 0.8666666666666667 0.37583333333333335 0.01 0.03666666666666667
4 0.7841666666666667 0.39416666666666667 0.011666666666666667 0.043333333333333335
0 0.051666666666666666 0.37583333333333335 0.004166666666666667 0.024166666666666666
0 0.0825 0.3541666666666667 0.0025 0.0175
0 0.26416666666666666 0.39166666666666666 0.008333333333333333 0.03166666666666667
4 0.21416666666666667 0.34 0.0025 0.015
0 0.07 0.36 0.0033333333333333335 0.018333333333333333
4 0.265 0.3725 0.0075 0.025833333333333333
0 0.155 0.385 0.0075 0.029166666666666667
0 0.6241666666666666 0.3566666666666667 0.006666666666666667 0.025
0 0.4608333333333333 0.3416666666666667 0.004166666666666667 0.016666666666666666
0 0.2991666666666667 0.34 0.0025 0.015
0 0.09083333333333334 0.35083333333333333 0.0025 0.015
0 0.10333333333333333 0.3441666666666667 0.0025 0.013333333333333334
4 0.40166666666666667 0.3475 0.004166666666666667 0.0175
0 0.085 0.38083333333333336 0.005 0.0275
4 0.16 0.36333333333333334 0.005 0.020833333333333332
0 0.27166666666666667 0.33916666666666667 0.0025 0.013333333333333334
0 0.09666666666666666 0.3475 0.0033333333333333335 0.013333333333333334
4 0.5566666666666666 0.36833333333333335 0.006666666666666667 0.0275
4 0.245 0.3333333333333333 0.0025 0.013333333333333334
0 0.4041666666666667 0.34 0.0033333333333333335 0.015
4 0.2783333333333333 0.32916666666666666 0.0025 0.010833333333333334
0 0.5025 0.3458333333333333 0.004166666666666667 0.019166666666666665
4 0.3491666666666667 0.3466666666666667 0.0033333333333333335 0.015
0 0.3475 0.34 0.0033333333333333335 0.015
0 0.2925 0.33166666666666667 0.0016666666666666668 0.010833333333333334
0 0.31083333333333335 0.33 0.0025 0.01
0 0.26666666666666666 0.33666666666666667 0.0025 0.013333333333333334
4 0.22416666666666665 0.3433333333333333 0.0025 0.014166666666666666
0 0.5583333333333333 0.35083333333333333 0.004166666666666667 0.0225
4 0.3025 0.345 0.0033333333333333335 0.016666666666666666