0 0.175 0.6316666666666667 0.056666666666666664 0.12416666666666666
0 0.2675 0.495 0.024166666666666666 0.06
0 0.22083333333333333 0.4625 0.02 0.0475
0 0.195 0.43916666666666665 0.0125 0.03333333333333333
0 0.1925 0.4241666666666667 0.009166666666666667 0.025833333333333333
0 0.22583333333333333 0.4125 0.009166666666666667 0.023333333333333334
0 0.2783333333333333 0.3983333333333333 0.005833333333333334 0.016666666666666666
0 0.30916666666666665 0.39 0.005833333333333334 0.0175
0 0.32916666666666666 0.385 0.005 0.011666666666666667
0 0.33916666666666667 0.3825 0.004166666666666667 0.010833333333333334
0 0.9225 0.4041666666666667 0.005 0.021666666666666667
0 0.8808333333333334 0.39416666666666667 0.005 0.016666666666666666
0 0.8566666666666667 0.3925 0.005 0.013333333333333334
0 0.7333333333333333 0.3875 0.0033333333333333335 0.011666666666666667
4 0.8633333333333333 0.6175 0.060833333333333336 0.1175
4 0.6408333333333334 0.5066666666666667 0.028333333333333332 0.065
4 0.5025 0.4575 0.0175 0.041666666666666664
4 0.3983333333333333 0.43666666666666665 0.014166666666666666 0.035
4 0.36333333333333334 0.42333333333333334 0.010833333333333334 0.03
4 0.3441666666666667 0.41083333333333333 0.008333333333333333 0.023333333333333334
4 0.36916666666666664 0.3975 0.006666666666666667 0.018333333333333333
4 0.38416666666666666 0.39 0.006666666666666667 0.016666666666666666
4 0.885 0.44083333333333335 0.015833333333333335 0.03666666666666667
4 0.825 0.4225 0.010833333333333334 0.03
4 0.8091666666666667 0.41083333333333333 0.009166666666666667 0.024166666666666666
4 0.7975 0.4033333333333333 0.008333333333333333 0.0225
4 0.7816666666666666 0.3983333333333333 0.0075 0.02
4 0.7583333333333333 0.39 0.005 0.015
4 0.725 0.3883333333333333 0.005 0.014166666666666666
4 0.6941666666666667 0.38666666666666666 0.005 0.013333333333333334
4 0.3925 0.385 0.005 0.014166666666666666