0 0.165 0.54 0.03833333333333333 0.08333333333333333
0 0.16083333333333333 0.38333333333333336 0.0075 0.02
0 0.2875 0.37833333333333335 0.006666666666666667 0.019166666666666665
0 0.3225 0.3491666666666667 0.004166666666666667 0.008333333333333333
0 0.25 0.35 0.005 0.009166666666666667
0 0.37916666666666665 0.4658333333333333 0.021666666666666667 0.051666666666666666
0 0.4866666666666667 0.42583333333333334 0.014166666666666666 0.035
0 0.51 0.36583333333333334 0.006666666666666667 0.0175
0 0.6083333333333333 0.36083333333333334 0.006666666666666667 0.0175
0 0.5925 0.39916666666666667 0.010833333333333334 0.0275
0 0.6775 0.385 0.009166666666666667 0.025
0 0.6808333333333333 0.36 0.005833333333333334 0.019166666666666665
0 0.6983333333333334 0.345 0.005 0.009166666666666667
0 0.7341666666666666 0.37666666666666665 0.009166666666666667 0.021666666666666667
0 0.7525 0.365 0.006666666666666667 0.0175
0 0.8133333333333334 0.3425 0.005833333333333334 0.01
0 0.9125 0.33916666666666667 0.0075 0.010833333333333334
4 0.785 0.575 0.05333333333333334 0.1075
4 0.9116666666666666 0.385 0.013333333333333334 0.028333333333333332
4 0.8833333333333333 0.36 0.009166666666666667 0.0225
4 0.8283333333333334 0.4033333333333333 0.015 0.034166666666666665
4 0.7183333333333334 0.4691666666666667 0.025833333333333333 0.06
4 0.74 0.35083333333333333 0.006666666666666667 0.018333333333333333
4 0.41 0.37333333333333335 0.006666666666666667 0.018333333333333333
4 0.7266666666666667 0.42916666666666664 0.018333333333333333 0.041666666666666664
4 0.6541666666666667 0.3516666666666667 0.006666666666666667 0.019166666666666665
4 0.4216666666666667 0.3616666666666667 0.008333333333333333 0.016666666666666666
4 0.3975 0.345 0.006666666666666667 0.015833333333333335
4 0.12083333333333333 0.3725 0.005833333333333334 0.0175
4 0.22083333333333333 0.37 0.006666666666666667 0.019166666666666665
4 0.3175 0.36666666666666664 0.005833333333333334 0.018333333333333333
4 0.5075 0.3575 0.006666666666666667 0.016666666666666666
4 0.5758333333333333 0.3541666666666667 0.006666666666666667 0.0175
4 0.8158333333333333 0.35583333333333333 0.0075 0.019166666666666665
1 0.0875 0.42 0.02666666666666667 0.025833333333333333
1 0.1225 0.36583333333333334 0.015833333333333335 0.015833333333333335