4 0.20333333333333334 0.39916666666666667 0.02666666666666667 0.09333333333333334
0 0.11666666666666667 0.215 0.006666666666666667 0.021666666666666667
4 0.1575 0.22833333333333333 0.006666666666666667 0.024166666666666666
4 0.8858333333333334 0.31916666666666665 0.005 0.0175
0 0.15166666666666667 0.215 0.005833333333333334 0.021666666666666667
4 0.6033333333333334 0.2608333333333333 0.0025 0.010833333333333334
4 0.8283333333333334 0.30916666666666665 0.005833333333333334 0.016666666666666666
0 0.9075 0.31916666666666665 0.004166666666666667 0.015
4 0.9266666666666666 0.32666666666666666 0.005833333333333334 0.016666666666666666
4 0.2075 0.2275 0.005 0.020833333333333332
0 0.16916666666666666 0.215 0.004166666666666667 0.018333333333333333
0 0.08833333333333333 0.21333333333333335 0.005 0.025
4 0.23666666666666666 0.22833333333333333 0.004166666666666667 0.019166666666666665
4 0.39916666666666667 0.51 0.034166666666666665 0.13083333333333333
4 0.5883333333333334 0.25666666666666665 0.0025 0.011666666666666667
4 0.7308333333333333 0.2925 0.004166666666666667 0.015
4 0.6183333333333333 0.265 0.0025 0.011666666666666667
4 0.56 0.2525 0.0025 0.010833333333333334
0 0.6775 0.27666666666666667 0.0025 0.011666666666666667
0 0.3433333333333333 0.225 0.004166666666666667 0.015
0 0.6108333333333333 0.26 0.0016666666666666668 0.010833333333333334
4 0.44333333333333336 0.235 0.0025 0.011666666666666667
4 0.6258333333333334 0.2675 0.0025 0.013333333333333334
0 0.7416666666666667 0.2916666666666667 0.0033333333333333335 0.015
0 0.32166666666666666 0.2225 0.004166666666666667 0.013333333333333334
0 0.40166666666666667 0.22916666666666666 0.0033333333333333335 0.010833333333333334
4 0.48333333333333334 0.24 0.0025 0.010833333333333334
4 0.435 0.23583333333333334 0.0025 0.013333333333333334
4 0.08333333333333333 0.22416666666666665 0.008333333333333333 0.0275
0 0.21333333333333335 0.21 0.004166666666666667 0.014166666666666666
0 0.1825 0.21 0.004166666666666667 0.016666666666666666
0 0.8483333333333334 0.31 0.004166666666666667 0.015
0 0.17833333333333334 0.215 0.004166666666666667 0.0175
0 0.3875 0.22916666666666666 0.0025 0.013333333333333334
4 0.2775 0.22 0.004166666666666667 0.014166666666666666
0 0.7966666666666666 0.3016666666666667 0.004166666666666667 0.014166666666666666
4 0.5333333333333333 0.2475 0.0025 0.011666666666666667
0 0.49916666666666665 0.24166666666666667 0.0025 0.010833333333333334
0 0.575 0.25416666666666665 0.0025 0.011666666666666667
4 0.4066666666666667 0.235 0.0033333333333333335 0.015
0 0.38 0.22833333333333333 0.0033333333333333335 0.013333333333333334
4 0.7783333333333333 0.3016666666666667 0.004166666666666667 0.016666666666666666
4 0.36833333333333335 0.23083333333333333 0.0033333333333333335 0.015
4 0.6333333333333333 0.2708333333333333 0.0033333333333333335 0.013333333333333334
4 0.5083333333333333 0.24333333333333335 0.0025 0.010833333333333334
4 0.46166666666666667 0.23666666666666666 0.0016666666666666668 0.010833333333333334
0 0.7691666666666667 0.29583333333333334 0.004166666666666667 0.016666666666666666
4 0.25666666666666665 0.21833333333333332 0.0025 0.015
0 0.285 0.21833333333333332 0.004166666666666667 0.013333333333333334
0 0.36583333333333334 0.2275 0.004166666666666667 0.013333333333333334
0 0.695 0.2816666666666667 0.004166666666666667 0.013333333333333334
0 0.6408333333333334 0.26666666666666666 0.0025 0.010833333333333334
4 0.6458333333333334 0.27416666666666667 0.004166666666666667 0.013333333333333334
0 0.43166666666666664 0.23166666666666666 0.0025 0.011666666666666667
4 0.42583333333333334 0.23583333333333334 0.0033333333333333335 0.013333333333333334
0 0.7175 0.2866666666666667 0.004166666666666667 0.014166666666666666
0 0.6841666666666667 0.2791666666666667 0.0025 0.013333333333333334
4 0.6875 0.2833333333333333 0.0033333333333333335 0.013333333333333334
0 0.6633333333333333 0.27166666666666667 0.0025 0.010833333333333334
4 0.24666666666666667 0.22 0.0033333333333333335 0.014166666666666666
4 0.3358333333333333 0.22666666666666666 0.004166666666666667 0.016666666666666666
0 0.5375 0.24583333333333332 0.0025 0.01
4 0.255 0.22416666666666665 0.004166666666666667 0.018333333333333333
4 0.72 0.7716666666666666 0.0325 0.15
4 0.24916666666666668 0.22666666666666666 0.004166666666666667 0.018333333333333333
0 0.175 0.2125 0.0025 0.016666666666666666
0 0.24916666666666668 0.215 0.0033333333333333335 0.016666666666666666