4 0.11083333333333334 0.6808333333333333 0.07 0.16083333333333333
2 0.3075 0.5166666666666667 0.03666666666666667 0.08
2 0.365 0.44083333333333335 0.021666666666666667 0.049166666666666664
2 0.395 0.4008333333333333 0.015 0.034166666666666665
2 0.41083333333333333 0.38 0.011666666666666667 0.0275
2 0.4216666666666667 0.36916666666666664 0.008333333333333333 0.023333333333333334
2 0.4508333333333333 0.36916666666666664 0.009166666666666667 0.023333333333333334
2 0.4825 0.36833333333333335 0.01 0.0225
2 0.5141666666666667 0.3675 0.009166666666666667 0.0225
2 0.5433333333333333 0.365 0.009166666666666667 0.023333333333333334
2 0.5608333333333333 0.37416666666666665 0.011666666666666667 0.025833333333333333
2 0.5891666666666666 0.395 0.014166666666666666 0.034166666666666665
2 0.6333333333333333 0.435 0.0225 0.05
2 0.7125 0.5075 0.034166666666666665 0.07833333333333334