4 0.13 0.3125 0.018333333333333333 0.06416666666666666
0 0.7225 0.3025 0.009166666666666667 0.025833333333333333
0 0.8141666666666667 0.31666666666666665 0.006666666666666667 0.024166666666666666
0 0.7725 0.31083333333333335 0.005833333333333334 0.024166666666666666
4 0.4241666666666667 0.2633333333333333 0.006666666666666667 0.0275
0 0.8458333333333333 0.31916666666666665 0.005833333333333334 0.0225
4 0.2025 0.3525 0.019166666666666665 0.075
4 0.27166666666666667 0.24416666666666667 0.006666666666666667 0.0275
0 0.25666666666666665 0.23166666666666666 0.006666666666666667 0.0225
4 0.33416666666666667 0.25083333333333335 0.006666666666666667 0.0275
4 0.2791666666666667 0.4041666666666667 0.0225 0.09583333333333334
0 0.8875 0.30416666666666664 0.004166666666666667 0.013333333333333334
0 0.8208333333333333 0.2966666666666667 0.004166666666666667 0.015
4 0.08333333333333333 0.24083333333333334 0.01 0.035833333333333335
4 0.9 0.3408333333333333 0.0075 0.0275
4 0.53 0.2808333333333333 0.006666666666666667 0.0275
4 0.055 0.27 0.0125 0.049166666666666664
0 0.15333333333333332 0.22416666666666665 0.006666666666666667 0.024166666666666666
4 0.44083333333333335 0.5141666666666667 0.035833333333333335 0.135
4 0.895 0.31166666666666665 0.004166666666666667 0.0175
0 0.5366666666666666 0.2708333333333333 0.006666666666666667 0.0225
0 0.44666666666666666 0.25583333333333336 0.005833333333333334 0.024166666666666666
4 0.8316666666666667 0.33166666666666667 0.006666666666666667 0.029166666666666667
4 0.2 0.23833333333333334 0.0075 0.028333333333333332
0 0.355 0.24333333333333335 0.006666666666666667 0.0225
4 0.1325 0.2375 0.008333333333333333 0.03166666666666667
4 0.7491666666666666 0.3175 0.0075 0.028333333333333332
0 0.8283333333333334 0.3025 0.004166666666666667 0.016666666666666666
4 0.9483333333333334 0.33 0.005 0.016666666666666666
4 0.9033333333333333 0.315 0.0033333333333333335 0.016666666666666666
4 0.9066666666666666 0.31166666666666665 0.0033333333333333335 0.015
4 0.9333333333333333 0.315 0.004166666666666667 0.015
4 0.0575 0.25 0.01 0.041666666666666664
4 0.6283333333333333 0.29833333333333334 0.006666666666666667 0.025
4 0.7716666666666666 0.7691666666666667 0.03 0.1575
1 0.6133333333333333 0.27666666666666667 0.005833333333333334 0.03833333333333333
1 0.6183333333333333 0.2875 0.008333333333333333 0.04416666666666667
0 0.6225 0.2816666666666667 0.0033333333333333335 0.0275
1 0.6291666666666667 0.2791666666666667 0.005833333333333334 0.03833333333333333
1 0.6391666666666667 0.29083333333333333 0.008333333333333333 0.04666666666666667
0 0.8658333333333333 0.31666666666666665 0.004166666666666667 0.019166666666666665
0 0.86 0.32083333333333336 0.005833333333333334 0.0175
3 0.4175 0.23 0.0033333333333333335 0.011666666666666667
0 0.8433333333333334 0.2975 0.004166666666666667 0.013333333333333334
3 0.49416666666666664 0.2375 0.0025 0.011666666666666667
3 0.4975 0.23666666666666666 0.0016666666666666668 0.010833333333333334
3 0.4708333333333333 0.235 0.0016666666666666668 0.010833333333333334
3 0.4725 0.23083333333333333 0.0016666666666666668 0.01
3 0.43833333333333335 0.23 0.0025 0.011666666666666667
3 0.36833333333333335 0.21833333333333332 0.0016666666666666668 0.008333333333333333
3 0.33416666666666667 0.21583333333333332 0.0025 0.01
0 0.86 0.31166666666666665 0.005 0.019166666666666665
0 0.9491666666666667 0.31583333333333335 0.0033333333333333335 0.016666666666666666