0 0.5983333333333334 0.4708333333333333 0.014166666666666666 0.06333333333333334
0 0.6158333333333333 0.43333333333333335 0.01 0.041666666666666664
0 0.42916666666666664 0.5533333333333333 0.02666666666666667 0.1025
4 0.8408333333333333 0.5416666666666666 0.025 0.0975
4 0.7925 0.4275 0.011666666666666667 0.04666666666666667
4 0.9041666666666667 0.7725 0.03166666666666667 0.15083333333333335
4 0.8266666666666667 0.4633333333333333 0.015 0.06166666666666667
4 0.7641666666666667 0.41 0.008333333333333333 0.03666666666666667
0 0.6491666666666667 0.38166666666666665 0.005 0.021666666666666667
0 0.75 0.3725 0.004166666666666667 0.019166666666666665
4 0.7366666666666667 0.3983333333333333 0.006666666666666667 0.03166666666666667
4 0.9466666666666667 0.385 0.005833333333333334 0.030833333333333334
0 0.7 0.37666666666666665 0.005 0.020833333333333332
4 0.9066666666666666 0.38083333333333336 0.004166666666666667 0.024166666666666666
0 0.6158333333333333 0.41 0.008333333333333333 0.0325
4 0.8383333333333334 0.38 0.006666666666666667 0.0225
0 0.6091666666666666 0.4 0.005833333333333334 0.028333333333333332
2 0.5908333333333333 0.36333333333333334 0.0025 0.013333333333333334
4 0.7166666666666667 0.3925 0.006666666666666667 0.025833333333333333
4 0.77 0.37916666666666665 0.005 0.0225
0 0.8058333333333333 0.37166666666666665 0.005833333333333334 0.019166666666666665
2 0.5258333333333334 0.3616666666666667 0.0016666666666666668 0.010833333333333334
2 0.6591666666666667 0.36 0.0025 0.011666666666666667
2 0.8933333333333333 0.3525 0.0025 0.015
2 0.6183333333333333 0.3616666666666667 0.0025 0.013333333333333334
2 0.9208333333333333 0.3525 0.0033333333333333335 0.015
2 0.6816666666666666 0.3575 0.0033333333333333335 0.013333333333333334
0 0.6066666666666667 0.38666666666666666 0.0033333333333333335 0.024166666666666666
4 0.7158333333333333 0.38333333333333336 0.005833333333333334 0.025833333333333333
0 0.8775 0.37 0.005833333333333334 0.0225
0 0.5275 0.36083333333333334 0.0016666666666666668 0.008333333333333333
0 0.5191666666666667 0.3591666666666667 0.0025 0.0075
0 0.5091666666666667 0.36083333333333334 0.0016666666666666668 0.008333333333333333
4 0.5325 0.3566666666666667 0.0016666666666666668 0.01
2 0.555 0.36 0.0025 0.01
2 0.595 0.3566666666666667 0.0025 0.011666666666666667
2 0.64 0.36083333333333334 0.0025 0.010833333333333334
2 0.8425 0.35333333333333333 0.0033333333333333335 0.015
2 0.8675 0.355 0.0033333333333333335 0.016666666666666666
0 0.6241666666666666 0.355 0.0025 0.011666666666666667
0 0.6091666666666666 0.3541666666666667 0.0025 0.010833333333333334
0 0.6108333333333333 0.3541666666666667 0.0016666666666666668 0.01
4 0.6041666666666666 0.3525 0.0025 0.01
4 0.6258333333333334 0.3525 0.0025 0.011666666666666667
4 0.6375 0.3541666666666667 0.0016666666666666668 0.010833333333333334
4 0.6391666666666667 0.3525 0.0016666666666666668 0.010833333333333334
4 0.585 0.355 0.0025 0.01
0 0.5891666666666666 0.3566666666666667 0.0025 0.010833333333333334
0 0.5708333333333333 0.35583333333333333 0.0016666666666666668 0.0075
4 0.5591666666666667 0.35583333333333333 0.0016666666666666668 0.008333333333333333