0 0.715 0.6158333333333333 0.02 0.03166666666666667
0 0.8841666666666667 0.6216666666666667 0.02 0.029166666666666667
0 0.5525 0.6183333333333333 0.023333333333333334 0.03833333333333333
0 0.3491666666666667 0.6566666666666666 0.03916666666666667 0.059166666666666666
0 0.9041666666666667 0.6008333333333333 0.014166666666666666 0.02
0 0.7341666666666666 0.5908333333333333 0.011666666666666667 0.02
0 0.45416666666666666 0.5575 0.009166666666666667 0.014166666666666666
0 0.5475 0.5691666666666667 0.01 0.016666666666666666
0 0.415 0.55 0.006666666666666667 0.014166666666666666
0 0.87 0.5683333333333334 0.005 0.009166666666666667
0 0.7958333333333333 0.5608333333333333 0.005 0.01
4 0.6491666666666667 0.5708333333333333 0.008333333333333333 0.015833333333333335
4 0.835 0.5791666666666667 0.010833333333333334 0.015833333333333335
4 0.69 0.575 0.009166666666666667 0.015833333333333335
4 0.5966666666666667 0.5641666666666667 0.008333333333333333 0.0125
4 0.5641666666666667 0.56 0.008333333333333333 0.0125
4 0.7416666666666667 0.5791666666666667 0.010833333333333334 0.018333333333333333
4 0.5316666666666666 0.5541666666666667 0.006666666666666667 0.011666666666666667
4 0.5225 0.5516666666666666 0.005833333333333334 0.011666666666666667
4 0.5125 0.5491666666666667 0.005 0.01
4 0.5041666666666667 0.5475 0.005 0.009166666666666667
4 0.495 0.545 0.005 0.009166666666666667
4 0.8525 0.5675 0.005 0.009166666666666667
4 0.8058333333333333 0.5625 0.005833333333333334 0.009166666666666667
4 0.7525 0.5575 0.005 0.009166666666666667
4 0.4875 0.5425 0.005 0.009166666666666667