0 0.66 0.5225 0.029166666666666667 0.10083333333333333
0 0.8641666666666666 0.49333333333333335 0.025833333333333333 0.08083333333333333
0 0.8691666666666666 0.38666666666666666 0.01 0.03333333333333333
0 0.6025 0.37916666666666665 0.008333333333333333 0.03666666666666667
0 0.4925 0.36916666666666664 0.008333333333333333 0.035
0 0.37 0.345 0.004166666666666667 0.018333333333333333
4 0.6725 0.36666666666666664 0.006666666666666667 0.029166666666666667
4 0.4816666666666667 0.35583333333333333 0.005833333333333334 0.024166666666666666
4 0.8316666666666667 0.3641666666666667 0.004166666666666667 0.021666666666666667
0 0.32416666666666666 0.35083333333333333 0.006666666666666667 0.0275
4 0.7808333333333334 0.35833333333333334 0.0033333333333333335 0.019166666666666665
0 0.9133333333333333 0.37333333333333335 0.005833333333333334 0.0275
0 0.29833333333333334 0.5916666666666667 0.04416666666666667 0.14583333333333334
0 0.31916666666666665 0.3458333333333333 0.005 0.0225
4 0.56 0.3616666666666667 0.006666666666666667 0.025833333333333333
0 0.9083333333333333 0.3825 0.008333333333333333 0.0325
0 0.945 0.36916666666666664 0.006666666666666667 0.025
0 0.7566666666666667 0.385 0.008333333333333333 0.03666666666666667
4 0.9 0.3616666666666667 0.0033333333333333335 0.0175
4 0.8841666666666667 0.36333333333333334 0.0033333333333333335 0.018333333333333333
0 0.33916666666666667 0.34833333333333333 0.005833333333333334 0.025
0 0.4241666666666667 0.3475 0.004166666666666667 0.0175
0 0.3358333333333333 0.3441666666666667 0.004166666666666667 0.020833333333333332
0 0.43083333333333335 0.3616666666666667 0.0075 0.03166666666666667
4 0.5683333333333334 0.35583333333333333 0.004166666666666667 0.019166666666666665
4 0.6841666666666667 0.35833333333333334 0.0033333333333333335 0.019166666666666665
0 0.7308333333333333 0.3566666666666667 0.004166666666666667 0.019166666666666665
4 0.8058333333333333 0.36666666666666664 0.005833333333333334 0.025
2 0.31416666666666665 0.33416666666666667 0.0033333333333333335 0.014166666666666666
2 0.26416666666666666 0.3333333333333333 0.004166666666666667 0.014166666666666666
2 0.375 0.33666666666666667 0.0033333333333333335 0.015
4 0.735 0.36 0.004166666666666667 0.020833333333333332
4 0.48833333333333334 0.3525 0.004166666666666667 0.019166666666666665
0 0.6225 0.3541666666666667 0.004166666666666667 0.019166666666666665
4 0.8175 0.365 0.005 0.020833333333333332
4 0.8566666666666667 0.3641666666666667 0.004166666666666667 0.019166666666666665
4 0.9208333333333333 0.365 0.004166666666666667 0.019166666666666665
0 0.9166666666666666 0.37 0.004166666666666667 0.025
4 0.8533333333333334 0.36 0.0033333333333333335 0.016666666666666666
0 0.8641666666666666 0.35833333333333334 0.004166666666666667 0.015
2 0.8441666666666666 0.35083333333333333 0.0033333333333333335 0.013333333333333334
4 0.815 0.36 0.0033333333333333335 0.0175
2 0.805 0.35083333333333333 0.0025 0.010833333333333334
0 0.77 0.35833333333333334 0.004166666666666667 0.015
4 0.7608333333333334 0.36916666666666664 0.005 0.0275
2 0.7591666666666667 0.3491666666666667 0.0025 0.013333333333333334
2 0.7133333333333334 0.3475 0.0025 0.011666666666666667
2 0.6916666666666667 0.3466666666666667 0.0025 0.013333333333333334
0 0.6808333333333333 0.3566666666666667 0.004166666666666667 0.0175
2 0.6633333333333333 0.3458333333333333 0.004166666666666667 0.013333333333333334
4 0.6266666666666667 0.3575 0.004166666666666667 0.019166666666666665
0 0.5616666666666666 0.3525 0.0033333333333333335 0.019166666666666665
2 0.465 0.34 0.0033333333333333335 0.014166666666666666
4 0.4325 0.35083333333333333 0.0033333333333333335 0.0225
2 0.4216666666666667 0.3383333333333333 0.0025 0.014166666666666666
2 0.21083333333333334 0.33 0.0033333333333333335 0.014166666666666666
4 0.9491666666666667 0.3641666666666667 0.004166666666666667 0.0175