0 0.6983333333333334 0.4 0.02666666666666667 0.09583333333333334
0 0.8383333333333334 0.3233333333333333 0.016666666666666666 0.06666666666666667
0 0.9225 0.2808333333333333 0.015 0.0525
0 0.37 0.655 0.059166666666666666 0.21166666666666667
0 0.735 0.16666666666666666 0.0025 0.018333333333333333
0 0.5716666666666667 0.16666666666666666 0.0025 0.016666666666666666
0 0.5441666666666667 0.16666666666666666 0.0025 0.011666666666666667
0 0.7975 0.16333333333333333 0.004166666666666667 0.018333333333333333
4 0.7466666666666667 0.16 0.004166666666666667 0.015
4 0.585 0.16583333333333333 0.0025 0.011666666666666667
4 0.6266666666666667 0.16166666666666665 0.0025 0.014166666666666666
0 0.5491666666666667 0.16833333333333333 0.0016666666666666668 0.011666666666666667
4 0.6475 0.16 0.0025 0.016666666666666666
4 0.6591666666666667 0.15833333333333333 0.0025 0.011666666666666667
4 0.7033333333333334 0.15666666666666668 0.0025 0.008333333333333333
4 0.785 0.15666666666666668 0.0033333333333333335 0.008333333333333333
0 0.6641666666666667 0.16916666666666666 0.0033333333333333335 0.0175
4 0.825 0.15583333333333332 0.0025 0.006666666666666667
4 0.6966666666666667 0.16166666666666665 0.004166666666666667 0.015
4 0.1025 0.2075 0.0025 0.010833333333333334
0 0.6125 0.16916666666666666 0.0025 0.016666666666666666
0 0.8825 0.15583333333333332 0.0033333333333333335 0.006666666666666667
0 0.6866666666666666 0.15583333333333332 0.0025 0.006666666666666667
4 0.5983333333333334 0.16583333333333333 0.0016666666666666668 0.011666666666666667
4 0.6108333333333333 0.1625 0.0016666666666666668 0.011666666666666667
4 0.07166666666666667 0.21166666666666667 0.0033333333333333335 0.010833333333333334
0 0.6416666666666667 0.15666666666666668 0.0016666666666666668 0.006666666666666667
4 0.06666666666666667 0.21166666666666667 0.0033333333333333335 0.010833333333333334
0 0.8375 0.16 0.0033333333333333335 0.015