0 0.3408333333333333 0.6058333333333333 0.04 0.14166666666666666
4 0.6641666666666667 0.5325 0.028333333333333332 0.1
0 0.26416666666666666 0.4075 0.010833333333333334 0.0475
4 0.6466666666666666 0.41 0.008333333333333333 0.04
0 0.25583333333333336 0.4658333333333333 0.018333333333333333 0.0725
0 0.9441666666666667 0.44416666666666665 0.010833333333333334 0.04583333333333333
0 0.8683333333333333 0.4116666666666667 0.008333333333333333 0.03666666666666667
0 0.2916666666666667 0.38083333333333336 0.008333333333333333 0.035
4 0.5533333333333333 0.36916666666666664 0.005 0.0225
4 0.4608333333333333 0.37833333333333335 0.008333333333333333 0.030833333333333334
4 0.44333333333333336 0.39166666666666666 0.009166666666666667 0.03833333333333333
4 0.7658333333333334 0.3858333333333333 0.005833333333333334 0.024166666666666666
0 0.6225 0.36333333333333334 0.004166666666666667 0.020833333333333332
0 0.7091666666666666 0.37416666666666665 0.005 0.021666666666666667
4 0.86 0.39666666666666667 0.008333333333333333 0.024166666666666666
4 0.7133333333333334 0.4375 0.014166666666666666 0.05333333333333334
0 0.48833333333333334 0.35833333333333334 0.005 0.0225
4 0.5041666666666667 0.37166666666666665 0.006666666666666667 0.025833333333333333
2 0.08166666666666667 0.3275 0.004166666666666667 0.021666666666666667
0 0.42083333333333334 0.36 0.005 0.024166666666666666
4 0.7291666666666666 0.39 0.008333333333333333 0.028333333333333332
4 0.9366666666666666 0.4125 0.006666666666666667 0.0275
0 0.8083333333333333 0.4175 0.008333333333333333 0.03666666666666667
4 0.945 0.4075 0.006666666666666667 0.025833333333333333
0 0.35083333333333333 0.36666666666666664 0.006666666666666667 0.028333333333333332
4 0.8458333333333333 0.4791666666666667 0.02 0.06416666666666666
0 0.5475 0.35833333333333334 0.004166666666666667 0.0175
4 0.6741666666666667 0.37583333333333335 0.005833333333333334 0.024166666666666666
4 0.83 0.39916666666666667 0.008333333333333333 0.028333333333333332
4 0.5975 0.36916666666666664 0.004166666666666667 0.021666666666666667
4 0.4558333333333333 0.4191666666666667 0.011666666666666667 0.043333333333333335
0 0.89 0.3975 0.005833333333333334 0.021666666666666667
4 0.5175 0.45916666666666667 0.019166666666666665 0.06666666666666667
4 0.6641666666666667 0.39666666666666667 0.008333333333333333 0.035
2 0.14416666666666667 0.3258333333333333 0.0033333333333333335 0.0175