0 0.92 0.23166666666666666 0.01 0.035833333333333335
0 0.87 0.22583333333333333 0.008333333333333333 0.03166666666666667
0 0.7883333333333333 0.21666666666666667 0.006666666666666667 0.025833333333333333
0 0.9291666666666667 0.4075 0.04 0.115
0 0.73 0.21 0.005833333333333334 0.021666666666666667
4 0.9375 0.2125 0.0075 0.0275
4 0.9225 0.1875 0.005 0.018333333333333333
4 0.8166666666666667 0.20333333333333334 0.005 0.021666666666666667
0 0.9291666666666667 0.18333333333333332 0.004166666666666667 0.015
4 0.8825 0.20833333333333334 0.005833333333333334 0.025
4 0.835 0.19166666666666668 0.004166666666666667 0.0175
0 0.5325 0.5933333333333334 0.05416666666666667 0.19
0 0.7108333333333333 0.19833333333333333 0.004166666666666667 0.016666666666666666
0 0.7025 0.20333333333333334 0.005 0.019166666666666665
0 0.8533333333333334 0.185 0.004166666666666667 0.016666666666666666
4 0.8041666666666667 0.19416666666666665 0.004166666666666667 0.018333333333333333
4 0.7933333333333333 0.2 0.004166666666666667 0.019166666666666665
4 0.79 0.19666666666666666 0.0025 0.015
0 0.8316666666666667 0.22166666666666668 0.0075 0.030833333333333334
4 0.8775 0.18833333333333332 0.004166666666666667 0.016666666666666666
0 0.7425 0.19333333333333333 0.004166666666666667 0.016666666666666666
3 0.905 0.16916666666666666 0.0025 0.008333333333333333
3 0.49666666666666665 0.18416666666666667 0.0016666666666666668 0.0075
3 0.5066666666666667 0.19 0.0016666666666666668 0.0075
3 0.5108333333333334 0.18833333333333332 0.0016666666666666668 0.0075
3 0.515 0.18333333333333332 0.0016666666666666668 0.006666666666666667
3 0.5208333333333334 0.1825 0.0016666666666666668 0.006666666666666667
3 0.5266666666666666 0.19 0.0016666666666666668 0.008333333333333333
3 0.5358333333333334 0.18583333333333332 0.0016666666666666668 0.008333333333333333
3 0.5408333333333334 0.18666666666666668 0.0016666666666666668 0.0075
3 0.555 0.18583333333333332 0.0016666666666666668 0.008333333333333333
3 0.5558333333333333 0.18416666666666667 0.0016666666666666668 0.0075
3 0.5683333333333334 0.18833333333333332 0.0025 0.01
3 0.5708333333333333 0.18166666666666667 0.0016666666666666668 0.0075
3 0.5741666666666667 0.18333333333333332 0.0016666666666666668 0.0075
3 0.5775 0.18 0.0008333333333333334 0.0075
3 0.5975 0.18 0.0008333333333333334 0.0075
3 0.5983333333333334 0.18583333333333332 0.0016666666666666668 0.008333333333333333
3 0.605 0.18083333333333335 0.0008333333333333334 0.0075
3 0.6116666666666667 0.17916666666666667 0.0008333333333333334 0.0075
3 0.6233333333333333 0.18666666666666668 0.0025 0.010833333333333334
3 0.6225 0.1775 0.0016666666666666668 0.008333333333333333
3 0.6266666666666667 0.17833333333333334 0.0016666666666666668 0.008333333333333333
3 0.635 0.185 0.0025 0.010833333333333334
3 0.6375 0.17666666666666667 0.0008333333333333334 0.0075
3 0.6625 0.18333333333333332 0.0016666666666666668 0.01
3 0.6708333333333333 0.17916666666666667 0.0016666666666666668 0.008333333333333333
3 0.6758333333333333 0.18166666666666667 0.0016666666666666668 0.01
3 0.6783333333333333 0.18416666666666667 0.0016666666666666668 0.01
3 0.6791666666666667 0.18083333333333335 0.0016666666666666668 0.008333333333333333
3 0.7041666666666667 0.17416666666666666 0.0016666666666666668 0.010833333333333334
3 0.7066666666666667 0.17916666666666667 0.0025 0.01
3 0.7141666666666666 0.17666666666666667 0.0025 0.0075
3 0.7175 0.17916666666666667 0.0016666666666666668 0.010833333333333334
3 0.7258333333333333 0.17666666666666667 0.0016666666666666668 0.01
3 0.76 0.17416666666666666 0.0016666666666666668 0.008333333333333333
3 0.7691666666666667 0.175 0.0016666666666666668 0.008333333333333333
3 0.7941666666666667 0.17416666666666666 0.0016666666666666668 0.008333333333333333
3 0.7958333333333333 0.17166666666666666 0.0016666666666666668 0.008333333333333333
3 0.8133333333333334 0.1725 0.0016666666666666668 0.008333333333333333
3 0.8391666666666666 0.17083333333333334 0.0016666666666666668 0.008333333333333333
3 0.875 0.17083333333333334 0.0016666666666666668 0.01
0 0.79 0.18916666666666668 0.0033333333333333335 0.015
3 0.485 0.18583333333333332 0.0008333333333333334 0.006666666666666667
3 0.54 0.18166666666666667 0.0008333333333333334 0.006666666666666667
3 0.5458333333333333 0.18166666666666667 0.0008333333333333334 0.006666666666666667
3 0.5858333333333333 0.17916666666666667 0.0008333333333333334 0.005833333333333334