0 0.785 0.4066666666666667 0.0125 0.05333333333333334
0 0.44083333333333335 0.5083333333333333 0.020833333333333332 0.09166666666666666
4 0.8933333333333333 0.6058333333333333 0.0375 0.15083333333333335
0 0.09083333333333334 0.7275 0.04833333333333333 0.19583333333333333
0 0.6491666666666667 0.43833333333333335 0.015 0.06333333333333334
2 0.8883333333333333 0.325 0.0025 0.010833333333333334
2 0.9166666666666666 0.32416666666666666 0.0016666666666666668 0.010833333333333334
2 0.8616666666666667 0.3233333333333333 0.0025 0.011666666666666667
1 0.58 0.35083333333333333 0.006666666666666667 0.015
2 0.9491666666666667 0.325 0.0025 0.010833333333333334
4 0.6183333333333333 0.33166666666666667 0.004166666666666667 0.024166666666666666
4 0.4875 0.3525 0.005833333333333334 0.025
2 0.9183333333333333 0.3258333333333333 0.0025 0.011666666666666667
0 0.7583333333333333 0.2966666666666667 0.004166666666666667 0.0175
0 0.7533333333333333 0.31333333333333335 0.0033333333333333335 0.018333333333333333
0 0.7533333333333333 0.3275 0.004166666666666667 0.006666666666666667
0 0.7583333333333333 0.31166666666666665 0.005 0.0075
0 0.7583333333333333 0.32083333333333336 0.005 0.006666666666666667
0 0.7591666666666667 0.3283333333333333 0.004166666666666667 0.006666666666666667
4 0.7675 0.3308333333333333 0.0033333333333333335 0.0175
4 0.745 0.32666666666666666 0.0025 0.011666666666666667
4 0.7358333333333333 0.33416666666666667 0.0025 0.0033333333333333335
4 0.7441666666666666 0.335 0.0025 0.006666666666666667
2 0.8091666666666667 0.2775 0.0033333333333333335 0.016666666666666666
2 0.8258333333333333 0.2775 0.0025 0.013333333333333334
2 0.5558333333333333 0.31583333333333335 0.0025 0.005833333333333334
2 0.565 0.315 0.0025 0.005833333333333334
4 0.58 0.32916666666666666 0.004166666666666667 0.024166666666666666
4 0.5733333333333334 0.3325 0.0025 0.015
3 0.5691666666666667 0.3283333333333333 0.004166666666666667 0.024166666666666666
3 0.5383333333333333 0.355 0.005833333333333334 0.011666666666666667
3 0.5116666666666667 0.3283333333333333 0.006666666666666667 0.013333333333333334
3 0.5125 0.3441666666666667 0.006666666666666667 0.015
3 0.5116666666666667 0.36083333333333334 0.005833333333333334 0.015
0 0.5116666666666667 0.3075 0.005833333333333334 0.025833333333333333
4 0.5375 0.335 0.005 0.025
4 0.5275 0.3416666666666667 0.005833333333333334 0.0275
3 0.5275 0.3616666666666667 0.005833333333333334 0.01
4 0.4925 0.3225 0.0016666666666666668 0.01
4 0.4483333333333333 0.31833333333333336 0.0016666666666666668 0.01
4 0.42333333333333334 0.33166666666666667 0.0025 0.013333333333333334
2 0.30583333333333335 0.31416666666666665 0.0016666666666666668 0.010833333333333334
2 0.30583333333333335 0.3225 0.0016666666666666668 0.01
0 0.31166666666666665 0.31416666666666665 0.0016666666666666668 0.010833333333333334
0 0.31583333333333335 0.31333333333333335 0.0016666666666666668 0.010833333333333334
4 0.6083333333333333 0.3525 0.008333333333333333 0.0175
3 0.6183333333333333 0.35083333333333333 0.006666666666666667 0.011666666666666667