0 0.8225 0.2758333333333333 0.011666666666666667 0.04666666666666667
0 0.8708333333333333 0.21166666666666667 0.006666666666666667 0.0225
0 0.8616666666666667 0.22416666666666665 0.006666666666666667 0.028333333333333332
0 0.8466666666666667 0.24416666666666667 0.009166666666666667 0.035833333333333335
0 0.7675 0.3475 0.020833333333333332 0.075
0 0.5933333333333334 0.5866666666666667 0.051666666666666666 0.18083333333333335
0 0.8775 0.2025 0.005 0.019166666666666665
0 0.8825 0.195 0.004166666666666667 0.016666666666666666
0 0.8858333333333334 0.19083333333333333 0.0025 0.014166666666666666
4 0.9433333333333334 0.18333333333333332 0.0033333333333333335 0.014166666666666666
4 0.9491666666666667 0.18583333333333332 0.004166666666666667 0.015
0 0.8883333333333333 0.18666666666666668 0.0033333333333333335 0.014166666666666666