4 0.5391666666666667 0.4225 0.02 0.07833333333333334
0 0.3575 0.31916666666666665 0.0125 0.0475
0 0.2475 0.3516666666666667 0.020833333333333332 0.07083333333333333
4 0.5391666666666667 0.28833333333333333 0.006666666666666667 0.021666666666666667
0 0.45916666666666667 0.2941666666666667 0.0075 0.030833333333333334
0 0.475 0.2916666666666667 0.006666666666666667 0.0275
4 0.5616666666666666 0.3641666666666667 0.0125 0.0525
4 0.4975 0.27666666666666667 0.005833333333333334 0.020833333333333332
0 0.4025 0.26166666666666666 0.005833333333333334 0.021666666666666667
4 0.5491666666666667 0.2725 0.004166666666666667 0.014166666666666666
0 0.545 0.2683333333333333 0.0033333333333333335 0.014166666666666666
0 0.3 0.24083333333333334 0.005833333333333334 0.020833333333333332
4 0.5916666666666667 0.2808333333333333 0.004166666666666667 0.015
4 0.5933333333333334 0.3125 0.006666666666666667 0.0275
4 0.5258333333333334 0.5658333333333333 0.03333333333333333 0.14416666666666667
0 0.4325 0.27 0.005833333333333334 0.0225
0 0.3725 0.25583333333333336 0.005 0.020833333333333332
4 0.515 0.2658333333333333 0.004166666666666667 0.016666666666666666
4 0.3383333333333333 0.2425 0.005833333333333334 0.0175
0 0.47 0.2841666666666667 0.005 0.025
4 0.3541666666666667 0.23666666666666666 0.004166666666666667 0.015
4 0.5741666666666667 0.30083333333333334 0.005 0.024166666666666666
0 0.5241666666666667 0.265 0.004166666666666667 0.014166666666666666
4 0.6608333333333334 0.2916666666666667 0.004166666666666667 0.014166666666666666
4 0.31416666666666665 0.23666666666666666 0.005 0.016666666666666666
4 0.4633333333333333 0.25583333333333336 0.004166666666666667 0.015
0 0.45416666666666666 0.2775 0.005833333333333334 0.021666666666666667
4 0.5875 0.32083333333333336 0.008333333333333333 0.0325
4 0.3925 0.24333333333333335 0.004166666666666667 0.014166666666666666
4 0.7033333333333334 0.29583333333333334 0.004166666666666667 0.014166666666666666
0 0.6358333333333334 0.2833333333333333 0.0033333333333333335 0.011666666666666667
4 0.3075 0.23166666666666666 0.005 0.015
0 0.33166666666666667 0.23083333333333333 0.004166666666666667 0.014166666666666666
4 0.6291666666666667 0.2866666666666667 0.0033333333333333335 0.015
0 0.6483333333333333 0.28583333333333333 0.0025 0.013333333333333334
4 0.4075 0.25583333333333336 0.004166666666666667 0.019166666666666665
0 0.6558333333333334 0.28583333333333333 0.0016666666666666668 0.010833333333333334
4 0.3016666666666667 0.23166666666666666 0.004166666666666667 0.016666666666666666
0 0.5991666666666666 0.2791666666666667 0.0033333333333333335 0.014166666666666666
0 0.5741666666666667 0.27416666666666667 0.004166666666666667 0.013333333333333334
0 0.4766666666666667 0.25416666666666665 0.0033333333333333335 0.013333333333333334
4 0.45666666666666667 0.265 0.0025 0.018333333333333333
4 0.7141666666666666 0.2966666666666667 0.0025 0.010833333333333334
4 0.32416666666666666 0.23333333333333334 0.004166666666666667 0.014166666666666666
4 0.695 0.29583333333333334 0.0033333333333333335 0.013333333333333334
0 0.42833333333333334 0.24583333333333332 0.0025 0.013333333333333334
4 0.43083333333333335 0.24916666666666668 0.0033333333333333335 0.014166666666666666
0 0.7166666666666667 0.2941666666666667 0.0016666666666666668 0.010833333333333334
0 0.6575 0.28583333333333333 0.0025 0.010833333333333334
0 0.4175 0.305 0.005833333333333334 0.04
0 0.6158333333333333 0.2808333333333333 0.004166666666666667 0.013333333333333334
0 0.6825 0.2941666666666667 0.004166666666666667 0.014166666666666666
0 0.6658333333333334 0.28583333333333333 0.0025 0.010833333333333334
0 0.2475 0.22916666666666666 0.004166666666666667 0.019166666666666665
0 0.23083333333333333 0.2225 0.005 0.0175
0 0.2833333333333333 0.225 0.004166666666666667 0.015
0 0.24583333333333332 0.22083333333333333 0.004166666666666667 0.015
0 0.37916666666666665 0.23833333333333334 0.0033333333333333335 0.013333333333333334
0 0.69 0.29 0.0033333333333333335 0.011666666666666667
0 0.7425 0.30083333333333334 0.0025 0.011666666666666667
0 0.7716666666666666 0.30583333333333335 0.0025 0.011666666666666667
0 0.7891666666666667 0.31 0.0025 0.011666666666666667
0 0.8108333333333333 0.315 0.0025 0.011666666666666667
0 0.8266666666666667 0.3175 0.0025 0.010833333333333334
0 0.8366666666666667 0.31916666666666665 0.0025 0.011666666666666667
0 0.8566666666666667 0.32166666666666666 0.0025 0.013333333333333334
0 0.9291666666666667 0.33666666666666667 0.0025 0.011666666666666667
0 0.8908333333333334 0.3283333333333333 0.0025 0.013333333333333334
4 0.7308333333333333 0.2991666666666667 0.0033333333333333335 0.015
4 0.7758333333333334 0.30833333333333335 0.0033333333333333335 0.014166666666666666
4 0.8041666666666667 0.31416666666666665 0.0025 0.013333333333333334
4 0.8416666666666667 0.32166666666666666 0.0033333333333333335 0.013333333333333334
4 0.8641666666666666 0.3258333333333333 0.004166666666666667 0.011666666666666667
4 0.8791666666666667 0.3283333333333333 0.004166666666666667 0.013333333333333334
4 0.9175 0.335 0.004166666666666667 0.011666666666666667
4 0.945 0.34 0.004166666666666667 0.013333333333333334
3 0.1775 0.19916666666666666 0.0025 0.010833333333333334
3 0.13166666666666665 0.19333333333333333 0.0025 0.01
3 0.16583333333333333 0.19583333333333333 0.0025 0.01
1 0.4091666666666667 0.295 0.013333333333333334 0.06416666666666666
3 0.12416666666666666 0.19 0.0025 0.010833333333333334
1 0.42083333333333334 0.29333333333333333 0.008333333333333333 0.060833333333333336
3 0.1125 0.18666666666666668 0.0025 0.01
1 0.5758333333333333 0.3308333333333333 0.0125 0.06833333333333333
3 0.09083333333333334 0.18416666666666667 0.0033333333333333335 0.011666666666666667
1 0.58 0.32666666666666666 0.006666666666666667 0.06416666666666666
4 0.8933333333333333 0.3308333333333333 0.0033333333333333335 0.010833333333333334