4 0.35333333333333333 0.52 0.028333333333333332 0.10583333333333333
0 0.05583333333333333 0.42916666666666664 0.014166666666666666 0.0675
0 0.11416666666666667 0.3983333333333333 0.014166666666666666 0.050833333333333335
4 0.4175 0.385 0.01 0.04
4 0.30666666666666664 0.43166666666666664 0.019166666666666665 0.06416666666666666
4 0.6025 0.4525 0.016666666666666666 0.07083333333333333
0 0.7366666666666667 0.43 0.015 0.05583333333333333
0 0.5416666666666666 0.37416666666666665 0.008333333333333333 0.03333333333333333
0 0.4741666666666667 0.35833333333333334 0.006666666666666667 0.024166666666666666
4 0.47583333333333333 0.4116666666666667 0.013333333333333334 0.0525
0 0.3125 0.35833333333333334 0.006666666666666667 0.0225
0 0.5175 0.3625 0.006666666666666667 0.0275
4 0.15666666666666668 0.37666666666666665 0.009166666666666667 0.03333333333333333
4 0.27416666666666667 0.36333333333333334 0.006666666666666667 0.025833333333333333
4 0.3383333333333333 0.3641666666666667 0.006666666666666667 0.028333333333333332
4 0.19416666666666665 0.3641666666666667 0.005833333333333334 0.025833333333333333
0 0.6083333333333333 0.3975 0.010833333333333334 0.0425
4 0.2425 0.37916666666666665 0.008333333333333333 0.03833333333333333
2 0.059166666666666666 0.3491666666666667 0.005 0.0175
4 0.09416666666666666 0.3675 0.006666666666666667 0.025833333333333333
4 0.39916666666666667 0.37333333333333335 0.005 0.025
4 0.2916666666666667 0.39666666666666667 0.0125 0.04583333333333333
0 0.21333333333333335 0.36083333333333334 0.006666666666666667 0.019166666666666665
0 0.39666666666666667 0.35833333333333334 0.004166666666666667 0.020833333333333332
0 0.1025 0.36333333333333334 0.006666666666666667 0.0225
2 0.13916666666666666 0.34833333333333333 0.0033333333333333335 0.016666666666666666
2 0.2025 0.3466666666666667 0.0033333333333333335 0.013333333333333334
2 0.25833333333333336 0.345 0.0033333333333333335 0.014166666666666666
2 0.32 0.3441666666666667 0.004166666666666667 0.014166666666666666
4 0.5866666666666667 0.6208333333333333 0.013333333333333334 0.058333333333333334
4 0.7816666666666666 0.5083333333333333 0.025833333333333333 0.08833333333333333