0 0.20833333333333334 0.5225 0.035833333333333335 0.075
0 0.2808333333333333 0.4525 0.019166666666666665 0.045
0 0.21833333333333332 0.4266666666666667 0.015 0.0325
0 0.17916666666666667 0.41833333333333333 0.0125 0.0275
0 0.21833333333333332 0.3925 0.01 0.018333333333333333
0 0.9116666666666666 0.4166666666666667 0.014166666666666666 0.03
0 0.7983333333333333 0.4033333333333333 0.010833333333333334 0.023333333333333334
0 0.675 0.39 0.009166666666666667 0.018333333333333333
0 0.5975 0.38333333333333336 0.006666666666666667 0.015
0 0.5258333333333334 0.38 0.005 0.014166666666666666
0 0.28833333333333333 0.3858333333333333 0.006666666666666667 0.015833333333333335
4 0.7241666666666666 0.49166666666666664 0.03166666666666667 0.06333333333333334
4 0.7566666666666667 0.43083333333333335 0.016666666666666666 0.035833333333333335
4 0.5866666666666667 0.43666666666666665 0.0175 0.03916666666666667
4 0.6525 0.41333333333333333 0.013333333333333334 0.0275
4 0.5808333333333333 0.4 0.010833333333333334 0.024166666666666666
4 0.5183333333333333 0.3908333333333333 0.008333333333333333 0.019166666666666665
4 0.4825 0.4166666666666667 0.0125 0.03
4 0.4725 0.39 0.008333333333333333 0.0175
4 0.3933333333333333 0.4058333333333333 0.010833333333333334 0.025
4 0.41333333333333333 0.3908333333333333 0.008333333333333333 0.018333333333333333
4 0.34 0.4 0.01 0.0225
4 0.35333333333333333 0.39666666666666667 0.008333333333333333 0.02