0 0.13833333333333334 0.2025 0.006666666666666667 0.028333333333333332
0 0.06583333333333333 0.23 0.0125 0.04666666666666667
0 0.7316666666666667 0.3258333333333333 0.005833333333333334 0.024166666666666666
0 0.10416666666666667 0.21083333333333334 0.008333333333333333 0.035
4 0.2783333333333333 0.3016666666666667 0.015 0.0575
0 0.7541666666666667 0.3375 0.005833333333333334 0.0275
0 0.16166666666666665 0.195 0.006666666666666667 0.0225
4 0.33166666666666667 0.3641666666666667 0.0225 0.07583333333333334
0 0.8708333333333333 0.39416666666666667 0.010833333333333334 0.041666666666666664
0 0.7583333333333333 0.3525 0.008333333333333333 0.03333333333333333
4 0.6216666666666667 0.32 0.0075 0.03333333333333333
0 0.695 0.31 0.004166666666666667 0.020833333333333332
4 0.5833333333333334 0.2833333333333333 0.004166666666666667 0.020833333333333332
4 0.6358333333333334 0.31333333333333335 0.006666666666666667 0.028333333333333332
4 0.245 0.2683333333333333 0.010833333333333334 0.04416666666666667
4 0.43 0.6091666666666666 0.04833333333333333 0.175
4 0.7333333333333333 0.37083333333333335 0.0125 0.04666666666666667
0 0.7308333333333333 0.30833333333333335 0.0025 0.015
4 0.8066666666666666 0.3225 0.0033333333333333335 0.014166666666666666
4 0.5716666666666667 0.2683333333333333 0.0033333333333333335 0.015
4 0.25 0.24416666666666667 0.006666666666666667 0.035
4 0.8808333333333334 0.3425 0.004166666666666667 0.015
0 0.7933333333333333 0.32416666666666666 0.0033333333333333335 0.015
0 0.19083333333333333 0.19333333333333333 0.005 0.020833333333333332
4 0.25416666666666665 0.22916666666666666 0.005833333333333334 0.030833333333333334
0 0.23333333333333334 0.1975 0.004166666666666667 0.016666666666666666
4 0.28833333333333333 0.21166666666666667 0.004166666666666667 0.020833333333333332
4 0.8366666666666667 0.30666666666666664 0.0025 0.01
4 0.6291666666666667 0.30083333333333334 0.005 0.024166666666666666
4 0.6258333333333334 0.2758333333333333 0.0033333333333333335 0.018333333333333333
0 0.6333333333333333 0.285 0.0033333333333333335 0.016666666666666666
0 0.6525 0.295 0.004166666666666667 0.018333333333333333
0 0.6783333333333333 0.295 0.0033333333333333335 0.016666666666666666
4 0.355 0.21166666666666667 0.0025 0.016666666666666666
4 0.315 0.21166666666666667 0.004166666666666667 0.018333333333333333
4 0.33916666666666667 0.21166666666666667 0.0033333333333333335 0.0175
4 0.5408333333333334 0.27 0.0033333333333333335 0.018333333333333333
0 0.8508333333333333 0.34 0.004166666666666667 0.015
0 0.9125 0.3616666666666667 0.004166666666666667 0.016666666666666666
4 0.26416666666666666 0.21333333333333335 0.005833333333333334 0.0225
0 0.29833333333333334 0.20333333333333334 0.0025 0.013333333333333334
4 0.5141666666666667 0.24166666666666667 0.0025 0.013333333333333334
4 0.41833333333333333 0.22083333333333333 0.0025 0.013333333333333334
4 0.7383333333333333 0.30416666666666664 0.0025 0.014166666666666666
4 0.5983333333333334 0.25916666666666666 0.0025 0.011666666666666667
0 0.4075 0.21583333333333332 0.0025 0.011666666666666667
4 0.3825 0.215 0.0025 0.014166666666666666
4 0.9483333333333334 0.36083333333333334 0.004166666666666667 0.015
4 0.2575 0.22 0.004166666666666667 0.025
0 0.8508333333333333 0.305 0.0025 0.01
0 0.3725 0.21166666666666667 0.0025 0.01
0 0.2658333333333333 0.20083333333333334 0.0025 0.015
1 0.6375 0.2633333333333333 0.0025 0.016666666666666666
1 0.6441666666666667 0.26666666666666666 0.0033333333333333335 0.0175
1 0.6558333333333334 0.26916666666666667 0.0033333333333333335 0.0175
1 0.6266666666666667 0.2608333333333333 0.0025 0.0175