0 0.3541666666666667 0.72 0.065 0.08416666666666667
0 0.52 0.5541666666666667 0.02666666666666667 0.0425
0 0.6908333333333333 0.51 0.015 0.024166666666666666
0 0.6891666666666667 0.4866666666666667 0.009166666666666667 0.015
0 0.7241666666666666 0.475 0.005 0.01
0 0.7975 0.6341666666666667 0.055 0.08416666666666667
0 0.8083333333333333 0.4825 0.009166666666666667 0.015
0 0.8166666666666667 0.4741666666666667 0.0075 0.010833333333333334
0 0.87 0.5175 0.021666666666666667 0.030833333333333334
0 0.8766666666666667 0.49416666666666664 0.015 0.02
0 0.9275 0.4975 0.016666666666666666 0.023333333333333334
0 0.7608333333333334 0.455 0.005 0.009166666666666667
4 0.21083333333333334 0.5325 0.0475 0.060833333333333336
4 0.6416666666666667 0.5008333333333334 0.014166666666666666 0.020833333333333332
4 0.7075 0.4891666666666667 0.01 0.016666666666666666
4 0.7416666666666667 0.47833333333333333 0.0075 0.0125
4 0.7916666666666666 0.5016666666666667 0.016666666666666666 0.0225
4 0.8558333333333333 0.5375 0.02666666666666667 0.03833333333333333
4 0.9416666666666667 0.425 0.0125 0.016666666666666666
4 0.9016666666666666 0.4508333333333333 0.008333333333333333 0.011666666666666667
4 0.86 0.47 0.006666666666666667 0.011666666666666667
2 0.6783333333333333 0.5258333333333334 0.023333333333333334 0.03166666666666667
2 0.8925 0.485 0.010833333333333334 0.016666666666666666