4 0.6458333333333334 0.7633333333333333 0.03166666666666667 0.1675
4 0.32083333333333336 0.5241666666666667 0.041666666666666664 0.14666666666666667
4 0.0625 0.4141666666666667 0.025833333333333333 0.11083333333333334
4 0.9333333333333333 0.35833333333333334 0.008333333333333333 0.029166666666666667
4 0.9441666666666667 0.35083333333333333 0.008333333333333333 0.025
4 0.9483333333333334 0.3275 0.005 0.016666666666666666
4 0.9033333333333333 0.31833333333333336 0.004166666666666667 0.015
4 0.8608333333333333 0.31 0.004166666666666667 0.015
4 0.8191666666666667 0.3025 0.005 0.015
4 0.7866666666666666 0.2966666666666667 0.004166666666666667 0.015
4 0.7483333333333333 0.2916666666666667 0.005 0.015
4 0.7083333333333334 0.2841666666666667 0.005 0.014166666666666666
4 0.655 0.27416666666666667 0.004166666666666667 0.015
4 0.6208333333333333 0.2683333333333333 0.004166666666666667 0.014166666666666666
4 0.5783333333333334 0.2575 0.004166666666666667 0.013333333333333334
4 0.5575 0.255 0.004166666666666667 0.014166666666666666
4 0.5233333333333333 0.25083333333333335 0.004166666666666667 0.014166666666666666
4 0.4975 0.2475 0.004166666666666667 0.015
4 0.4708333333333333 0.24416666666666667 0.004166666666666667 0.015
4 0.4375 0.24083333333333334 0.004166666666666667 0.016666666666666666
4 0.39916666666666667 0.235 0.005 0.015
4 0.3525 0.22916666666666666 0.005 0.016666666666666666
4 0.31166666666666665 0.2225 0.004166666666666667 0.015
4 0.275 0.21666666666666667 0.004166666666666667 0.015
4 0.25416666666666665 0.2125 0.004166666666666667 0.014166666666666666
4 0.23166666666666666 0.2075 0.004166666666666667 0.013333333333333334
4 0.21083333333333334 0.20333333333333334 0.004166666666666667 0.013333333333333334
4 0.18 0.19916666666666666 0.004166666666666667 0.013333333333333334
4 0.14333333333333334 0.19416666666666665 0.004166666666666667 0.013333333333333334
4 0.11083333333333334 0.19 0.004166666666666667 0.014166666666666666
4 0.08583333333333333 0.18666666666666668 0.0033333333333333335 0.013333333333333334
4 0.0825 0.19583333333333333 0.005 0.0175
4 0.07583333333333334 0.1925 0.0033333333333333335 0.015
4 0.0725 0.19833333333333333 0.005 0.018333333333333333
4 0.06 0.185 0.004166666666666667 0.013333333333333334
0 0.0525 0.18166666666666667 0.0033333333333333335 0.013333333333333334
0 0.10666666666666667 0.1875 0.0033333333333333335 0.011666666666666667
0 0.1575 0.19416666666666665 0.0033333333333333335 0.014166666666666666
0 0.20333333333333334 0.20083333333333334 0.0025 0.011666666666666667
0 0.245 0.20583333333333334 0.0025 0.011666666666666667
0 0.2775 0.21166666666666667 0.0025 0.011666666666666667
0 0.3025 0.21666666666666667 0.0033333333333333335 0.011666666666666667
0 0.3175 0.22083333333333333 0.0033333333333333335 0.013333333333333334
0 0.3441666666666667 0.22416666666666665 0.004166666666666667 0.014166666666666666
0 0.37333333333333335 0.22833333333333333 0.004166666666666667 0.015
0 0.3958333333333333 0.23083333333333333 0.0033333333333333335 0.011666666666666667
0 0.425 0.235 0.0033333333333333335 0.013333333333333334
0 0.4483333333333333 0.24 0.0033333333333333335 0.014166666666666666
0 0.4683333333333333 0.24166666666666667 0.004166666666666667 0.015
0 0.4875 0.24416666666666667 0.0025 0.014166666666666666
0 0.5675 0.25416666666666665 0.0025 0.011666666666666667
0 0.5966666666666667 0.26 0.0033333333333333335 0.013333333333333334
0 0.62 0.26416666666666666 0.0033333333333333335 0.013333333333333334
0 0.6491666666666667 0.27 0.0025 0.014166666666666666
0 0.67 0.27416666666666667 0.004166666666666667 0.013333333333333334
0 0.7008333333333333 0.2808333333333333 0.004166666666666667 0.015
0 0.7275 0.285 0.004166666666666667 0.015
0 0.7941666666666667 0.295 0.0033333333333333335 0.014166666666666666
0 0.8491666666666666 0.30583333333333335 0.0033333333333333335 0.013333333333333334
0 0.9083333333333333 0.31833333333333336 0.0033333333333333335 0.014166666666666666
0 0.75 0.28833333333333333 0.0033333333333333335 0.015
4 0.05 0.18666666666666668 0.0016666666666666668 0.015