0 0.8541666666666666 0.23333333333333334 0.0075 0.030833333333333334
0 0.81 0.2916666666666667 0.014166666666666666 0.050833333333333335
0 0.7533333333333333 0.37333333333333335 0.023333333333333334 0.08583333333333333
0 0.23083333333333333 0.3275 0.010833333333333334 0.04416666666666667
0 0.8391666666666666 0.25416666666666665 0.01 0.03916666666666667
0 0.5358333333333334 0.6783333333333333 0.06 0.22166666666666668
0 0.8716666666666667 0.21083333333333334 0.005 0.021666666666666667
0 0.8766666666666667 0.20416666666666666 0.004166666666666667 0.018333333333333333
0 0.865 0.22 0.006666666666666667 0.025
0 0.8808333333333334 0.19833333333333333 0.004166666666666667 0.016666666666666666
4 0.9408333333333333 0.19 0.0033333333333333335 0.014166666666666666
4 0.9475 0.19833333333333333 0.005 0.018333333333333333
4 0.9366666666666666 0.1875 0.0025 0.011666666666666667
4 0.945 0.19333333333333333 0.004166666666666667 0.016666666666666666
0 0.8833333333333333 0.19416666666666665 0.0033333333333333335 0.015
4 0.8316666666666667 0.19 0.0025 0.011666666666666667
0 0.8858333333333334 0.19166666666666668 0.0025 0.013333333333333334
1 0.9358333333333333 0.18166666666666667 0.0033333333333333335 0.019166666666666665
1 0.8875 0.185 0.0025 0.020833333333333332