0 0.37583333333333335 0.25583333333333336 0.006666666666666667 0.028333333333333332
0 0.48583333333333334 0.26416666666666666 0.005 0.024166666666666666
0 0.5133333333333333 0.265 0.005833333333333334 0.0225
4 0.6525 0.2808333333333333 0.005833333333333334 0.020833333333333332
0 0.11166666666666666 0.225 0.006666666666666667 0.028333333333333332
0 0.5458333333333333 0.26666666666666666 0.005 0.021666666666666667
4 0.39666666666666667 0.275 0.0075 0.0325
4 0.18083333333333335 0.24666666666666667 0.008333333333333333 0.0325
0 0.33 0.25166666666666665 0.006666666666666667 0.0275
4 0.31 0.265 0.008333333333333333 0.035
4 0.6175 0.28583333333333333 0.006666666666666667 0.025833333333333333
0 0.225 0.23666666666666666 0.006666666666666667 0.025833333333333333
0 0.4375 0.2608333333333333 0.005833333333333334 0.025833333333333333
4 0.8508333333333333 0.2916666666666667 0.004166666666666667 0.013333333333333334
4 0.9 0.2975 0.0033333333333333335 0.013333333333333334
4 0.5683333333333334 0.2866666666666667 0.006666666666666667 0.028333333333333332
4 0.9358333333333333 0.30333333333333334 0.004166666666666667 0.013333333333333334
4 0.6391666666666667 0.2708333333333333 0.004166666666666667 0.0175
4 0.8158333333333333 0.2916666666666667 0.004166666666666667 0.015
4 0.8716666666666667 0.2941666666666667 0.0033333333333333335 0.011666666666666667
0 0.71 0.2725 0.0033333333333333335 0.015
4 0.8425 0.2916666666666667 0.004166666666666667 0.014166666666666666
4 0.09166666666666666 0.23833333333333334 0.009166666666666667 0.03333333333333333
0 0.775 0.2816666666666667 0.0025 0.013333333333333334
4 0.7716666666666666 0.2866666666666667 0.004166666666666667 0.016666666666666666
4 0.8366666666666667 0.29333333333333333 0.004166666666666667 0.015
4 0.21 0.475 0.03666666666666667 0.1325
0 0.5675 0.26416666666666666 0.004166666666666667 0.019166666666666665
0 0.5616666666666666 0.265 0.004166666666666667 0.020833333333333332
0 0.7591666666666667 0.28 0.0033333333333333335 0.014166666666666666
0 0.7816666666666666 0.2808333333333333 0.0025 0.013333333333333334
0 0.6283333333333333 0.26166666666666666 0.0025 0.014166666666666666
4 0.49416666666666664 0.2825 0.0075 0.0325
4 0.6666666666666666 0.2708333333333333 0.004166666666666667 0.016666666666666666
4 0.7333333333333333 0.2816666666666667 0.004166666666666667 0.015
0 0.5916666666666667 0.25583333333333336 0.0033333333333333335 0.015
4 0.6441666666666667 0.2833333333333333 0.006666666666666667 0.024166666666666666
4 0.6441666666666667 0.2675 0.005 0.0175
0 0.6683333333333333 0.26666666666666666 0.0025 0.015
4 0.5783333333333334 0.735 0.0625 0.2225
0 0.915 0.29833333333333334 0.0033333333333333335 0.011666666666666667
0 0.8666666666666667 0.29 0.0025 0.013333333333333334
0 0.8283333333333334 0.285 0.0025 0.013333333333333334
0 0.7941666666666667 0.2808333333333333 0.0025 0.013333333333333334
0 0.5641666666666667 0.255 0.0025 0.016666666666666666