4 0.73 0.5816666666666667 0.035 0.12833333333333333
0 0.40166666666666667 0.39 0.0125 0.043333333333333335
4 0.55 0.4725 0.019166666666666665 0.0775
0 0.3383333333333333 0.41333333333333333 0.014166666666666666 0.05583333333333333
4 0.51 0.4241666666666667 0.016666666666666666 0.056666666666666664
0 0.3675 0.36666666666666664 0.008333333333333333 0.0325
0 0.4241666666666667 0.3425 0.005 0.024166666666666666
4 0.6041666666666666 0.37666666666666665 0.009166666666666667 0.03333333333333333
0 0.23666666666666666 0.37583333333333335 0.010833333333333334 0.03916666666666667
0 0.37916666666666665 0.32666666666666666 0.005 0.020833333333333332
0 0.45916666666666667 0.3258333333333333 0.0033333333333333335 0.015
0 0.1075 0.3933333333333333 0.013333333333333334 0.049166666666666664
4 0.5858333333333333 0.3541666666666667 0.005833333333333334 0.025
4 0.5583333333333333 0.3958333333333333 0.010833333333333334 0.043333333333333335
4 0.5783333333333334 0.345 0.005833333333333334 0.020833333333333332
0 0.5225 0.32083333333333336 0.0033333333333333335 0.0225
4 0.30333333333333334 0.3458333333333333 0.0075 0.0275
0 0.4925 0.3725 0.01 0.035833333333333335
0 0.5091666666666667 0.35833333333333334 0.008333333333333333 0.029166666666666667
0 0.4125 0.3258333333333333 0.004166666666666667 0.0175
4 0.3883333333333333 0.31833333333333336 0.004166666666666667 0.0175
4 0.5941666666666666 0.3616666666666667 0.008333333333333333 0.028333333333333332
4 0.31 0.33166666666666667 0.006666666666666667 0.024166666666666666
4 0.2991666666666667 0.3225 0.005833333333333334 0.020833333333333332
4 0.5733333333333334 0.3375 0.004166666666666667 0.018333333333333333
0 0.385 0.3333333333333333 0.005 0.020833333333333332
4 0.2941666666666667 0.3175 0.004166666666666667 0.0175
4 0.5483333333333333 0.31583333333333335 0.0033333333333333335 0.011666666666666667
4 0.5666666666666667 0.33166666666666667 0.004166666666666667 0.016666666666666666
0 0.52 0.3333333333333333 0.004166666666666667 0.0225
4 0.4741666666666667 0.30916666666666665 0.0025 0.011666666666666667
0 0.4716666666666667 0.31916666666666665 0.0025 0.015
0 0.45666666666666667 0.31333333333333335 0.0025 0.010833333333333334
4 0.5108333333333334 0.31166666666666665 0.0025 0.010833333333333334
0 0.415 0.3541666666666667 0.0075 0.028333333333333332
4 0.5625 0.32416666666666666 0.0025 0.011666666666666667
4 0.3466666666666667 0.3175 0.004166666666666667 0.0175
0 0.46 0.31333333333333335 0.0025 0.011666666666666667
0 0.4925 0.31333333333333335 0.0025 0.010833333333333334
0 0.4683333333333333 0.3125 0.0025 0.011666666666666667
4 0.5641666666666667 0.3275 0.0025 0.014166666666666666
0 0.5133333333333333 0.3491666666666667 0.004166666666666667 0.025
0 0.5166666666666667 0.3425 0.004166666666666667 0.021666666666666667
4 0.56 0.32083333333333336 0.0016666666666666668 0.010833333333333334
4 0.44 0.30916666666666665 0.0033333333333333335 0.011666666666666667
4 0.5591666666666667 0.31833333333333336 0.0025 0.010833333333333334
0 0.5125 0.31416666666666665 0.0025 0.010833333333333334
0 0.475 0.3233333333333333 0.0025 0.014166666666666666
0 0.2525 0.59 0.03666666666666667 0.1425
0 0.295 0.465 0.023333333333333334 0.0775
4 0.08916666666666667 0.3591666666666667 0.011666666666666667 0.04
4 0.22833333333333333 0.3541666666666667 0.01 0.03333333333333333
4 0.41583333333333333 0.31916666666666665 0.0033333333333333335 0.014166666666666666
4 0.4141666666666667 0.31 0.0025 0.014166666666666666
4 0.4175 0.31416666666666665 0.0025 0.013333333333333334