0 0.26666666666666666 0.27166666666666667 0.004166666666666667 0.021666666666666667
0 0.9416666666666667 0.385 0.008333333333333333 0.030833333333333334
4 0.11416666666666667 0.27416666666666667 0.0075 0.035
4 0.20666666666666667 0.2791666666666667 0.006666666666666667 0.028333333333333332
0 0.165 0.26 0.006666666666666667 0.024166666666666666
0 0.8541666666666666 0.365 0.006666666666666667 0.0275
4 0.335 0.5116666666666667 0.0325 0.12416666666666666
4 0.31583333333333335 0.29 0.006666666666666667 0.025833333333333333
4 0.41083333333333333 0.30416666666666664 0.005833333333333334 0.025
0 0.051666666666666666 0.25333333333333335 0.005833333333333334 0.028333333333333332
0 0.3625 0.28583333333333333 0.005 0.021666666666666667
0 0.545 0.3075 0.005 0.019166666666666665
4 0.08916666666666667 0.38166666666666665 0.021666666666666667 0.085
0 0.7333333333333333 0.3383333333333333 0.006666666666666667 0.024166666666666666
4 0.5066666666666667 0.31666666666666665 0.006666666666666667 0.024166666666666666
0 0.4575 0.2975 0.005 0.021666666666666667
0 0.6458333333333334 0.31833333333333336 0.005 0.019166666666666665
4 0.6983333333333334 0.3458333333333333 0.0075 0.028333333333333332
4 0.6041666666666666 0.32916666666666666 0.006666666666666667 0.024166666666666666
4 0.19916666666666666 0.23166666666666666 0.0016666666666666668 0.008333333333333333
4 0.8216666666666667 0.37583333333333335 0.009166666666666667 0.0325
4 0.19583333333333333 0.23083333333333333 0.0016666666666666668 0.008333333333333333
4 0.18666666666666668 0.22916666666666666 0.0016666666666666668 0.006666666666666667
4 0.19083333333333333 0.23 0.0025 0.0075