0 0.8158333333333333 0.31916666666666665 0.006666666666666667 0.029166666666666667
0 0.4875 0.2708333333333333 0.004166666666666667 0.0225
0 0.315 0.2475 0.004166666666666667 0.019166666666666665
0 0.38666666666666666 0.25666666666666665 0.004166666666666667 0.0225
4 0.8325 0.34 0.008333333333333333 0.03666666666666667
4 0.055 0.2775 0.010833333333333334 0.041666666666666664
4 0.19 0.4875 0.03833333333333333 0.125
0 0.23666666666666666 0.24083333333333334 0.005 0.020833333333333332
4 0.5116666666666667 0.29 0.006666666666666667 0.029166666666666667
0 0.10666666666666667 0.225 0.004166666666666667 0.0175
4 0.4141666666666667 0.2758333333333333 0.005833333333333334 0.0275
4 0.25333333333333335 0.25416666666666665 0.005 0.025
4 0.6025 0.3016666666666667 0.006666666666666667 0.03166666666666667
0 0.16666666666666666 0.2325 0.004166666666666667 0.019166666666666665
4 0.7041666666666667 0.31666666666666665 0.0075 0.0325
0 0.6941666666666667 0.3 0.005833333333333334 0.025833333333333333
0 0.58 0.2833333333333333 0.004166666666666667 0.025833333333333333
4 0.3233333333333333 0.26166666666666666 0.005833333333333334 0.0275
4 0.11583333333333333 0.23666666666666666 0.004166666666666667 0.020833333333333332
4 0.18666666666666668 0.2475 0.005833333333333334 0.0225