0 0.2916666666666667 0.5466666666666666 0.043333333333333335 0.08666666666666667
0 0.4741666666666667 0.46 0.018333333333333333 0.051666666666666666
0 0.505 0.42 0.013333333333333334 0.034166666666666665
0 0.5133333333333333 0.4 0.009166666666666667 0.024166666666666666
0 0.58 0.3883333333333333 0.008333333333333333 0.02
0 0.6858333333333333 0.37833333333333335 0.0075 0.018333333333333333
0 0.7316666666666667 0.375 0.006666666666666667 0.016666666666666666
0 0.7766666666666666 0.36333333333333334 0.004166666666666667 0.010833333333333334
0 0.8425 0.3566666666666667 0.005 0.01
0 0.8783333333333333 0.3541666666666667 0.0033333333333333335 0.01
0 0.7591666666666667 0.37166666666666665 0.005833333333333334 0.015
0 0.7541666666666667 0.3675 0.005 0.013333333333333334
4 0.3258333333333333 0.3725 0.006666666666666667 0.018333333333333333
4 0.3325 0.37083333333333335 0.005833333333333334 0.015833333333333335
4 0.75 0.46166666666666667 0.028333333333333332 0.056666666666666664
4 0.7 0.4175 0.014166666666666666 0.0325
4 0.6966666666666667 0.4033333333333333 0.01 0.02666666666666667
4 0.7058333333333333 0.3925 0.008333333333333333 0.024166666666666666
4 0.7841666666666667 0.38666666666666666 0.009166666666666667 0.021666666666666667
4 0.8358333333333333 0.38083333333333336 0.0075 0.02
4 0.8575 0.3775 0.006666666666666667 0.016666666666666666
4 0.855 0.37166666666666665 0.004166666666666667 0.015833333333333335
4 0.8325 0.36833333333333335 0.005833333333333334 0.016666666666666666
4 0.8366666666666667 0.3641666666666667 0.0033333333333333335 0.01
4 0.8683333333333333 0.36083333333333334 0.004166666666666667 0.011666666666666667
4 0.8941666666666667 0.35833333333333334 0.004166666666666667 0.010833333333333334