2 0.6925 0.4058333333333333 0.02666666666666667 0.1025
2 0.7875 0.2816666666666667 0.015 0.060833333333333336
2 0.8625 0.185 0.005 0.021666666666666667
2 0.8416666666666667 0.21083333333333334 0.006666666666666667 0.0325
2 0.8225 0.235 0.011666666666666667 0.043333333333333335
2 0.8333333333333334 0.22083333333333333 0.0075 0.035
2 0.9483333333333334 0.17916666666666667 0.004166666666666667 0.024166666666666666
2 0.8525 0.195 0.006666666666666667 0.0275
2 0.9408333333333333 0.1725 0.005 0.019166666666666665
2 0.9333333333333333 0.16416666666666666 0.0025 0.015
2 0.8683333333333333 0.1775 0.004166666666666667 0.019166666666666665
2 0.8725 0.17083333333333334 0.0033333333333333335 0.016666666666666666
2 0.8758333333333334 0.16666666666666666 0.0025 0.015
2 0.825 0.22083333333333333 0.0075 0.035833333333333335
2 0.8816666666666667 0.16 0.0025 0.013333333333333334
2 0.9366666666666666 0.16666666666666666 0.0033333333333333335 0.016666666666666666
2 0.8791666666666667 0.1625 0.0033333333333333335 0.016666666666666666