4 0.49583333333333335 0.7508333333333334 0.04666666666666667 0.19333333333333333
4 0.23333333333333334 0.41083333333333333 0.025833333333333333 0.0975
4 0.2125 0.30833333333333335 0.014166666666666666 0.058333333333333334
4 0.29333333333333333 0.27416666666666667 0.009166666666666667 0.03916666666666667
4 0.41 0.2708333333333333 0.0075 0.0325
4 0.5416666666666666 0.2841666666666667 0.006666666666666667 0.029166666666666667
4 0.6883333333333334 0.31 0.006666666666666667 0.030833333333333334
4 0.835 0.3375 0.008333333333333333 0.03166666666666667
0 0.13416666666666666 0.24333333333333335 0.009166666666666667 0.03666666666666667
0 0.2733333333333333 0.2475 0.0075 0.030833333333333334
0 0.38333333333333336 0.25416666666666665 0.005833333333333334 0.025833333333333333
0 0.46 0.2625 0.005 0.025
0 0.5391666666666667 0.2725 0.004166666666666667 0.025
0 0.6216666666666667 0.2833333333333333 0.005 0.024166666666666666
0 0.7116666666666667 0.3 0.005833333333333334 0.024166666666666666
0 0.8166666666666667 0.32 0.005833333333333334 0.025
0 0.9275 0.3416666666666667 0.006666666666666667 0.0275