0 0.46166666666666667 0.3725 0.018333333333333333 0.07833333333333334
0 0.32416666666666666 0.31916666666666665 0.013333333333333334 0.0475
0 0.3516666666666667 0.27416666666666667 0.006666666666666667 0.030833333333333334
0 0.7883333333333333 0.20916666666666667 0.0075 0.025
4 0.8833333333333333 0.36666666666666664 0.0275 0.09416666666666666
0 0.5991666666666666 0.22583333333333333 0.005 0.021666666666666667
0 0.6891666666666667 0.21666666666666667 0.004166666666666667 0.021666666666666667
0 0.4225 0.255 0.005833333333333334 0.025
0 0.3075 0.29583333333333334 0.008333333333333333 0.035833333333333335
4 0.47 0.26166666666666666 0.0075 0.03166666666666667
0 0.4241666666666667 0.345 0.016666666666666666 0.06416666666666666
4 0.6175 0.2891666666666667 0.011666666666666667 0.05
4 0.4875 0.2791666666666667 0.009166666666666667 0.03916666666666667
4 0.5483333333333333 0.24333333333333335 0.006666666666666667 0.028333333333333332
0 0.4766666666666667 0.4425 0.025 0.11083333333333334
4 0.4608333333333333 0.2725 0.008333333333333333 0.035
4 0.8508333333333333 0.21916666666666668 0.009166666666666667 0.03166666666666667
4 0.7366666666666667 0.31083333333333335 0.015 0.065
4 0.6125 0.23416666666666666 0.006666666666666667 0.0275
0 0.4483333333333333 0.5741666666666667 0.0425 0.16666666666666666
0 0.5091666666666667 0.23833333333333334 0.004166666666666667 0.024166666666666666
4 0.775 0.22083333333333333 0.009166666666666667 0.029166666666666667
0 0.895 0.205 0.006666666666666667 0.0275
4 0.6941666666666667 0.22666666666666666 0.0075 0.0275
4 0.5058333333333334 0.25083333333333335 0.006666666666666667 0.028333333333333332