0 0.45166666666666666 0.5366666666666666 0.02666666666666667 0.1025
0 0.39666666666666667 0.4275 0.0125 0.05583333333333333
4 0.8241666666666667 0.5308333333333334 0.025833333333333333 0.08666666666666667
0 0.6216666666666667 0.4041666666666667 0.008333333333333333 0.035
4 0.25416666666666665 0.4008333333333333 0.0125 0.050833333333333335
0 0.4533333333333333 0.39166666666666666 0.009166666666666667 0.03666666666666667
0 0.5908333333333333 0.4275 0.010833333333333334 0.043333333333333335
4 0.9316666666666666 0.435 0.009166666666666667 0.03666666666666667
0 0.056666666666666664 0.4816666666666667 0.015833333333333335 0.09333333333333334
0 0.18333333333333332 0.7616666666666667 0.03333333333333333 0.1675
4 0.29833333333333334 0.35583333333333333 0.005833333333333334 0.0275
0 0.5166666666666667 0.37 0.006666666666666667 0.0275
4 0.2725 0.3333333333333333 0.004166666666666667 0.014166666666666666
4 0.5625 0.3575 0.005 0.019166666666666665
4 0.7875 0.4375 0.010833333333333334 0.0425
4 0.6866666666666666 0.37416666666666665 0.005833333333333334 0.021666666666666667
4 0.8825 0.4141666666666667 0.0075 0.030833333333333334
4 0.47583333333333333 0.3516666666666667 0.004166666666666667 0.020833333333333332
4 0.5375 0.36333333333333334 0.005 0.021666666666666667
4 0.6741666666666667 0.38083333333333336 0.005833333333333334 0.021666666666666667
0 0.44 0.37166666666666665 0.008333333333333333 0.028333333333333332
0 0.37916666666666665 0.3566666666666667 0.006666666666666667 0.025
4 0.33166666666666667 0.37583333333333335 0.01 0.035
4 0.5033333333333333 0.3491666666666667 0.004166666666666667 0.018333333333333333
4 0.9075 0.6825 0.0425 0.15666666666666668
4 0.36083333333333334 0.335 0.004166666666666667 0.015
4 0.13166666666666665 0.33666666666666667 0.005833333333333334 0.0175
4 0.20416666666666666 0.3416666666666667 0.005833333333333334 0.021666666666666667
4 0.32083333333333336 0.3333333333333333 0.0033333333333333335 0.015
4 0.21583333333333332 0.33916666666666667 0.0025 0.0175
0 0.6583333333333333 0.3958333333333333 0.0075 0.030833333333333334
0 0.48583333333333334 0.34 0.0025 0.015
4 0.455 0.3416666666666667 0.004166666666666667 0.016666666666666666
0 0.29 0.3425 0.005833333333333334 0.019166666666666665
4 0.05416666666666667 0.33916666666666667 0.005833333333333334 0.0175
4 0.7825 0.4066666666666667 0.005833333333333334 0.029166666666666667
0 0.07166666666666667 0.3333333333333333 0.0025 0.0175
0 0.5916666666666667 0.37833333333333335 0.005833333333333334 0.024166666666666666
0 0.44666666666666666 0.35833333333333334 0.005 0.025
4 0.7466666666666667 0.3933333333333333 0.005 0.0275
4 0.22416666666666665 0.335 0.004166666666666667 0.015
4 0.2625 0.3383333333333333 0.005833333333333334 0.015
0 0.37166666666666665 0.33416666666666667 0.0025 0.011666666666666667
4 0.6041666666666666 0.3725 0.004166666666666667 0.019166666666666665
0 0.6625 0.3641666666666667 0.005833333333333334 0.019166666666666665
0 0.8766666666666667 0.3933333333333333 0.005 0.0225
4 0.7808333333333334 0.4225 0.0075 0.029166666666666667
0 0.4066666666666667 0.34833333333333333 0.005833333333333334 0.0225
4 0.1775 0.3358333333333333 0.005833333333333334 0.0175
4 0.43 0.3441666666666667 0.0033333333333333335 0.0175
0 0.30916666666666665 0.3408333333333333 0.004166666666666667 0.018333333333333333
4 0.2325 0.3475 0.005 0.0225
0 0.4191666666666667 0.335 0.0025 0.013333333333333334
4 0.31583333333333335 0.3375 0.0033333333333333335 0.016666666666666666
0 0.5341666666666667 0.3491666666666667 0.0033333333333333335 0.014166666666666666
4 0.4 0.335 0.004166666666666667 0.016666666666666666
4 0.615 0.365 0.005 0.020833333333333332
4 0.7416666666666667 0.3825 0.006666666666666667 0.024166666666666666
0 0.7491666666666666 0.3775 0.004166666666666667 0.025
4 0.7883333333333333 0.47333333333333333 0.015 0.05583333333333333
0 0.8083333333333333 0.38416666666666666 0.004166666666666667 0.0225
4 0.8033333333333333 0.3958333333333333 0.006666666666666667 0.025833333333333333