0 0.20666666666666667 0.3425 0.018333333333333333 0.0675
0 0.7125 0.3875 0.0125 0.05583333333333333
0 0.485 0.38416666666666666 0.015 0.07083333333333333
2 0.2633333333333333 0.43333333333333335 0.025833333333333333 0.10583333333333333
4 0.4483333333333333 0.3325 0.011666666666666667 0.05
4 0.29583333333333334 0.30916666666666665 0.011666666666666667 0.049166666666666664
0 0.7641666666666667 0.3408333333333333 0.006666666666666667 0.03166666666666667
0 0.71 0.3175 0.005833333333333334 0.025833333333333333
4 0.26416666666666666 0.24583333333333332 0.005 0.025
0 0.21666666666666667 0.235 0.004166666666666667 0.0225
4 0.6525 0.32166666666666666 0.006666666666666667 0.0325
0 0.5633333333333334 0.2791666666666667 0.004166666666666667 0.019166666666666665
4 0.5291666666666667 0.2808333333333333 0.005 0.021666666666666667
4 0.5833333333333334 0.2925 0.004166666666666667 0.024166666666666666
4 0.5783333333333334 0.34 0.01 0.04416666666666667
0 0.3016666666666667 0.24166666666666667 0.004166666666666667 0.019166666666666665
4 0.3275 0.25 0.005 0.021666666666666667
4 0.6416666666666667 0.3333333333333333 0.008333333333333333 0.03666666666666667
4 0.6291666666666667 0.30666666666666664 0.005833333333333334 0.0275
4 0.2075 0.24583333333333332 0.005833333333333334 0.025833333333333333
4 0.19333333333333333 0.2833333333333333 0.010833333333333334 0.04583333333333333
0 0.7808333333333334 0.36666666666666664 0.009166666666666667 0.0425
4 0.3975 0.25833333333333336 0.005 0.0225
2 0.0575 0.19833333333333333 0.0033333333333333335 0.016666666666666666
2 0.11916666666666667 0.20583333333333334 0.0025 0.015
2 0.08 0.2025 0.0033333333333333335 0.013333333333333334
2 0.12833333333333333 0.21833333333333332 0.004166666666666667 0.019166666666666665
0 0.3925 0.25083333333333335 0.0033333333333333335 0.0175
1 0.15333333333333332 0.24916666666666668 0.008333333333333333 0.0575
4 0.4658333333333333 0.2683333333333333 0.004166666666666667 0.021666666666666667
0 0.48083333333333333 0.265 0.0033333333333333335 0.018333333333333333
2 0.48583333333333334 0.75 0.050833333333333335 0.19333333333333333
0 0.1375 0.23333333333333334 0.006666666666666667 0.024166666666666666
4 0.15333333333333332 0.2633333333333333 0.005833333333333334 0.03666666666666667
0 0.6408333333333334 0.2966666666666667 0.004166666666666667 0.021666666666666667
2 0.05333333333333334 0.2025 0.004166666666666667 0.018333333333333333
2 0.12333333333333334 0.21083333333333334 0.004166666666666667 0.0175
4 0.1675 0.25083333333333335 0.005833333333333334 0.03166666666666667
2 0.10166666666666667 0.20333333333333334 0.0033333333333333335 0.015
1 0.16083333333333333 0.25416666666666665 0.010833333333333334 0.06333333333333334
2 0.13333333333333333 0.2275 0.005 0.024166666666666666
3 0.945 0.36833333333333335 0.005 0.0275
3 0.12666666666666668 0.20583333333333334 0.0025 0.013333333333333334