0 0.10833333333333334 0.455 0.018333333333333333 0.06416666666666666
0 0.16916666666666666 0.42083333333333334 0.013333333333333334 0.050833333333333335
4 0.6733333333333333 0.46416666666666667 0.019166666666666665 0.07416666666666667
0 0.8158333333333333 0.43416666666666665 0.016666666666666666 0.0575
0 0.08166666666666667 0.4141666666666667 0.013333333333333334 0.041666666666666664
0 0.6741666666666667 0.4033333333333333 0.010833333333333334 0.043333333333333335
0 0.6008333333333333 0.38083333333333336 0.009166666666666667 0.0325
4 0.4075 0.5508333333333333 0.030833333333333334 0.11333333333333333
4 0.5341666666666667 0.42333333333333334 0.013333333333333334 0.050833333333333335
4 0.3591666666666667 0.45166666666666666 0.020833333333333332 0.06666666666666667
0 0.575 0.36916666666666664 0.006666666666666667 0.025
4 0.3925 0.375 0.005833333333333334 0.024166666666666666
4 0.47333333333333333 0.3958333333333333 0.009166666666666667 0.03833333333333333
4 0.32916666666666666 0.3775 0.005833333333333334 0.025
4 0.4558333333333333 0.37916666666666665 0.0075 0.035
4 0.2966666666666667 0.3958333333333333 0.008333333333333333 0.035833333333333335
4 0.21333333333333335 0.39416666666666667 0.009166666666666667 0.0325
0 0.3675 0.37083333333333335 0.005 0.018333333333333333
4 0.345 0.41333333333333333 0.011666666666666667 0.04583333333333333
4 0.8816666666666667 0.5258333333333334 0.029166666666666667 0.10333333333333333