0 0.43666666666666665 0.2941666666666667 0.009166666666666667 0.03333333333333333
0 0.7083333333333334 0.3225 0.008333333333333333 0.03666666666666667
0 0.575 0.30583333333333335 0.008333333333333333 0.035
0 0.30333333333333334 0.2783333333333333 0.006666666666666667 0.030833333333333334
4 0.5408333333333334 0.33416666666666667 0.010833333333333334 0.04666666666666667
0 0.07333333333333333 0.24916666666666668 0.0075 0.028333333333333332
4 0.07 0.44916666666666666 0.041666666666666664 0.11916666666666667
4 0.4041666666666667 0.3225 0.010833333333333334 0.04416666666666667
4 0.8875 0.38 0.014166666666666666 0.050833333333333335
4 0.6825 0.3491666666666667 0.011666666666666667 0.0475
0 0.20166666666666666 0.2675 0.006666666666666667 0.028333333333333332
4 0.25 0.295 0.010833333333333334 0.03833333333333333
4 0.6491666666666667 0.7375 0.0625 0.21833333333333332
0 0.8908333333333334 0.3458333333333333 0.010833333333333334 0.03916666666666667
4 0.11 0.26916666666666667 0.011666666666666667 0.035833333333333335