0 0.09666666666666666 0.7716666666666666 0.09416666666666666 0.12916666666666668
0 0.16083333333333333 0.5433333333333333 0.011666666666666667 0.016666666666666666
0 0.30833333333333335 0.5516666666666666 0.015833333333333335 0.023333333333333334
0 0.3333333333333333 0.5291666666666667 0.008333333333333333 0.0125
0 0.3275 0.5233333333333333 0.006666666666666667 0.010833333333333334
0 0.345 0.5183333333333333 0.006666666666666667 0.009166666666666667
0 0.37583333333333335 0.515 0.005 0.0075
0 0.3908333333333333 0.5308333333333334 0.009166666666666667 0.014166666666666666
0 0.455 0.5375 0.011666666666666667 0.018333333333333333
0 0.435 0.5125 0.004166666666666667 0.0075
0 0.4841666666666667 0.5108333333333334 0.004166666666666667 0.0075
0 0.5058333333333334 0.5233333333333333 0.0075 0.0125
0 0.5216666666666666 0.5108333333333334 0.005 0.008333333333333333
0 0.5508333333333333 0.5116666666666667 0.005 0.008333333333333333
0 0.5825 0.5125 0.005833333333333334 0.008333333333333333
0 0.6783333333333333 0.5183333333333333 0.006666666666666667 0.011666666666666667
0 0.69 0.5316666666666666 0.011666666666666667 0.0175
0 0.7183333333333334 0.545 0.015833333333333335 0.024166666666666666
0 0.79 0.5225 0.01 0.015833333333333335
0 0.5975 0.5791666666666667 0.025833333333333333 0.0375
0 0.5225 0.5458333333333333 0.015 0.0225
0 0.4116666666666667 0.6075 0.03333333333333333 0.0475
0 0.2675 0.5916666666666667 0.029166666666666667 0.03916666666666667
4 0.13416666666666666 0.6625 0.059166666666666666 0.0725
4 0.165 0.5358333333333334 0.010833333333333334 0.013333333333333334
4 0.26166666666666666 0.5266666666666666 0.008333333333333333 0.011666666666666667
4 0.3925 0.52 0.0075 0.010833333333333334
4 0.4116666666666667 0.5316666666666666 0.01 0.015833333333333335
4 0.5091666666666667 0.52 0.0075 0.010833333333333334
4 0.6 0.5191666666666667 0.008333333333333333 0.0125
4 0.6441666666666667 0.5216666666666666 0.009166666666666667 0.013333333333333334
4 0.8516666666666667 0.57 0.0275 0.03833333333333333
4 0.9316666666666666 0.5358333333333334 0.0175 0.023333333333333334
4 0.27416666666666667 0.5658333333333333 0.02 0.029166666666666667
4 0.3075 0.6991666666666667 0.06333333333333334 0.09083333333333334
2 0.10666666666666667 0.5975 0.034166666666666665 0.04083333333333333
2 0.11083333333333334 0.5583333333333333 0.0175 0.0225
2 0.23916666666666667 0.5391666666666667 0.010833333333333334 0.016666666666666666
2 0.26166666666666666 0.5291666666666667 0.008333333333333333 0.011666666666666667
2 0.37166666666666665 0.5225 0.006666666666666667 0.010833333333333334
2 0.42333333333333334 0.555 0.015 0.024166666666666666
2 0.4475 0.5191666666666667 0.006666666666666667 0.01
2 0.4866666666666667 0.5283333333333333 0.008333333333333333 0.015
2 0.795 0.7866666666666666 0.0825 0.13833333333333334
2 0.6891666666666667 0.6325 0.03833333333333333 0.060833333333333336
2 0.5816666666666667 0.57 0.023333333333333334 0.034166666666666665
2 0.5266666666666666 0.5341666666666667 0.0125 0.0175