0 0.8658333333333333 0.3125 0.0175 0.06833333333333333
0 0.4266666666666667 0.36333333333333334 0.015 0.06416666666666666
0 0.1525 0.3575 0.010833333333333334 0.041666666666666664
4 0.8025 0.39166666666666666 0.029166666666666667 0.1
1 0.4975 0.29333333333333333 0.015833333333333335 0.07083333333333333
1 0.45916666666666667 0.29333333333333333 0.016666666666666666 0.0675
4 0.47583333333333333 0.30666666666666664 0.010833333333333334 0.043333333333333335
0 0.4716666666666667 0.4475 0.030833333333333334 0.1075
4 0.060833333333333336 0.35583333333333333 0.009166666666666667 0.035
0 0.2625 0.345 0.010833333333333334 0.04416666666666667
4 0.5941666666666666 0.3025 0.011666666666666667 0.049166666666666664
4 0.4025 0.28833333333333333 0.006666666666666667 0.03166666666666667
4 0.42583333333333334 0.2758333333333333 0.006666666666666667 0.0275
0 0.30333333333333334 0.3025 0.005833333333333334 0.029166666666666667
4 0.20166666666666666 0.33 0.0075 0.03333333333333333
2 0.13083333333333333 0.32083333333333336 0.005 0.025
1 0.3383333333333333 0.33 0.02 0.08166666666666667
0 0.365 0.715 0.06166666666666667 0.22583333333333333
4 0.8575 0.26 0.0125 0.04416666666666667
4 0.9025 0.24 0.010833333333333334 0.03916666666666667
4 0.41333333333333333 0.3 0.009166666666666667 0.03666666666666667
0 0.3566666666666667 0.3458333333333333 0.0125 0.05333333333333334
4 0.74 0.285 0.011666666666666667 0.05
4 0.89 0.22666666666666666 0.008333333333333333 0.03333333333333333
2 0.27 0.3025 0.005 0.025833333333333333
1 0.375 0.3325 0.021666666666666667 0.08666666666666667
0 0.3491666666666667 0.2833333333333333 0.005833333333333334 0.025
2 0.175 0.3258333333333333 0.0075 0.030833333333333334
0 0.9325 0.20833333333333334 0.008333333333333333 0.0275
0 0.8391666666666666 0.20916666666666667 0.005833333333333334 0.0225
4 0.7891666666666667 0.22083333333333333 0.005833333333333334 0.025833333333333333
0 0.75 0.215 0.005 0.019166666666666665
4 0.7241666666666666 0.22333333333333333 0.005 0.0225
4 0.6591666666666667 0.23 0.005 0.0225
0 0.665 0.2225 0.004166666666666667 0.019166666666666665
4 0.5266666666666666 0.24916666666666668 0.005 0.0225
4 0.5925 0.23833333333333334 0.004166666666666667 0.021666666666666667
0 0.5791666666666667 0.23416666666666666 0.004166666666666667 0.018333333333333333
2 0.1425 0.3 0.004166666666666667 0.0175
2 0.17416666666666666 0.3 0.004166666666666667 0.019166666666666665
2 0.215 0.30083333333333334 0.004166666666666667 0.021666666666666667
2 0.1225 0.30416666666666664 0.0033333333333333335 0.018333333333333333
2 0.09833333333333333 0.31666666666666665 0.005 0.0225
2 0.07333333333333333 0.315 0.0033333333333333335 0.0175
0 0.415 0.265 0.004166666666666667 0.020833333333333332
4 0.4691666666666667 0.26166666666666666 0.005833333333333334 0.024166666666666666
0 0.49416666666666664 0.24833333333333332 0.0033333333333333335 0.020833333333333332