0 0.35583333333333333 0.3541666666666667 0.015 0.056666666666666664
0 0.2575 0.35083333333333333 0.0125 0.050833333333333335
0 0.14166666666666666 0.3616666666666667 0.0125 0.04666666666666667
4 0.6191666666666666 0.32166666666666666 0.015 0.060833333333333336
4 0.85 0.405 0.0275 0.11
0 0.48583333333333334 0.4775 0.0275 0.12166666666666667
4 0.4891666666666667 0.3075 0.015 0.0475
0 0.42916666666666664 0.3775 0.019166666666666665 0.0725
4 0.35083333333333333 0.31166666666666665 0.01 0.03916666666666667
4 0.21083333333333334 0.32916666666666666 0.010833333333333334 0.03666666666666667
4 0.05333333333333334 0.3566666666666667 0.0075 0.03833333333333333