4 0.5733333333333334 0.3875 0.016666666666666666 0.06416666666666666
0 0.26666666666666666 0.36 0.023333333333333334 0.075
0 0.12916666666666668 0.24583333333333332 0.009166666666666667 0.035
1 0.5125 0.39416666666666667 0.020833333333333332 0.12416666666666666
0 0.8466666666666667 0.38416666666666666 0.008333333333333333 0.03833333333333333
0 0.7016666666666667 0.3566666666666667 0.009166666666666667 0.035833333333333335
0 0.215 0.26166666666666666 0.008333333333333333 0.035
0 0.09 0.39 0.0325 0.1025
0 0.32916666666666666 0.30416666666666664 0.01 0.0425
0 0.3358333333333333 0.32916666666666666 0.014166666666666666 0.056666666666666664
4 0.7708333333333334 0.3908333333333333 0.0125 0.04416666666666667
4 0.8966666666666666 0.41333333333333333 0.015 0.04583333333333333
0 0.5775 0.3408333333333333 0.0075 0.04
4 0.6658333333333334 0.38083333333333336 0.015 0.05333333333333334
2 0.5125 0.2966666666666667 0.005833333333333334 0.025833333333333333
4 0.4716666666666667 0.5491666666666667 0.034166666666666665 0.1425
1 0.28833333333333333 0.3333333333333333 0.0275 0.1075
2 0.475 0.30666666666666664 0.008333333333333333 0.0325
4 0.3775 0.285 0.006666666666666667 0.035
1 0.23916666666666667 0.345 0.03166666666666667 0.125
4 0.4508333333333333 0.31416666666666665 0.008333333333333333 0.03916666666666667
4 0.17333333333333334 0.23833333333333334 0.006666666666666667 0.029166666666666667
2 0.5366666666666666 0.29 0.005833333333333334 0.019166666666666665
1 0.49083333333333334 0.4175 0.0275 0.14333333333333334
0 0.2841666666666667 0.2833333333333333 0.008333333333333333 0.030833333333333334
4 0.2808333333333333 0.26166666666666666 0.006666666666666667 0.0275
2 0.5541666666666667 0.285 0.005 0.020833333333333332
2 0.5858333333333333 0.33166666666666667 0.008333333333333333 0.0325
2 0.61 0.305 0.004166666666666667 0.025
2 0.5966666666666667 0.2941666666666667 0.004166666666666667 0.019166666666666665
2 0.575 0.29 0.004166666666666667 0.019166666666666665
2 0.6008333333333333 0.31416666666666665 0.005 0.025833333333333333
4 0.5016666666666667 0.425 0.0125 0.08916666666666667
2 0.615 0.2966666666666667 0.004166666666666667 0.019166666666666665