0 0.43416666666666665 0.4008333333333333 0.01 0.03916666666666667
4 0.15 0.47 0.020833333333333332 0.07916666666666666
4 0.15916666666666668 0.385 0.010833333333333334 0.035833333333333335
4 0.22166666666666668 0.4008333333333333 0.010833333333333334 0.043333333333333335
0 0.8175 0.42916666666666664 0.015 0.0525
0 0.6025 0.415 0.011666666666666667 0.04666666666666667
4 0.07166666666666667 0.42583333333333334 0.0175 0.056666666666666664
4 0.66 0.4625 0.016666666666666666 0.06666666666666667
4 0.5925 0.5983333333333334 0.034166666666666665 0.13583333333333333
0 0.33416666666666667 0.385 0.01 0.035833333333333335
4 0.058333333333333334 0.37333333333333335 0.0075 0.029166666666666667
0 0.1225 0.3641666666666667 0.006666666666666667 0.024166666666666666
4 0.3308333333333333 0.42 0.013333333333333334 0.050833333333333335
0 0.24916666666666668 0.36333333333333334 0.005833333333333334 0.024166666666666666
0 0.27416666666666667 0.37083333333333335 0.006666666666666667 0.029166666666666667
4 0.8566666666666667 0.5075 0.023333333333333334 0.08666666666666667
4 0.135 0.37416666666666665 0.0075 0.03166666666666667
4 0.13 0.37 0.005 0.0275
4 0.325 0.5166666666666667 0.028333333333333332 0.09916666666666667
4 0.4533333333333333 0.44 0.016666666666666666 0.058333333333333334