4 0.13916666666666666 0.24166666666666667 0.006666666666666667 0.025
4 0.17833333333333334 0.2791666666666667 0.01 0.03833333333333333
4 0.22083333333333333 0.31666666666666665 0.014166666666666666 0.050833333333333335
4 0.1275 0.23166666666666666 0.005833333333333334 0.020833333333333332
4 0.31166666666666665 0.4008333333333333 0.021666666666666667 0.0825
2 0.25583333333333336 0.26166666666666666 0.006666666666666667 0.0275
4 0.155 0.25583333333333336 0.0075 0.029166666666666667
4 0.11333333333333333 0.21833333333333332 0.005 0.015
4 0.10416666666666667 0.21 0.0025 0.011666666666666667
2 0.23333333333333334 0.23833333333333334 0.0033333333333333335 0.016666666666666666
4 0.12 0.22416666666666665 0.005 0.018333333333333333
4 0.10083333333333333 0.20833333333333334 0.0025 0.011666666666666667
1 0.6025 0.6091666666666666 0.07 0.2925
1 0.7233333333333334 0.6866666666666666 0.08416666666666667 0.32083333333333336
4 0.6533333333333333 0.705 0.056666666666666664 0.20333333333333334
4 0.10833333333333334 0.21333333333333335 0.004166666666666667 0.014166666666666666