0 0.545 0.475 0.019166666666666665 0.07416666666666667
0 0.24833333333333332 0.4066666666666667 0.010833333333333334 0.043333333333333335
0 0.375 0.5541666666666667 0.02666666666666667 0.11333333333333333
0 0.6866666666666666 0.43666666666666665 0.013333333333333334 0.05416666666666667
0 0.10666666666666667 0.42 0.014166666666666666 0.05333333333333334
4 0.08666666666666667 0.395 0.01 0.0425
0 0.4116666666666667 0.3825 0.0075 0.030833333333333334
4 0.31833333333333336 0.3616666666666667 0.005833333333333334 0.024166666666666666
0 0.8016666666666666 0.42916666666666664 0.0125 0.04666666666666667
4 0.20416666666666666 0.38666666666666666 0.008333333333333333 0.035
0 0.4483333333333333 0.3725 0.005833333333333334 0.0275
0 0.35083333333333333 0.39416666666666667 0.008333333333333333 0.03833333333333333
4 0.31166666666666665 0.37416666666666665 0.005833333333333334 0.030833333333333334
0 0.365 0.35583333333333333 0.005 0.019166666666666665
0 0.13166666666666665 0.3458333333333333 0.005833333333333334 0.021666666666666667
4 0.195 0.3516666666666667 0.005 0.0225
0 0.20583333333333334 0.3458333333333333 0.005 0.021666666666666667
0 0.93 0.43333333333333335 0.008333333333333333 0.03666666666666667
4 0.7891666666666667 0.6225 0.043333333333333335 0.14
4 0.33916666666666667 0.36833333333333335 0.005833333333333334 0.024166666666666666
0 0.2658333333333333 0.3475 0.0025 0.020833333333333332
0 0.31666666666666665 0.35083333333333333 0.0025 0.021666666666666667
0 0.4191666666666667 0.36333333333333334 0.005 0.024166666666666666
2 0.5908333333333333 0.35 0.0033333333333333335 0.015
4 0.4841666666666667 0.32916666666666666 0.0025 0.010833333333333334
2 0.6125 0.3525 0.0033333333333333335 0.013333333333333334
4 0.8566666666666667 0.5208333333333334 0.029166666666666667 0.09
4 0.12333333333333334 0.3566666666666667 0.0075 0.0275
4 0.2633333333333333 0.3541666666666667 0.005833333333333334 0.024166666666666666
2 0.38333333333333336 0.33416666666666667 0.0033333333333333335 0.011666666666666667
2 0.43083333333333335 0.33666666666666667 0.0033333333333333335 0.013333333333333334
2 0.455 0.33666666666666667 0.0025 0.013333333333333334
2 0.4075 0.335 0.0025 0.011666666666666667
4 0.4716666666666667 0.33166666666666667 0.0025 0.010833333333333334
2 0.3575 0.3325 0.0025 0.013333333333333334
2 0.35083333333333333 0.3258333333333333 0.0025 0.011666666666666667