0 0.8408333333333333 0.44416666666666665 0.030833333333333334 0.12916666666666668
3 0.9366666666666666 0.18166666666666667 0.0025 0.015
3 0.8825 0.18333333333333332 0.0025 0.013333333333333334
3 0.5558333333333333 0.2175 0.004166666666666667 0.019166666666666665
3 0.8608333333333333 0.18 0.0016666666666666668 0.011666666666666667
3 0.48083333333333333 0.19916666666666666 0.0016666666666666668 0.01
3 0.6525 0.20666666666666667 0.0033333333333333335 0.016666666666666666
3 0.77 0.2025 0.004166666666666667 0.018333333333333333
3 0.9341666666666667 0.17666666666666667 0.0016666666666666668 0.014166666666666666
3 0.7933333333333333 0.1875 0.0025 0.016666666666666666
3 0.7733333333333333 0.18416666666666667 0.0016666666666666668 0.011666666666666667
3 0.7741666666666667 0.19583333333333333 0.0025 0.013333333333333334
3 0.7566666666666667 0.18 0.0016666666666666668 0.014166666666666666
3 0.755 0.19333333333333333 0.0025 0.011666666666666667
3 0.6866666666666666 0.19166666666666668 0.0025 0.014166666666666666
3 0.6933333333333334 0.2 0.004166666666666667 0.015
3 0.6825 0.2025 0.0033333333333333335 0.0175
3 0.6741666666666667 0.21333333333333335 0.005 0.021666666666666667
3 0.6383333333333333 0.18 0.0016666666666666668 0.0075
3 0.6325 0.185 0.0008333333333333334 0.008333333333333333
3 0.615 0.18333333333333332 0.0016666666666666668 0.008333333333333333
3 0.5991666666666666 0.1825 0.0016666666666666668 0.008333333333333333
3 0.5983333333333334 0.20666666666666667 0.0025 0.016666666666666666
3 0.595 0.18833333333333332 0.0016666666666666668 0.010833333333333334
3 0.5758333333333333 0.19166666666666668 0.0016666666666666668 0.01
3 0.5425 0.205 0.0025 0.011666666666666667
3 0.5433333333333333 0.19083333333333333 0.0016666666666666668 0.01
3 0.54 0.19333333333333333 0.0025 0.010833333333333334
3 0.5291666666666667 0.18666666666666668 0.0016666666666666668 0.006666666666666667
3 0.5266666666666666 0.185 0.0008333333333333334 0.0075
3 0.5108333333333334 0.19583333333333333 0.0025 0.01
3 0.4675 0.19 0.0008333333333333334 0.0075
3 0.47333333333333333 0.20166666666666666 0.0025 0.011666666666666667
3 0.4741666666666667 0.21333333333333335 0.0033333333333333335 0.014166666666666666
3 0.48583333333333334 0.20416666666666666 0.0025 0.010833333333333334
3 0.4866666666666667 0.19583333333333333 0.0016666666666666668 0.01
3 0.49916666666666665 0.18666666666666668 0.0016666666666666668 0.008333333333333333
3 0.44666666666666666 0.19166666666666668 0.0016666666666666668 0.0075
3 0.43666666666666665 0.19083333333333333 0.0016666666666666668 0.0075
3 0.4375 0.2025 0.0016666666666666668 0.01
3 0.42916666666666664 0.21 0.0025 0.011666666666666667
3 0.42 0.19416666666666665 0.0016666666666666668 0.006666666666666667
3 0.4141666666666667 0.20833333333333334 0.0016666666666666668 0.01
3 0.4083333333333333 0.19333333333333333 0.0016666666666666668 0.006666666666666667
3 0.35833333333333334 0.19083333333333333 0.0016666666666666668 0.005833333333333334
0 0.33666666666666667 0.7666666666666667 0.0325 0.16166666666666665
3 0.6308333333333334 0.185 0.0008333333333333334 0.010833333333333334
3 0.59 0.18166666666666667 0.0008333333333333334 0.006666666666666667
3 0.5733333333333334 0.18333333333333332 0.0008333333333333334 0.006666666666666667
3 0.48583333333333334 0.19 0.0008333333333333334 0.006666666666666667
3 0.44083333333333335 0.18833333333333332 0.0008333333333333334 0.006666666666666667
3 0.4058333333333333 0.19333333333333333 0.0008333333333333334 0.005833333333333334
3 0.415 0.19166666666666668 0.0008333333333333334 0.005833333333333334