4 0.6808333333333333 0.5158333333333334 0.030833333333333334 0.09916666666666667
0 0.39916666666666667 0.48583333333333334 0.025833333333333333 0.08916666666666667
0 0.5025 0.43166666666666664 0.0175 0.060833333333333336
4 0.82 0.7083333333333334 0.050833333333333335 0.1925
0 0.2875 0.4041666666666667 0.014166666666666666 0.0525
0 0.46166666666666667 0.38666666666666666 0.010833333333333334 0.043333333333333335
4 0.7341666666666666 0.44166666666666665 0.0175 0.06416666666666666
0 0.095 0.43583333333333335 0.0225 0.06916666666666667
0 0.485 0.33 0.005 0.020833333333333332
0 0.6275 0.3958333333333333 0.013333333333333334 0.0475
4 0.7375 0.36333333333333334 0.0075 0.03166666666666667
0 0.5241666666666667 0.36666666666666664 0.008333333333333333 0.03333333333333333
4 0.7808333333333334 0.4025 0.011666666666666667 0.04666666666666667
4 0.6725 0.31333333333333335 0.0033333333333333335 0.011666666666666667
4 0.3908333333333333 0.3566666666666667 0.008333333333333333 0.0325
0 0.6441666666666667 0.3725 0.009166666666666667 0.035833333333333335
4 0.7541666666666667 0.37666666666666665 0.01 0.03833333333333333
4 0.7225 0.35083333333333333 0.005833333333333334 0.025
0 0.6441666666666667 0.32916666666666666 0.0025 0.020833333333333332
0 0.49083333333333334 0.3375 0.006666666666666667 0.0225
4 0.5908333333333333 0.3075 0.0025 0.013333333333333334
0 0.5358333333333334 0.3491666666666667 0.006666666666666667 0.028333333333333332
0 0.5758333333333333 0.3258333333333333 0.004166666666666667 0.019166666666666665
4 0.7108333333333333 0.3408333333333333 0.005833333333333334 0.0225
0 0.5716666666666667 0.31166666666666665 0.004166666666666667 0.013333333333333334
0 0.59 0.31916666666666665 0.0033333333333333335 0.013333333333333334
4 0.4041666666666667 0.3383333333333333 0.006666666666666667 0.0275
4 0.7008333333333333 0.3333333333333333 0.005 0.019166666666666665
4 0.4975 0.32 0.004166666666666667 0.016666666666666666
4 0.6308333333333334 0.31 0.0025 0.010833333333333334
4 0.6958333333333333 0.3275 0.004166666666666667 0.016666666666666666
4 0.3908333333333333 0.32 0.004166666666666667 0.020833333333333332
4 0.395 0.32666666666666666 0.005833333333333334 0.0225
0 0.5233333333333333 0.3275 0.005 0.019166666666666665
0 0.6108333333333333 0.31166666666666665 0.0033333333333333335 0.011666666666666667
4 0.6883333333333334 0.32 0.0025 0.014166666666666666
4 0.6858333333333333 0.31666666666666665 0.0025 0.014166666666666666
4 0.5533333333333333 0.30666666666666664 0.0025 0.011666666666666667
4 0.295 0.36833333333333335 0.010833333333333334 0.03916666666666667
0 0.265 0.6525 0.050833333333333335 0.165
4 0.12416666666666666 0.37916666666666665 0.015 0.04666666666666667
4 0.45 0.32 0.005 0.018333333333333333
0 0.6483333333333333 0.3383333333333333 0.004166666666666667 0.018333333333333333
0 0.6458333333333334 0.35833333333333334 0.004166666666666667 0.030833333333333334
0 0.6466666666666666 0.35083333333333333 0.0033333333333333335 0.019166666666666665
0 0.5933333333333334 0.32416666666666666 0.0033333333333333335 0.016666666666666666
4 0.5275 0.31833333333333336 0.0033333333333333335 0.016666666666666666
4 0.5258333333333334 0.31 0.0025 0.015
4 0.53 0.315 0.0025 0.014166666666666666
0 0.5758333333333333 0.315 0.0033333333333333335 0.014166666666666666
0 0.585 0.31083333333333335 0.0033333333333333335 0.013333333333333334
0 0.6333333333333333 0.3125 0.0025 0.011666666666666667
4 0.6916666666666667 0.3225 0.0033333333333333335 0.015
0 0.6475 0.3258333333333333 0.0025 0.015
0 0.645 0.315 0.0025 0.010833333333333334