0 0.2225 0.5866666666666667 0.05416666666666667 0.10666666666666667
0 0.3725 0.48 0.023333333333333334 0.04833333333333333
0 0.3725 0.44416666666666665 0.018333333333333333 0.0425
0 0.3925 0.4275 0.014166666666666666 0.035833333333333335
0 0.315 0.41333333333333333 0.013333333333333334 0.03166666666666667
0 0.2975 0.40166666666666667 0.009166666666666667 0.0225
0 0.3575 0.3925 0.006666666666666667 0.02
0 0.41 0.3858333333333333 0.006666666666666667 0.018333333333333333
0 0.5025 0.37833333333333335 0.006666666666666667 0.015
0 0.47833333333333333 0.3825 0.008333333333333333 0.016666666666666666
0 0.6283333333333333 0.37 0.005 0.011666666666666667
0 0.6791666666666667 0.37166666666666665 0.004166666666666667 0.01
4 0.9083333333333333 0.5425 0.03333333333333333 0.08666666666666667
4 0.7425 0.4666666666666667 0.0225 0.05
4 0.8508333333333333 0.43 0.014166666666666666 0.035
4 0.8041666666666667 0.41 0.010833333333333334 0.0275
4 0.8091666666666667 0.4008333333333333 0.009166666666666667 0.025
4 0.7791666666666667 0.39416666666666667 0.01 0.021666666666666667
4 0.6308333333333334 0.43166666666666664 0.016666666666666666 0.035833333333333335
4 0.5591666666666667 0.41583333333333333 0.0125 0.030833333333333334
4 0.5291666666666667 0.4066666666666667 0.009166666666666667 0.025833333333333333
4 0.5275 0.39666666666666667 0.0075 0.019166666666666665
4 0.57 0.39166666666666666 0.009166666666666667 0.02
4 0.5983333333333334 0.3883333333333333 0.006666666666666667 0.0175
4 0.6075 0.38416666666666666 0.006666666666666667 0.0175
4 0.6108333333333333 0.38 0.005 0.016666666666666666
4 0.565 0.37333333333333335 0.005833333333333334 0.013333333333333334
4 0.7216666666666667 0.38666666666666666 0.008333333333333333 0.016666666666666666
4 0.6916666666666667 0.38166666666666665 0.0075 0.015833333333333335
4 0.6675 0.37833333333333335 0.005833333333333334 0.013333333333333334
4 0.6591666666666667 0.37666666666666665 0.005833333333333334 0.015
4 0.6433333333333333 0.37583333333333335 0.006666666666666667 0.015833333333333335
4 0.6183333333333333 0.3775 0.005833333333333334 0.013333333333333334
4 0.615 0.3725 0.005 0.014166666666666666