0 0.5141666666666667 0.41 0.0075 0.03833333333333333
4 0.6666666666666666 0.4141666666666667 0.008333333333333333 0.03916666666666667
4 0.7833333333333333 0.49916666666666665 0.019166666666666665 0.0725
4 0.865 0.6425 0.03333333333333333 0.13666666666666666
0 0.52 0.44166666666666665 0.011666666666666667 0.0525
0 0.51 0.5041666666666667 0.02 0.08333333333333333
0 0.6991666666666667 0.375 0.005833333333333334 0.019166666666666665
0 0.5933333333333334 0.37416666666666665 0.005833333333333334 0.021666666666666667
0 0.645 0.3725 0.005 0.016666666666666666
4 0.7358333333333333 0.385 0.004166666666666667 0.0225
4 0.9091666666666667 0.415 0.009166666666666667 0.03333333333333333
0 0.8716666666666667 0.38166666666666665 0.005833333333333334 0.019166666666666665
0 0.27416666666666667 0.69 0.05416666666666667 0.17833333333333334
4 0.7108333333333333 0.43833333333333335 0.013333333333333334 0.04666666666666667
4 0.8591666666666666 0.3958333333333333 0.006666666666666667 0.028333333333333332
0 0.49833333333333335 0.38166666666666665 0.005 0.024166666666666666
0 0.9391666666666667 0.3933333333333333 0.005833333333333334 0.024166666666666666
4 0.6266666666666667 0.3975 0.005 0.030833333333333334
4 0.6141666666666666 0.38333333333333336 0.005833333333333334 0.025833333333333333
0 0.5425 0.37583333333333335 0.005 0.020833333333333332
0 0.5033333333333333 0.39666666666666667 0.0075 0.0325
4 0.5225 0.3433333333333333 0.0025 0.008333333333333333
4 0.8016666666666666 0.38916666666666666 0.005833333333333334 0.024166666666666666
2 0.5041666666666667 0.3516666666666667 0.004166666666666667 0.011666666666666667
2 0.725 0.3566666666666667 0.0025 0.013333333333333334
2 0.5266666666666666 0.3516666666666667 0.0025 0.011666666666666667
2 0.5458333333333333 0.3525 0.0033333333333333335 0.011666666666666667
2 0.5683333333333334 0.3516666666666667 0.0033333333333333335 0.014166666666666666
4 0.6691666666666667 0.38166666666666665 0.004166666666666667 0.0225
0 0.7683333333333333 0.3775 0.005 0.021666666666666667