4 0.8483333333333334 0.6933333333333334 0.055 0.17083333333333334
0 0.44666666666666666 0.49583333333333335 0.019166666666666665 0.07416666666666667
0 0.6925 0.42916666666666664 0.011666666666666667 0.0425
0 0.57 0.45416666666666666 0.014166666666666666 0.05583333333333333
0 0.7966666666666666 0.4216666666666667 0.01 0.03916666666666667
0 0.325 0.4125 0.01 0.035833333333333335
0 0.27416666666666667 0.5833333333333334 0.0375 0.12583333333333332
4 0.19166666666666668 0.4058333333333333 0.008333333333333333 0.0325
0 0.4083333333333333 0.4033333333333333 0.008333333333333333 0.0325
4 0.375 0.38 0.005 0.0225
0 0.415 0.37333333333333335 0.004166666666666667 0.020833333333333332
4 0.0575 0.3933333333333333 0.008333333333333333 0.03333333333333333
0 0.49166666666666664 0.385 0.006666666666666667 0.0225
0 0.46 0.39416666666666667 0.006666666666666667 0.025833333333333333
0 0.21833333333333332 0.42333333333333334 0.010833333333333334 0.04
4 0.07583333333333334 0.415 0.01 0.03833333333333333
4 0.2825 0.39916666666666667 0.0075 0.028333333333333332
0 0.2708333333333333 0.3675 0.004166666666666667 0.0175
4 0.26416666666666666 0.3725 0.005833333333333334 0.019166666666666665
4 0.37166666666666665 0.3908333333333333 0.005833333333333334 0.025
4 0.20416666666666666 0.37916666666666665 0.005833333333333334 0.0225
0 0.9141666666666667 0.4241666666666667 0.009166666666666667 0.035
0 0.13166666666666665 0.3725 0.005 0.021666666666666667
4 0.32416666666666666 0.375 0.005 0.019166666666666665
4 0.13416666666666666 0.38416666666666666 0.006666666666666667 0.0275
0 0.07666666666666666 0.3775 0.006666666666666667 0.025
4 0.4483333333333333 0.3458333333333333 0.0016666666666666668 0.008333333333333333
4 0.5258333333333334 0.3491666666666667 0.0016666666666666668 0.008333333333333333
4 0.39416666666666667 0.3858333333333333 0.005833333333333334 0.021666666666666667
2 0.45166666666666666 0.355 0.0025 0.011666666666666667
4 0.5116666666666667 0.3491666666666667 0.0025 0.01
0 0.4625 0.3475 0.0025 0.008333333333333333
0 0.46416666666666667 0.37833333333333335 0.005 0.019166666666666665
0 0.37166666666666665 0.36916666666666664 0.004166666666666667 0.0175
0 0.2075 0.36833333333333335 0.004166666666666667 0.019166666666666665
2 0.4575 0.3491666666666667 0.0025 0.01
2 0.47333333333333333 0.3566666666666667 0.0025 0.010833333333333334
2 0.49666666666666665 0.35583333333333333 0.0025 0.010833333333333334
2 0.6258333333333334 0.36333333333333334 0.004166666666666667 0.015
4 0.7216666666666667 0.5241666666666667 0.0275 0.0925
2 0.6466666666666666 0.365 0.0033333333333333335 0.015
4 0.8041666666666667 0.48 0.020833333333333332 0.06833333333333333