0 0.4083333333333333 0.3258333333333333 0.0125 0.05416666666666667
0 0.27416666666666667 0.32083333333333336 0.011666666666666667 0.04583333333333333
0 0.20583333333333334 0.31166666666666665 0.009166666666666667 0.035833333333333335
0 0.5391666666666667 0.5275 0.03666666666666667 0.15083333333333335
0 0.5716666666666667 0.35 0.020833333333333332 0.07166666666666667
4 0.665 0.29333333333333333 0.010833333333333334 0.043333333333333335
0 0.07666666666666666 0.28583333333333333 0.006666666666666667 0.024166666666666666
4 0.31666666666666665 0.2775 0.006666666666666667 0.028333333333333332
4 0.9108333333333334 0.22666666666666666 0.006666666666666667 0.0275
0 0.9483333333333334 0.22416666666666665 0.006666666666666667 0.0225
4 0.8408333333333333 0.3175 0.020833333333333332 0.065
0 0.8425 0.22416666666666665 0.005 0.021666666666666667
4 0.35833333333333334 0.285 0.0075 0.03333333333333333
4 0.7391666666666666 0.23 0.005 0.0225
0 0.2025 0.2816666666666667 0.005 0.025833333333333333
0 0.18666666666666668 0.2991666666666667 0.008333333333333333 0.03166666666666667
0 0.24833333333333332 0.2525 0.0033333333333333335 0.014166666666666666
4 0.30583333333333335 0.2683333333333333 0.005833333333333334 0.024166666666666666
4 0.42333333333333334 0.24583333333333332 0.004166666666666667 0.0175
4 0.4708333333333333 0.285 0.008333333333333333 0.03833333333333333
0 0.35 0.24583333333333332 0.004166666666666667 0.014166666666666666
0 0.5316666666666666 0.23333333333333334 0.004166666666666667 0.0175
4 0.8125 0.22916666666666666 0.005833333333333334 0.025
4 0.37416666666666665 0.24916666666666668 0.0033333333333333335 0.016666666666666666
4 0.6075 0.23583333333333334 0.005 0.019166666666666665
4 0.32666666666666666 0.25416666666666665 0.004166666666666667 0.016666666666666666
4 0.5508333333333333 0.23916666666666667 0.005 0.019166666666666665
4 0.4866666666666667 0.2425 0.005 0.019166666666666665
4 0.21166666666666667 0.25583333333333336 0.0033333333333333335 0.016666666666666666
4 0.6683333333333333 0.23166666666666666 0.005 0.019166666666666665
0 0.595 0.23 0.0025 0.016666666666666666
4 0.23166666666666666 0.2683333333333333 0.005 0.021666666666666667
4 0.27 0.25583333333333336 0.0033333333333333335 0.016666666666666666
0 0.745 0.22416666666666665 0.005 0.019166666666666665
0 0.4083333333333333 0.24 0.0033333333333333335 0.015
0 0.29583333333333334 0.25083333333333335 0.004166666666666667 0.014166666666666666
0 0.13333333333333333 0.26 0.0033333333333333335 0.013333333333333334
0 0.4608333333333333 0.2375 0.0033333333333333335 0.016666666666666666
4 0.0975 0.26666666666666666 0.004166666666666667 0.015
4 0.059166666666666666 0.26916666666666667 0.0033333333333333335 0.015
0 0.14583333333333334 0.2816666666666667 0.005833333333333334 0.024166666666666666
4 0.14333333333333334 0.2708333333333333 0.004166666666666667 0.020833333333333332
0 0.18833333333333332 0.25333333333333335 0.0033333333333333335 0.015
0 0.0875 0.2625 0.004166666666666667 0.014166666666666666