0 0.2875 0.3925 0.016666666666666666 0.0675
0 0.32916666666666666 0.49 0.028333333333333332 0.11416666666666667
0 0.3 0.3441666666666667 0.011666666666666667 0.05
0 0.3775 0.27416666666666667 0.006666666666666667 0.025833333333333333
0 0.22 0.28 0.005 0.0225
0 0.4091666666666667 0.2808333333333333 0.0075 0.03166666666666667
4 0.5341666666666667 0.2658333333333333 0.008333333333333333 0.03166666666666667
4 0.8108333333333333 0.2275 0.008333333333333333 0.028333333333333332
0 0.2775 0.27416666666666667 0.005 0.025
4 0.6425 0.3458333333333333 0.018333333333333333 0.06916666666666667
0 0.3358333333333333 0.315 0.010833333333333334 0.04
0 0.13583333333333333 0.2891666666666667 0.005833333333333334 0.024166666666666666
0 0.3258333333333333 0.27416666666666667 0.006666666666666667 0.025
0 0.89 0.21333333333333335 0.006666666666666667 0.025833333333333333
4 0.5133333333333333 0.285 0.009166666666666667 0.04
4 0.475 0.25666666666666665 0.005833333333333334 0.0275
4 0.91 0.225 0.01 0.0325
4 0.6133333333333333 0.235 0.005 0.020833333333333332
4 0.7266666666666667 0.22833333333333333 0.006666666666666667 0.024166666666666666
0 0.7866666666666666 0.21666666666666667 0.005 0.024166666666666666
4 0.5125 0.31833333333333336 0.0125 0.05
0 0.6516666666666666 0.2225 0.005 0.015
0 0.72 0.21833333333333332 0.006666666666666667 0.019166666666666665
4 0.27 0.25333333333333335 0.0025 0.015
4 0.21583333333333332 0.26 0.0025 0.010833333333333334
0 0.595 0.2275 0.0033333333333333335 0.0175
4 0.4041666666666667 0.25666666666666665 0.0033333333333333335 0.021666666666666667
0 0.49416666666666664 0.22833333333333333 0.0033333333333333335 0.013333333333333334
0 0.55 0.22916666666666666 0.004166666666666667 0.015
4 0.38166666666666665 0.24416666666666667 0.0033333333333333335 0.015
0 0.17416666666666666 0.2608333333333333 0.0033333333333333335 0.013333333333333334
4 0.6666666666666666 0.23166666666666666 0.005833333333333334 0.024166666666666666
4 0.35083333333333333 0.245 0.004166666666666667 0.016666666666666666
4 0.14833333333333334 0.2783333333333333 0.005833333333333334 0.021666666666666667
4 0.505 0.2325 0.0025 0.015
0 0.12416666666666666 0.2675 0.0025 0.013333333333333334
4 0.05416666666666667 0.2916666666666667 0.005 0.021666666666666667
4 0.16166666666666665 0.26666666666666666 0.0033333333333333335 0.014166666666666666
4 0.4083333333333333 0.24166666666666667 0.0025 0.013333333333333334
4 0.5591666666666667 0.235 0.0033333333333333335 0.018333333333333333
0 0.060833333333333336 0.2775 0.0033333333333333335 0.014166666666666666
4 0.3175 0.2475 0.0033333333333333335 0.013333333333333334
4 0.11166666666666666 0.2733333333333333 0.0025 0.014166666666666666
4 0.2425 0.2683333333333333 0.005833333333333334 0.020833333333333332
4 0.32666666666666666 0.25916666666666666 0.0033333333333333335 0.020833333333333332
0 0.25916666666666666 0.25083333333333335 0.0033333333333333335 0.011666666666666667
0 0.32916666666666666 0.24166666666666667 0.0025 0.011666666666666667
0 0.22833333333333333 0.25416666666666665 0.0025 0.013333333333333334
4 0.44666666666666666 0.23583333333333334 0.0025 0.015
0 0.41333333333333333 0.235 0.0025 0.014166666666666666
0 0.2891666666666667 0.24666666666666667 0.0025 0.013333333333333334