0 0.9241666666666667 0.39416666666666667 0.0375 0.10666666666666667
0 0.5383333333333333 0.5558333333333333 0.04833333333333333 0.17583333333333334
3 0.5733333333333334 0.20916666666666667 0.0033333333333333335 0.018333333333333333
3 0.5008333333333334 0.20583333333333334 0.0033333333333333335 0.015
3 0.5833333333333334 0.21583333333333332 0.004166666666666667 0.018333333333333333
3 0.175 0.22916666666666666 0.0025 0.010833333333333334
3 0.49 0.21916666666666668 0.0033333333333333335 0.019166666666666665
3 0.4875 0.215 0.0025 0.0175
3 0.4525 0.2125 0.0025 0.016666666666666666
3 0.45 0.2125 0.0025 0.016666666666666666
3 0.4125 0.20916666666666667 0.0025 0.014166666666666666
3 0.3358333333333333 0.21666666666666667 0.0025 0.014166666666666666
3 0.2975 0.21666666666666667 0.0025 0.011666666666666667
3 0.29083333333333333 0.21666666666666667 0.0016666666666666668 0.011666666666666667
3 0.29333333333333333 0.20916666666666667 0.0016666666666666668 0.011666666666666667
3 0.2816666666666667 0.21833333333333332 0.0025 0.010833333333333334
3 0.2775 0.215 0.0016666666666666668 0.01
3 0.2816666666666667 0.20666666666666667 0.0016666666666666668 0.008333333333333333
3 0.2733333333333333 0.21916666666666668 0.0025 0.013333333333333334
3 0.2658333333333333 0.22166666666666668 0.0025 0.013333333333333334
3 0.26416666666666666 0.22083333333333333 0.0025 0.010833333333333334
3 0.255 0.22166666666666668 0.0025 0.013333333333333334
3 0.25333333333333335 0.22 0.0016666666666666668 0.01
3 0.21083333333333334 0.22166666666666668 0.0016666666666666668 0.008333333333333333
3 0.19166666666666668 0.23416666666666666 0.0025 0.014166666666666666
3 0.16833333333333333 0.23416666666666666 0.0025 0.011666666666666667