0 0.19083333333333333 0.5558333333333333 0.03916666666666667 0.08833333333333333
0 0.32666666666666666 0.4683333333333333 0.0225 0.050833333333333335
0 0.42916666666666664 0.42833333333333334 0.015833333333333335 0.035833333333333335
0 0.5391666666666667 0.3925 0.010833333333333334 0.025
0 0.5925 0.37583333333333335 0.008333333333333333 0.019166666666666665
0 0.6258333333333334 0.365 0.006666666666666667 0.016666666666666666
0 0.64 0.36 0.006666666666666667 0.016666666666666666
0 0.6508333333333334 0.3566666666666667 0.005833333333333334 0.014166666666666666
0 0.6616666666666666 0.35333333333333333 0.005833333333333334 0.013333333333333334
0 0.6708333333333333 0.35083333333333333 0.005 0.010833333333333334
0 0.7033333333333334 0.3491666666666667 0.005 0.011666666666666667
0 0.9233333333333333 0.3475 0.0025 0.011666666666666667
4 0.7466666666666667 0.5766666666666667 0.05333333333333334 0.10833333333333334
4 0.6516666666666666 0.47 0.030833333333333334 0.06
4 0.625 0.4241666666666667 0.016666666666666666 0.04083333333333333
4 0.6766666666666666 0.39 0.011666666666666667 0.0275
4 0.7008333333333333 0.37333333333333335 0.009166666666666667 0.021666666666666667
4 0.7133333333333334 0.36333333333333334 0.006666666666666667 0.018333333333333333
4 0.7208333333333333 0.3575 0.005833333333333334 0.016666666666666666
4 0.7275 0.3541666666666667 0.005 0.015833333333333335
4 0.7316666666666667 0.35083333333333333 0.004166666666666667 0.013333333333333334
4 0.7458333333333333 0.35 0.004166666666666667 0.015
4 0.7716666666666666 0.3491666666666667 0.005 0.011666666666666667
4 0.7975 0.35 0.004166666666666667 0.013333333333333334
4 0.8283333333333334 0.3491666666666667 0.005833333333333334 0.014166666666666666
4 0.8541666666666666 0.35083333333333333 0.005833333333333334 0.015833333333333335
4 0.9058333333333334 0.35 0.006666666666666667 0.016666666666666666