0 0.26416666666666666 0.36 0.020833333333333332 0.07166666666666667
0 0.4266666666666667 0.34 0.0125 0.0525
0 0.5575 0.3408333333333333 0.009166666666666667 0.04
0 0.6791666666666667 0.3525 0.0075 0.035833333333333335
0 0.8 0.37166666666666665 0.008333333333333333 0.0325
4 0.5633333333333334 0.4633333333333333 0.023333333333333334 0.09583333333333334
4 0.6416666666666667 0.415 0.016666666666666666 0.0675
0 0.8775 0.3725 0.006666666666666667 0.025
0 0.8666666666666667 0.375 0.0075 0.030833333333333334
4 0.7966666666666666 0.4033333333333333 0.0125 0.04583333333333333
0 0.835 0.37416666666666665 0.0075 0.0325
0 0.8916666666666667 0.3433333333333333 0.0033333333333333335 0.015
4 0.8566666666666667 0.3425 0.005 0.0175
0 0.8633333333333333 0.35583333333333333 0.005833333333333334 0.0225
4 0.9325 0.36666666666666664 0.005833333333333334 0.019166666666666665
0 0.9008333333333334 0.34 0.0025 0.011666666666666667
4 0.5233333333333333 0.5758333333333333 0.035833333333333335 0.1475
0 0.9116666666666666 0.345 0.0025 0.014166666666666666
4 0.8833333333333333 0.3516666666666667 0.005 0.018333333333333333
0 0.7983333333333333 0.3258333333333333 0.0033333333333333335 0.015
4 0.9275 0.35583333333333333 0.004166666666666667 0.015
0 0.9483333333333334 0.3466666666666667 0.0033333333333333335 0.010833333333333334
4 0.7183333333333334 0.4 0.013333333333333334 0.0525
0 0.9058333333333334 0.345 0.0033333333333333335 0.014166666666666666
0 0.8125 0.33916666666666667 0.004166666666666667 0.019166666666666665
4 0.8691666666666666 0.3441666666666667 0.004166666666666667 0.016666666666666666
0 0.8358333333333333 0.3333333333333333 0.0033333333333333335 0.015
0 0.8441666666666666 0.3491666666666667 0.004166666666666667 0.019166666666666665
0 0.8733333333333333 0.34 0.0025 0.013333333333333334
0 0.77 0.32166666666666666 0.0033333333333333335 0.015
0 0.9216666666666666 0.3425 0.0025 0.010833333333333334
0 0.7741666666666667 0.32666666666666666 0.0033333333333333335 0.016666666666666666
4 0.9483333333333334 0.4241666666666667 0.005833333333333334 0.04416666666666667
0 0.875 0.36666666666666664 0.004166666666666667 0.025
0 0.875 0.36083333333333334 0.004166666666666667 0.021666666666666667
0 0.9091666666666667 0.3433333333333333 0.0025 0.013333333333333334
4 0.6083333333333333 0.7758333333333334 0.0275 0.14333333333333334