4 0.5333333333333333 0.3975 0.016666666666666666 0.06833333333333333
0 0.1725 0.39666666666666667 0.03 0.1
0 0.775 0.3675 0.009166666666666667 0.035
0 0.9433333333333334 0.4041666666666667 0.01 0.035833333333333335
0 0.2325 0.30416666666666664 0.014166666666666666 0.05
0 0.08666666666666667 0.25416666666666665 0.010833333333333334 0.03916666666666667
4 0.835 0.39916666666666667 0.013333333333333334 0.043333333333333335
4 0.2825 0.2775 0.009166666666666667 0.035833333333333335
4 0.72 0.38333333333333336 0.0125 0.0475
0 0.24833333333333332 0.3408333333333333 0.018333333333333333 0.06416666666666666
0 0.17583333333333334 0.27666666666666667 0.011666666666666667 0.0425
4 0.6191666666666666 0.37916666666666665 0.0125 0.05333333333333334
1 0.1975 0.3575 0.034166666666666665 0.14166666666666666
0 0.6375 0.3458333333333333 0.01 0.03666666666666667
4 0.37083333333333335 0.30833333333333335 0.010833333333333334 0.0425
0 0.5125 0.335 0.01 0.041666666666666664
1 0.49 0.42 0.015833333333333335 0.15083333333333335
1 0.4766666666666667 0.4625 0.034166666666666665 0.18583333333333332
4 0.16833333333333333 0.25083333333333335 0.008333333333333333 0.0325
2 0.42833333333333334 0.2833333333333333 0.006666666666666667 0.028333333333333332
2 0.4483333333333333 0.275 0.005 0.021666666666666667
1 0.13333333333333333 0.38166666666666665 0.04583333333333333 0.16833333333333333
2 0.3933333333333333 0.29833333333333334 0.008333333333333333 0.035833333333333335
2 0.4625 0.2683333333333333 0.004166666666666667 0.019166666666666665
2 0.5175 0.32166666666666666 0.005833333333333334 0.03666666666666667
2 0.4841666666666667 0.2725 0.004166666666666667 0.019166666666666665
2 0.5066666666666667 0.27666666666666667 0.004166666666666667 0.018333333333333333
2 0.5208333333333334 0.3016666666666667 0.005833333333333334 0.0275
2 0.5266666666666666 0.2808333333333333 0.0025 0.018333333333333333
2 0.525 0.2891666666666667 0.0033333333333333335 0.021666666666666667
4 0.5208333333333334 0.7025 0.05333333333333334 0.2075
3 0.5358333333333334 0.2791666666666667 0.0025 0.016666666666666666
3 0.575 0.2833333333333333 0.0025 0.011666666666666667
3 0.9125 0.35833333333333334 0.0033333333333333335 0.019166666666666665
3 0.8991666666666667 0.34833333333333333 0.0025 0.016666666666666666
3 0.8525 0.34 0.0025 0.0175
3 0.7991666666666667 0.3233333333333333 0.0025 0.014166666666666666
3 0.7783333333333333 0.3225 0.0025 0.014166666666666666
3 0.7041666666666667 0.30416666666666664 0.0025 0.016666666666666666
3 0.6325 0.2916666666666667 0.0025 0.013333333333333334