4 0.8416666666666667 0.45 0.010833333333333334 0.043333333333333335
0 0.48333333333333334 0.4325 0.011666666666666667 0.05
0 0.4483333333333333 0.48083333333333333 0.016666666666666666 0.0725
4 0.7141666666666666 0.4791666666666667 0.014166666666666666 0.06166666666666667
0 0.43666666666666665 0.3908333333333333 0.006666666666666667 0.03333333333333333
4 0.77 0.42333333333333334 0.008333333333333333 0.03333333333333333
4 0.7658333333333334 0.5508333333333333 0.0225 0.09333333333333334
4 0.6833333333333333 0.44416666666666665 0.011666666666666667 0.04416666666666667
0 0.5225 0.41083333333333333 0.008333333333333333 0.03916666666666667
0 0.2525 0.365 0.006666666666666667 0.030833333333333334
0 0.3416666666666667 0.38 0.008333333333333333 0.03333333333333333
4 0.67 0.4225 0.008333333333333333 0.03666666666666667
4 0.3283333333333333 0.35083333333333333 0.004166666666666667 0.019166666666666665
0 0.8316666666666667 0.4066666666666667 0.006666666666666667 0.029166666666666667
4 0.36916666666666664 0.36916666666666664 0.005833333333333334 0.025
4 0.5333333333333333 0.39 0.006666666666666667 0.029166666666666667
4 0.6183333333333333 0.4025 0.005833333333333334 0.030833333333333334
4 0.15583333333333332 0.33416666666666667 0.0033333333333333335 0.016666666666666666
0 0.20083333333333334 0.3541666666666667 0.006666666666666667 0.025833333333333333
0 0.9333333333333333 0.43333333333333335 0.009166666666666667 0.035833333333333335
0 0.5125 0.3675 0.005833333333333334 0.021666666666666667
4 0.3983333333333333 0.36 0.004166666666666667 0.020833333333333332
0 0.745 0.39416666666666667 0.008333333333333333 0.025833333333333333
4 0.4483333333333333 0.3775 0.005833333333333334 0.025
0 0.06916666666666667 0.3441666666666667 0.005833333333333334 0.025
4 0.29333333333333333 0.35583333333333333 0.005833333333333334 0.024166666666666666
4 0.23666666666666666 0.3458333333333333 0.004166666666666667 0.020833333333333332
4 0.6758333333333333 0.4008333333333333 0.005833333333333334 0.0275
0 0.42833333333333334 0.35833333333333334 0.004166666666666667 0.0175
4 0.09916666666666667 0.3325 0.0025 0.015
4 0.46 0.36916666666666664 0.005833333333333334 0.0225
0 0.31 0.3416666666666667 0.004166666666666667 0.016666666666666666
4 0.27 0.3433333333333333 0.004166666666666667 0.020833333333333332
4 0.1675 0.34 0.0025 0.019166666666666665
0 0.3641666666666667 0.35083333333333333 0.004166666666666667 0.016666666666666666
4 0.5425 0.37833333333333335 0.004166666666666667 0.021666666666666667
4 0.605 0.3883333333333333 0.004166666666666667 0.025
4 0.23083333333333333 0.3383333333333333 0.0025 0.016666666666666666
4 0.20583333333333334 0.335 0.0033333333333333335 0.015
4 0.08583333333333333 0.33916666666666667 0.005 0.019166666666666665
0 0.09583333333333334 0.33166666666666667 0.0033333333333333335 0.015
0 0.6691666666666667 0.3875 0.005 0.020833333333333332
0 0.16333333333333333 0.3458333333333333 0.005833333333333334 0.025833333333333333
0 0.17 0.33166666666666667 0.0025 0.015
0 0.27416666666666667 0.3358333333333333 0.0033333333333333335 0.015
0 0.37 0.6233333333333333 0.0325 0.1425
0 0.6058333333333333 0.37833333333333335 0.0025 0.019166666666666665