4 0.6066666666666667 0.74 0.065 0.215
4 0.37416666666666665 0.4925 0.03166666666666667 0.12833333333333333
4 0.355 0.38083333333333336 0.019166666666666665 0.07916666666666666
4 0.3983333333333333 0.3383333333333333 0.015 0.058333333333333334
4 0.465 0.32 0.010833333333333334 0.04666666666666667
4 0.5341666666666667 0.31333333333333335 0.01 0.04
4 0.6108333333333333 0.31583333333333335 0.009166666666666667 0.035833333333333335
4 0.7225 0.32916666666666666 0.009166666666666667 0.035833333333333335
4 0.7916666666666666 0.33916666666666667 0.008333333333333333 0.035
4 0.9133333333333333 0.36333333333333334 0.010833333333333334 0.03666666666666667
0 0.1875 0.3 0.014166666666666666 0.0525
0 0.31916666666666665 0.285 0.01 0.03916666666666667
0 0.43583333333333335 0.2833333333333333 0.008333333333333333 0.03333333333333333
0 0.5466666666666666 0.2891666666666667 0.006666666666666667 0.030833333333333334
0 0.66 0.3016666666666667 0.006666666666666667 0.0275
0 0.7716666666666666 0.31833333333333336 0.006666666666666667 0.0275
0 0.9016666666666666 0.3433333333333333 0.0075 0.029166666666666667