0 0.335 0.5341666666666667 0.030833333333333334 0.10333333333333333
0 0.5125 0.4725 0.0175 0.06833333333333333
0 0.8916666666666667 0.45666666666666667 0.013333333333333334 0.05333333333333334
0 0.7666666666666667 0.4475 0.014166666666666666 0.049166666666666664
0 0.6508333333333334 0.45416666666666666 0.015 0.056666666666666664
4 0.79 0.5725 0.02666666666666667 0.11083333333333334
4 0.9183333333333333 0.5258333333333334 0.025833333333333333 0.08333333333333333
2 0.4425 0.345 0.004166666666666667 0.016666666666666666
2 0.3408333333333333 0.34 0.0033333333333333335 0.014166666666666666
4 0.505 0.3441666666666667 0.0033333333333333335 0.015
4 0.5025 0.3458333333333333 0.0033333333333333335 0.015
4 0.29833333333333334 0.33166666666666667 0.0025 0.013333333333333334
4 0.30833333333333335 0.3375 0.0033333333333333335 0.014166666666666666
4 0.36666666666666664 0.3333333333333333 0.0025 0.013333333333333334
0 0.4841666666666667 0.3458333333333333 0.0025 0.013333333333333334
0 0.4658333333333333 0.3441666666666667 0.0033333333333333335 0.011666666666666667
0 0.4683333333333333 0.3416666666666667 0.0025 0.011666666666666667
0 0.435 0.3433333333333333 0.0033333333333333335 0.014166666666666666
0 0.34833333333333333 0.3383333333333333 0.0025 0.013333333333333334
0 0.325 0.335 0.0033333333333333335 0.013333333333333334