4 0.5625 0.49166666666666664 0.0225 0.0775
0 0.10666666666666667 0.5833333333333334 0.035 0.12583333333333332
0 0.26916666666666667 0.4816666666666667 0.023333333333333334 0.07416666666666667
0 0.7941666666666667 0.41333333333333333 0.009166666666666667 0.03916666666666667
4 0.6566666666666666 0.4266666666666667 0.011666666666666667 0.04666666666666667
4 0.9166666666666666 0.5416666666666666 0.035 0.10083333333333333
0 0.31333333333333335 0.4425 0.015 0.056666666666666664
0 0.1825 0.4275 0.0125 0.04416666666666667
4 0.7175 0.6675 0.043333333333333335 0.165
0 0.6108333333333333 0.39 0.005833333333333334 0.025
4 0.6258333333333334 0.4075 0.008333333333333333 0.035
4 0.7458333333333333 0.4666666666666667 0.019166666666666665 0.06333333333333334
4 0.5516666666666666 0.3983333333333333 0.006666666666666667 0.0275
0 0.755 0.39666666666666667 0.0075 0.030833333333333334
4 0.48333333333333334 0.39666666666666667 0.005833333333333334 0.025833333333333333
0 0.2608333333333333 0.42916666666666664 0.010833333333333334 0.04666666666666667
4 0.4141666666666667 0.4125 0.009166666666666667 0.035833333333333335
4 0.1525 0.4166666666666667 0.01 0.035
0 0.9075 0.4475 0.015 0.0525
0 0.6975 0.3908333333333333 0.006666666666666667 0.0275
0 0.52 0.3883333333333333 0.005 0.025
4 0.24916666666666668 0.41083333333333333 0.0075 0.030833333333333334
4 0.47583333333333333 0.41833333333333333 0.01 0.04
2 0.46 0.375 0.0025 0.013333333333333334
4 0.4025 0.3975 0.006666666666666667 0.025833333333333333
4 0.5325 0.43333333333333335 0.011666666666666667 0.049166666666666664
4 0.215 0.4041666666666667 0.006666666666666667 0.0275
4 0.30833333333333335 0.4008333333333333 0.006666666666666667 0.024166666666666666
2 0.20916666666666667 0.37916666666666665 0.0033333333333333335 0.015
0 0.1 0.4025 0.005833333333333334 0.025833333333333333
4 0.3233333333333333 0.4116666666666667 0.009166666666666667 0.035
2 0.17333333333333334 0.38083333333333336 0.0033333333333333335 0.016666666666666666
2 0.2825 0.37833333333333335 0.0033333333333333335 0.015
0 0.3175 0.39416666666666667 0.005 0.0225
2 0.23916666666666667 0.37833333333333335 0.0033333333333333335 0.015
2 0.35 0.3775 0.0033333333333333335 0.014166666666666666
2 0.4075 0.37666666666666665 0.0033333333333333335 0.014166666666666666
2 0.5216666666666666 0.37416666666666665 0.0025 0.011666666666666667
4 0.6208333333333333 0.39916666666666667 0.006666666666666667 0.030833333333333334
0 0.42 0.39166666666666666 0.005833333333333334 0.0225