4 0.17416666666666666 0.425 0.025 0.09333333333333334
0 0.3375 0.2808333333333333 0.004166666666666667 0.0225
0 0.43583333333333335 0.2966666666666667 0.004166666666666667 0.021666666666666667
4 0.28 0.2891666666666667 0.005833333333333334 0.030833333333333334
0 0.8375 0.36 0.006666666666666667 0.024166666666666666
0 0.535 0.31 0.004166666666666667 0.020833333333333332
4 0.3908333333333333 0.30083333333333334 0.005 0.025833333333333333
0 0.23583333333333334 0.26666666666666666 0.005 0.025
4 0.8041666666666667 0.36916666666666664 0.006666666666666667 0.028333333333333332
4 0.08916666666666667 0.3025 0.011666666666666667 0.04666666666666667
4 0.5275 0.6633333333333333 0.051666666666666666 0.18583333333333332
0 0.735 0.3358333333333333 0.004166666666666667 0.021666666666666667
0 0.6275 0.32083333333333336 0.004166666666666667 0.020833333333333332
4 0.49 0.31666666666666665 0.005 0.025
4 0.6975 0.3491666666666667 0.005 0.024166666666666666
4 0.5908333333333333 0.3325 0.005 0.024166666666666666
0 0.12416666666666666 0.26 0.005833333333333334 0.030833333333333334
4 0.18833333333333332 0.285 0.008333333333333333 0.035833333333333335
4 0.25916666666666666 0.235 0.0016666666666666668 0.008333333333333333
1 0.43333333333333335 0.24583333333333332 0.0025 0.019166666666666665
1 0.44083333333333335 0.2475 0.0025 0.018333333333333333
1 0.43 0.24833333333333332 0.0016666666666666668 0.011666666666666667
1 0.43666666666666665 0.25 0.0016666666666666668 0.013333333333333334
4 0.25416666666666665 0.23333333333333334 0.0016666666666666668 0.0075
4 0.2625 0.23583333333333334 0.0016666666666666668 0.008333333333333333
4 0.24583333333333332 0.23 0.0016666666666666668 0.0075
4 0.25 0.23166666666666666 0.0008333333333333334 0.0075
0 0.28 0.2325 0.0016666666666666668 0.006666666666666667
0 0.30416666666666664 0.235 0.0016666666666666668 0.006666666666666667
0 0.2941666666666667 0.23333333333333334 0.0008333333333333334 0.005833333333333334
0 0.2725 0.23083333333333333 0.0016666666666666668 0.006666666666666667
2 0.41083333333333333 0.24 0.0016666666666666668 0.0075