4 0.21666666666666667 0.30666666666666664 0.013333333333333334 0.0525
4 0.07916666666666666 0.2475 0.010833333333333334 0.03333333333333333
1 0.24916666666666668 0.3408333333333333 0.019166666666666665 0.11666666666666667
4 0.155 0.265 0.010833333333333334 0.03666666666666667
4 0.8991666666666667 0.33166666666666667 0.006666666666666667 0.020833333333333332
4 0.8566666666666667 0.3383333333333333 0.006666666666666667 0.025833333333333333
4 0.8933333333333333 0.35833333333333334 0.009166666666666667 0.0325
4 0.3425 0.49583333333333335 0.0375 0.12916666666666668
4 0.06666666666666667 0.21166666666666667 0.005833333333333334 0.019166666666666665
4 0.9425 0.38 0.010833333333333334 0.03833333333333333
0 0.20583333333333334 0.21416666666666667 0.004166666666666667 0.015
0 0.15833333333333333 0.21333333333333335 0.004166666666666667 0.0175
0 0.23916666666666667 0.21333333333333335 0.004166666666666667 0.010833333333333334
0 0.3466666666666667 0.225 0.0033333333333333335 0.010833333333333334
1 0.265 0.35583333333333333 0.029166666666666667 0.12916666666666668
4 0.9058333333333334 0.31916666666666665 0.005 0.015
0 0.6333333333333333 0.2683333333333333 0.0025 0.01
0 0.6275 0.2658333333333333 0.0025 0.01
4 0.3975 0.2325 0.0025 0.013333333333333334
0 0.7241666666666666 0.285 0.0025 0.013333333333333334
4 0.8658333333333333 0.3458333333333333 0.008333333333333333 0.028333333333333332
4 0.28833333333333333 0.22083333333333333 0.004166666666666667 0.011666666666666667
4 0.6966666666666667 0.2833333333333333 0.004166666666666667 0.014166666666666666
0 0.8808333333333334 0.31166666666666665 0.004166666666666667 0.015
0 0.05416666666666667 0.20583333333333334 0.005833333333333334 0.018333333333333333
0 0.3883333333333333 0.22916666666666666 0.0025 0.010833333333333334
0 0.38 0.22916666666666666 0.0033333333333333335 0.01
0 0.6758333333333333 0.27666666666666667 0.0025 0.011666666666666667
4 0.5766666666666667 0.25583333333333336 0.0033333333333333335 0.010833333333333334
4 0.8691666666666666 0.33 0.005 0.020833333333333332
0 0.1 0.20916666666666667 0.005 0.016666666666666666
4 0.25666666666666665 0.2225 0.004166666666666667 0.014166666666666666
4 0.13166666666666665 0.2175 0.005 0.019166666666666665
4 0.22083333333333333 0.22166666666666668 0.004166666666666667 0.015
0 0.2975 0.22 0.0033333333333333335 0.011666666666666667
4 0.74 0.29 0.004166666666666667 0.013333333333333334
4 0.6233333333333333 0.26916666666666667 0.0033333333333333335 0.013333333333333334
4 0.24416666666666667 0.22333333333333333 0.005 0.014166666666666666
0 0.7725 0.29333333333333333 0.0033333333333333335 0.011666666666666667
0 0.19833333333333333 0.215 0.0033333333333333335 0.013333333333333334
4 0.865 0.31166666666666665 0.005 0.013333333333333334
4 0.20083333333333334 0.2833333333333333 0.011666666666666667 0.0425
4 0.3358333333333333 0.22583333333333333 0.0033333333333333335 0.013333333333333334
4 0.5883333333333334 0.26 0.0033333333333333335 0.011666666666666667
0 0.6125 0.2608333333333333 0.0016666666666666668 0.008333333333333333
4 0.565 0.25333333333333335 0.0025 0.010833333333333334
4 0.5416666666666666 0.24916666666666668 0.0025 0.010833333333333334
4 0.41583333333333333 0.23416666666666666 0.0033333333333333335 0.011666666666666667
4 0.6566666666666666 0.2758333333333333 0.0033333333333333335 0.015
4 0.595 0.2633333333333333 0.0033333333333333335 0.010833333333333334
4 0.45416666666666666 0.2375 0.0025 0.01
0 0.13666666666666666 0.21166666666666667 0.0033333333333333335 0.015
4 0.2633333333333333 0.22166666666666668 0.004166666666666667 0.013333333333333334
4 0.475 0.24 0.0025 0.01
0 0.7 0.2808333333333333 0.0025 0.011666666666666667
4 0.9391666666666667 0.3275 0.004166666666666667 0.016666666666666666
0 0.6416666666666667 0.2708333333333333 0.0025 0.010833333333333334
4 0.7933333333333333 0.29833333333333334 0.004166666666666667 0.014166666666666666
0 0.825 0.3025 0.004166666666666667 0.013333333333333334
0 0.2683333333333333 0.21666666666666667 0.0025 0.010833333333333334
4 0.8291666666666667 0.305 0.004166666666666667 0.014166666666666666
0 0.21333333333333335 0.21166666666666667 0.0033333333333333335 0.010833333333333334
4 0.4266666666666667 0.235 0.0025 0.010833333333333334
4 0.36333333333333334 0.22916666666666666 0.0033333333333333335 0.013333333333333334
4 0.43666666666666665 0.235 0.0033333333333333335 0.01
0 0.46 0.23666666666666666 0.0025 0.008333333333333333
0 0.4033333333333333 0.23083333333333333 0.0025 0.008333333333333333
4 0.8608333333333333 0.3325 0.004166666666666667 0.024166666666666666
0 0.36666666666666664 0.2275 0.0025 0.010833333333333334
4 0.2608333333333333 0.21916666666666668 0.0033333333333333335 0.013333333333333334
4 0.4975 0.2425 0.0033333333333333335 0.010833333333333334
4 0.5858333333333333 0.25833333333333336 0.0025 0.011666666666666667
0 0.43083333333333335 0.23333333333333334 0.0025 0.01
4 0.2708333333333333 0.21916666666666668 0.004166666666666667 0.011666666666666667
0 0.3283333333333333 0.22333333333333333 0.0025 0.011666666666666667
4 0.52 0.24583333333333332 0.0025 0.01
0 0.9366666666666666 0.3225 0.0025 0.014166666666666666
0 0.18416666666666667 0.215 0.0025 0.014166666666666666
4 0.1825 0.22083333333333333 0.005 0.0175
4 0.2525 0.37083333333333335 0.013333333333333334 0.07583333333333334
0 0.6358333333333334 0.26916666666666667 0.0025 0.01