0 0.1825 0.44166666666666665 0.023333333333333334 0.0825
0 0.5916666666666667 0.44916666666666666 0.0175 0.0675
4 0.92 0.6541666666666667 0.04833333333333333 0.1575
0 0.7675 0.43333333333333335 0.015 0.05416666666666667
0 0.385 0.4033333333333333 0.0175 0.058333333333333334
0 0.6141666666666666 0.38166666666666665 0.01 0.03916666666666667
4 0.5058333333333334 0.36333333333333334 0.008333333333333333 0.035
4 0.8433333333333334 0.38166666666666665 0.009166666666666667 0.0325
0 0.5575 0.3958333333333333 0.0125 0.0475
0 0.7708333333333334 0.385 0.008333333333333333 0.035
0 0.72 0.3458333333333333 0.005833333333333334 0.020833333333333332
4 0.5241666666666667 0.3525 0.008333333333333333 0.030833333333333334
4 0.4116666666666667 0.36916666666666664 0.010833333333333334 0.0425
4 0.8016666666666666 0.365 0.0075 0.025833333333333333
4 0.5458333333333333 0.33416666666666667 0.005833333333333334 0.0225
4 0.6016666666666667 0.3258333333333333 0.005 0.018333333333333333
4 0.8675 0.3575 0.004166666666666667 0.021666666666666667
0 0.6991666666666667 0.3625 0.0075 0.029166666666666667
4 0.8883333333333333 0.3525 0.006666666666666667 0.021666666666666667
4 0.8208333333333333 0.33166666666666667 0.0025 0.010833333333333334
0 0.6783333333333333 0.32416666666666666 0.0033333333333333335 0.014166666666666666
4 0.5783333333333334 0.32916666666666666 0.005 0.0225
0 0.6383333333333333 0.33666666666666667 0.005 0.020833333333333332
4 0.825 0.35833333333333334 0.006666666666666667 0.025
0 0.7725 0.3475 0.005 0.018333333333333333
0 0.7275 0.3258333333333333 0.0033333333333333335 0.014166666666666666
4 0.5183333333333333 0.3416666666666667 0.006666666666666667 0.025833333333333333
4 0.6208333333333333 0.3225 0.004166666666666667 0.015
4 0.6458333333333334 0.31833333333333336 0.004166666666666667 0.013333333333333334
0 0.8191666666666667 0.41083333333333333 0.0125 0.041666666666666664
0 0.7358333333333333 0.33 0.004166666666666667 0.014166666666666666
0 0.7941666666666667 0.3433333333333333 0.004166666666666667 0.0175
0 0.6925 0.35083333333333333 0.005833333333333334 0.024166666666666666
4 0.24416666666666667 0.3775 0.014166666666666666 0.05
4 0.6341666666666667 0.32083333333333336 0.004166666666666667 0.014166666666666666
0 0.6541666666666667 0.33166666666666667 0.004166666666666667 0.0175
4 0.6533333333333333 0.31666666666666665 0.0033333333333333335 0.011666666666666667
0 0.625 0.36666666666666664 0.0075 0.03166666666666667
4 0.9441666666666667 0.4058333333333333 0.010833333333333334 0.03666666666666667
4 0.8508333333333333 0.345 0.0033333333333333335 0.018333333333333333
0 0.6866666666666666 0.3225 0.0033333333333333335 0.011666666666666667
0 0.6691666666666667 0.3275 0.0033333333333333335 0.014166666666666666
4 0.8116666666666666 0.3258333333333333 0.0025 0.010833333333333334
0 0.4091666666666667 0.52 0.0325 0.1075
4 0.6616666666666666 0.31666666666666665 0.0033333333333333335 0.010833333333333334
0 0.7425 0.3258333333333333 0.0033333333333333335 0.014166666666666666
4 0.8058333333333333 0.33666666666666667 0.004166666666666667 0.016666666666666666
0 0.6191666666666666 0.3525 0.006666666666666667 0.0275
0 0.6225 0.3433333333333333 0.004166666666666667 0.024166666666666666
4 0.6675 0.31583333333333335 0.0033333333333333335 0.011666666666666667
4 0.6733333333333333 0.31416666666666665 0.0025 0.010833333333333334
4 0.68 0.31333333333333335 0.0025 0.01
4 0.6891666666666667 0.31416666666666665 0.0025 0.010833333333333334
0 0.6975 0.31916666666666665 0.0025 0.013333333333333334
0 0.7025 0.31833333333333336 0.0025 0.010833333333333334
0 0.7066666666666667 0.3175 0.0033333333333333335 0.010833333333333334
0 0.6916666666666667 0.32166666666666666 0.0033333333333333335 0.013333333333333334
0 0.7675 0.33666666666666667 0.0033333333333333335 0.016666666666666666
0 0.7108333333333333 0.31666666666666665 0.0025 0.01
0 0.7733333333333333 0.3258333333333333 0.0033333333333333335 0.013333333333333334
0 0.7708333333333334 0.3225 0.0025 0.01
0 0.7808333333333334 0.3233333333333333 0.0025 0.011666666666666667
0 0.7875 0.3258333333333333 0.0033333333333333335 0.011666666666666667
4 0.79 0.33166666666666667 0.004166666666666667 0.015
4 0.9458333333333333 0.5225 0.010833333333333334 0.07166666666666667
4 0.7975 0.32416666666666666 0.0033333333333333335 0.010833333333333334
4 0.8016666666666666 0.3308333333333333 0.0025 0.014166666666666666
4 0.8166666666666667 0.3283333333333333 0.0033333333333333335 0.010833333333333334
4 0.8233333333333334 0.33 0.0025 0.011666666666666667