0 0.4033333333333333 0.43583333333333335 0.016666666666666666 0.03833333333333333
0 0.43416666666666665 0.4058333333333333 0.009166666666666667 0.024166666666666666
0 0.44916666666666666 0.39166666666666666 0.0075 0.018333333333333333
0 0.3275 0.5016666666666667 0.028333333333333332 0.06583333333333333
0 0.45916666666666667 0.38333333333333336 0.005833333333333334 0.015
0 0.465 0.37916666666666665 0.005833333333333334 0.014166666666666666
0 0.4691666666666667 0.37416666666666665 0.004166666666666667 0.01
4 0.6916666666666667 0.5008333333333334 0.03333333333333333 0.07
4 0.6075 0.43416666666666665 0.016666666666666666 0.03916666666666667
4 0.5683333333333334 0.405 0.009166666666666667 0.023333333333333334
4 0.5483333333333333 0.39 0.006666666666666667 0.0175
4 0.5383333333333333 0.38166666666666665 0.005 0.014166666666666666
4 0.5316666666666666 0.3775 0.004166666666666667 0.013333333333333334
4 0.525 0.37416666666666665 0.0033333333333333335 0.011666666666666667
4 0.5216666666666666 0.37166666666666665 0.0025 0.008333333333333333
4 0.5183333333333333 0.37 0.0025 0.008333333333333333
4 0.515 0.3675 0.0025 0.0075