0 0.7566666666666667 0.35833333333333334 0.008333333333333333 0.035833333333333335
4 0.8225 0.39166666666666666 0.011666666666666667 0.04416666666666667
0 0.9066666666666666 0.38666666666666666 0.009166666666666667 0.03666666666666667
4 0.6041666666666666 0.38083333333333336 0.014166666666666666 0.058333333333333334
0 0.09083333333333334 0.4266666666666667 0.03833333333333333 0.11666666666666667
0 0.4691666666666667 0.33166666666666667 0.010833333333333334 0.04583333333333333
4 0.46166666666666667 0.5008333333333334 0.0275 0.12416666666666666
2 0.805 0.355 0.008333333333333333 0.03166666666666667
0 0.6108333333333333 0.3383333333333333 0.005833333333333334 0.03916666666666667
4 0.5166666666666667 0.4083333333333333 0.02 0.07833333333333334
2 0.7808333333333334 0.335 0.006666666666666667 0.025
2 0.8666666666666667 0.36083333333333334 0.0075 0.028333333333333332
4 0.7033333333333334 0.37833333333333335 0.0125 0.05
0 0.31083333333333335 0.3475 0.016666666666666666 0.06416666666666666
2 0.7216666666666667 0.32916666666666666 0.006666666666666667 0.0275