0 0.1 0.4008333333333333 0.010833333333333334 0.024166666666666666
0 0.17083333333333334 0.38666666666666666 0.01 0.021666666666666667
0 0.21833333333333332 0.3775 0.009166666666666667 0.019166666666666665
0 0.2525 0.37 0.006666666666666667 0.014166666666666666
0 0.24166666666666667 0.365 0.005 0.014166666666666666
0 0.2625 0.36583333333333334 0.005 0.011666666666666667
0 0.2658333333333333 0.36583333333333334 0.005 0.014166666666666666
0 0.9158333333333334 0.41583333333333333 0.018333333333333333 0.023333333333333334
0 0.8033333333333333 0.4 0.015833333333333335 0.018333333333333333
0 0.7433333333333333 0.3875 0.011666666666666667 0.014166666666666666
0 0.6958333333333333 0.38 0.01 0.013333333333333334
0 0.6508333333333334 0.37333333333333335 0.009166666666666667 0.010833333333333334
4 0.36583333333333334 0.465 0.025 0.051666666666666666
4 0.8491666666666666 0.6758333333333333 0.07166666666666667 0.15916666666666668
4 0.30333333333333334 0.43166666666666664 0.015833333333333335 0.035833333333333335
4 0.34 0.37833333333333335 0.008333333333333333 0.016666666666666666
4 0.29083333333333333 0.3858333333333333 0.009166666666666667 0.02
4 0.515 0.525 0.0375 0.0775
4 0.2808333333333333 0.4125 0.013333333333333334 0.028333333333333332
4 0.2725 0.3983333333333333 0.010833333333333334 0.0225
2 0.11333333333333333 0.36666666666666664 0.014166666666666666 0.015
2 0.355 0.3925 0.0125 0.019166666666666665
2 0.415 0.3675 0.008333333333333333 0.013333333333333334
2 0.4241666666666667 0.36583333333333334 0.009166666666666667 0.015