0 0.7183333333333334 0.43166666666666664 0.03166666666666667 0.115
0 0.375 0.5958333333333333 0.051666666666666666 0.18083333333333335
4 0.9166666666666666 0.20916666666666667 0.004166666666666667 0.016666666666666666
0 0.8875 0.19333333333333333 0.0025 0.011666666666666667
4 0.9433333333333334 0.18666666666666668 0.0025 0.010833333333333334
0 0.8575 0.19666666666666666 0.0025 0.010833333333333334
4 0.9175 0.19 0.0025 0.011666666666666667
4 0.8566666666666667 0.21166666666666667 0.0033333333333333335 0.014166666666666666
4 0.9033333333333333 0.20583333333333334 0.0033333333333333335 0.015
0 0.93 0.19166666666666668 0.0025 0.013333333333333334
4 0.56 0.23416666666666666 0.0033333333333333335 0.014166666666666666
4 0.9383333333333334 0.17916666666666667 0.0016666666666666668 0.008333333333333333
4 0.565 0.23083333333333333 0.0025 0.014166666666666666
4 0.8933333333333333 0.19083333333333333 0.0025 0.011666666666666667
0 0.9025 0.20083333333333334 0.0033333333333333335 0.014166666666666666
4 0.8633333333333333 0.19333333333333333 0.0025 0.01
0 0.8541666666666666 0.20833333333333334 0.0025 0.014166666666666666
4 0.5266666666666666 0.2275 0.0025 0.010833333333333334