0 0.2841666666666667 0.6683333333333333 0.04666666666666667 0.16833333333333333
0 0.7375 0.44583333333333336 0.0075 0.035
4 0.9216666666666666 0.47583333333333333 0.0125 0.04666666666666667
0 0.7308333333333333 0.4841666666666667 0.0125 0.0575
0 0.7058333333333333 0.43166666666666664 0.005 0.0275
4 0.9275 0.43416666666666665 0.005833333333333334 0.0225
4 0.94 0.4475 0.006666666666666667 0.028333333333333332
0 0.6375 0.54 0.023333333333333334 0.09333333333333334
4 0.8441666666666666 0.42916666666666664 0.005 0.024166666666666666
0 0.7216666666666667 0.41 0.005 0.024166666666666666
4 0.8316666666666667 0.44416666666666665 0.006666666666666667 0.030833333333333334
0 0.7516666666666667 0.46 0.009166666666666667 0.041666666666666664
0 0.9041666666666667 0.4191666666666667 0.0033333333333333335 0.0175
0 0.7025 0.4225 0.004166666666666667 0.021666666666666667
4 0.8075 0.43083333333333335 0.005833333333333334 0.025
4 0.9483333333333334 0.44333333333333336 0.005 0.025
0 0.8275 0.41333333333333333 0.004166666666666667 0.020833333333333332
0 0.7616666666666667 0.41083333333333333 0.004166666666666667 0.0175
4 0.82 0.43666666666666665 0.006666666666666667 0.028333333333333332
4 0.8783333333333333 0.4583333333333333 0.009166666666666667 0.03833333333333333