0 0.2875 0.4083333333333333 0.010833333333333334 0.04
0 0.11416666666666667 0.405 0.011666666666666667 0.04
4 0.8166666666666667 0.4691666666666667 0.015833333333333335 0.06
4 0.6041666666666666 0.45416666666666666 0.014166666666666666 0.05416666666666667
0 0.46166666666666667 0.4116666666666667 0.013333333333333334 0.041666666666666664
0 0.055 0.3925 0.01 0.03916666666666667
0 0.8416666666666667 0.4266666666666667 0.013333333333333334 0.049166666666666664
2 0.5541666666666667 0.3591666666666667 0.004166666666666667 0.0225
0 0.6375 0.4166666666666667 0.0125 0.043333333333333335
2 0.6108333333333333 0.3616666666666667 0.004166666666666667 0.020833333333333332
2 0.47333333333333333 0.3566666666666667 0.005833333333333334 0.021666666666666667
4 0.42 0.5541666666666667 0.0325 0.10833333333333334
2 0.5166666666666667 0.3566666666666667 0.004166666666666667 0.020833333333333332
2 0.7075 0.3675 0.004166666666666667 0.0175
4 0.7258333333333333 0.6691666666666667 0.0475 0.16166666666666665
4 0.4141666666666667 0.445 0.014166666666666666 0.05333333333333334
4 0.22666666666666666 0.43833333333333335 0.014166666666666666 0.056666666666666664
4 0.14083333333333334 0.5191666666666667 0.029166666666666667 0.09583333333333334