0 0.10416666666666667 0.19916666666666666 0.004166666666666667 0.0175
4 0.17833333333333334 0.5241666666666667 0.045 0.15833333333333333
4 0.7291666666666666 0.2775 0.0025 0.013333333333333334
0 0.725 0.2725 0.0025 0.011666666666666667
4 0.8266666666666667 0.295 0.0033333333333333335 0.014166666666666666
4 0.5358333333333334 0.24916666666666668 0.0033333333333333335 0.015
0 0.07333333333333333 0.20083333333333334 0.005833333333333334 0.018333333333333333
0 0.9225 0.30666666666666664 0.0025 0.011666666666666667
4 0.9166666666666666 0.30916666666666665 0.0033333333333333335 0.014166666666666666
4 0.4483333333333333 0.23666666666666666 0.0033333333333333335 0.015
4 0.09583333333333334 0.21 0.006666666666666667 0.021666666666666667
4 0.7666666666666667 0.2833333333333333 0.004166666666666667 0.015
4 0.24 0.2025 0.0025 0.01
0 0.33666666666666667 0.21416666666666667 0.0025 0.010833333333333334
4 0.4066666666666667 0.22916666666666666 0.0025 0.013333333333333334
4 0.6825 0.26666666666666666 0.0025 0.011666666666666667
0 0.2525 0.2025 0.0025 0.01
0 0.8458333333333333 0.295 0.0025 0.011666666666666667
4 0.325 0.215 0.0025 0.011666666666666667
0 0.6991666666666667 0.2683333333333333 0.0025 0.011666666666666667
0 0.5658333333333333 0.24916666666666668 0.0025 0.013333333333333334
4 0.27416666666666667 0.20666666666666667 0.0025 0.010833333333333334
4 0.5983333333333334 0.25666666666666665 0.0033333333333333335 0.013333333333333334
0 0.41083333333333333 0.2275 0.0025 0.013333333333333334
4 0.5708333333333333 0.2525 0.0025 0.011666666666666667
0 0.0925 0.2 0.004166666666666667 0.0175
0 0.4683333333333333 0.23666666666666666 0.0025 0.011666666666666667
0 0.545 0.24666666666666667 0.0025 0.013333333333333334
4 0.15 0.21083333333333334 0.005 0.019166666666666665
0 0.20583333333333334 0.1975 0.0025 0.01
0 0.395 0.22416666666666665 0.0025 0.011666666666666667
0 0.7808333333333334 0.2841666666666667 0.0033333333333333335 0.014166666666666666
4 0.34833333333333333 0.22 0.0025 0.011666666666666667
4 0.49666666666666665 0.24333333333333335 0.0025 0.015
4 0.30416666666666664 0.21083333333333334 0.0025 0.010833333333333334
4 0.6591666666666667 0.2633333333333333 0.0025 0.013333333333333334
0 0.6675 0.26166666666666666 0.0025 0.010833333333333334
4 0.16333333333333333 0.195 0.0025 0.011666666666666667
0 0.43833333333333335 0.23166666666666666 0.0025 0.013333333333333334
0 0.49083333333333334 0.23916666666666667 0.0025 0.013333333333333334
4 0.36916666666666664 0.225 0.0025 0.010833333333333334
0 0.5208333333333334 0.24333333333333335 0.0025 0.013333333333333334
0 0.7575 0.2791666666666667 0.0025 0.013333333333333334
4 0.20916666666666667 0.19916666666666666 0.0025 0.010833333333333334
0 0.5841666666666666 0.25083333333333335 0.0025 0.010833333333333334
4 0.5958333333333333 0.7441666666666666 0.06 0.20583333333333334
0 0.87 0.2991666666666667 0.0025 0.013333333333333334
4 0.8725 0.30333333333333334 0.0033333333333333335 0.015
0 0.8158333333333333 0.29083333333333333 0.0033333333333333335 0.014166666666666666
0 0.6216666666666667 0.255 0.0025 0.011666666666666667
4 0.6241666666666666 0.25833333333333336 0.0025 0.013333333333333334
0 0.2966666666666667 0.20833333333333334 0.0025 0.01
4 0.17583333333333334 0.20916666666666667 0.0033333333333333335 0.016666666666666666
4 0.18416666666666667 0.20666666666666667 0.0033333333333333335 0.014166666666666666