0 0.45166666666666666 0.5816666666666667 0.03916666666666667 0.13833333333333334
0 0.6916666666666667 0.4791666666666667 0.0225 0.08083333333333333
0 0.6916666666666667 0.405 0.010833333333333334 0.04666666666666667
0 0.595 0.3825 0.009166666666666667 0.03916666666666667
4 0.8933333333333333 0.41 0.011666666666666667 0.04416666666666667
4 0.9083333333333333 0.39166666666666666 0.009166666666666667 0.035833333333333335
4 0.7516666666666667 0.385 0.01 0.03666666666666667
4 0.765 0.35083333333333333 0.005 0.020833333333333332
4 0.6466666666666666 0.3458333333333333 0.005 0.021666666666666667
0 0.9475 0.37916666666666665 0.0075 0.030833333333333334
0 0.5883333333333334 0.3308333333333333 0.004166666666666667 0.016666666666666666
4 0.615 0.3591666666666667 0.006666666666666667 0.0275
0 0.8116666666666666 0.44333333333333336 0.015833333333333335 0.06166666666666667
0 0.6025 0.3375 0.004166666666666667 0.018333333333333333
0 0.8566666666666667 0.36083333333333334 0.005833333333333334 0.024166666666666666
4 0.7583333333333333 0.3641666666666667 0.006666666666666667 0.028333333333333332
4 0.6733333333333333 0.3416666666666667 0.005 0.019166666666666665
0 0.5641666666666667 0.3416666666666667 0.005 0.021666666666666667
4 0.6591666666666667 0.3275 0.0025 0.013333333333333334
0 0.5441666666666667 0.32166666666666666 0.0025 0.013333333333333334
0 0.5158333333333334 0.3441666666666667 0.005833333333333334 0.0225
4 0.6683333333333333 0.3258333333333333 0.0025 0.011666666666666667
4 0.6541666666666667 0.3333333333333333 0.004166666666666667 0.015
4 0.7491666666666666 0.355 0.005833333333333334 0.0275
4 0.6616666666666666 0.37166666666666665 0.008333333333333333 0.0325
4 0.5941666666666666 0.32416666666666666 0.0033333333333333335 0.014166666666666666
0 0.8675 0.36916666666666664 0.005833333333333334 0.025
4 0.61 0.35083333333333333 0.005 0.0225
4 0.8175 0.3775 0.009166666666666667 0.030833333333333334
0 0.8683333333333333 0.3541666666666667 0.005833333333333334 0.021666666666666667
4 0.6833333333333333 0.33 0.0025 0.014166666666666666
0 0.52 0.3641666666666667 0.0075 0.030833333333333334
4 0.6241666666666666 0.33 0.0025 0.014166666666666666
0 0.6108333333333333 0.335 0.004166666666666667 0.0175
0 0.8525 0.3475 0.004166666666666667 0.019166666666666665
0 0.5008333333333334 0.3525 0.006666666666666667 0.0275
4 0.5725 0.31416666666666665 0.0025 0.006666666666666667
0 0.8208333333333333 0.3408333333333333 0.004166666666666667 0.016666666666666666
4 0.7766666666666666 0.3458333333333333 0.004166666666666667 0.018333333333333333
0 0.5591666666666667 0.31916666666666665 0.0025 0.011666666666666667
0 0.7075 0.32916666666666666 0.0033333333333333335 0.013333333333333334
0 0.5666666666666667 0.3275 0.0025 0.015
4 0.6091666666666666 0.32 0.0025 0.011666666666666667
0 0.5466666666666666 0.32416666666666666 0.0025 0.014166666666666666
4 0.57 0.315 0.0025 0.008333333333333333
4 0.6108333333333333 0.31916666666666665 0.0025 0.01