4 0.3025 0.36083333333333334 0.0175 0.065
4 0.19416666666666665 0.27416666666666667 0.0075 0.030833333333333334
4 0.15583333333333332 0.24416666666666667 0.005 0.021666666666666667
2 0.4075 0.30333333333333334 0.008333333333333333 0.0325
4 0.22916666666666666 0.3025 0.010833333333333334 0.0425
2 0.6825 0.44166666666666665 0.0225 0.07833333333333334
4 0.12583333333333332 0.22083333333333333 0.0025 0.013333333333333334
4 0.13083333333333333 0.22416666666666665 0.0033333333333333335 0.014166666666666666
4 0.4866666666666667 0.5058333333333334 0.034166666666666665 0.1175
4 0.17166666666666666 0.25583333333333336 0.006666666666666667 0.025
4 0.145 0.235 0.004166666666666667 0.018333333333333333
4 0.1375 0.23 0.004166666666666667 0.016666666666666666
4 0.12166666666666667 0.21666666666666667 0.0025 0.013333333333333334
1 0.11916666666666667 0.21083333333333334 0.0033333333333333335 0.0175
2 0.049166666666666664 0.205 0.0016666666666666668 0.011666666666666667
2 0.050833333333333335 0.20333333333333334 0.0016666666666666668 0.010833333333333334
2 0.05333333333333334 0.2025 0.0016666666666666668 0.010833333333333334
2 0.115 0.21166666666666667 0.0025 0.01
2 0.11333333333333333 0.21 0.0016666666666666668 0.01