0 0.505 0.43 0.009166666666666667 0.03833333333333333
4 0.8916666666666667 0.5991666666666666 0.035833333333333335 0.11666666666666667
0 0.37666666666666665 0.6275 0.03916666666666667 0.14583333333333334
4 0.7725 0.5025 0.018333333333333333 0.0675
4 0.7191666666666666 0.465 0.0125 0.049166666666666664
0 0.52 0.49916666666666665 0.019166666666666665 0.07166666666666667
4 0.8975 0.4066666666666667 0.004166666666666667 0.018333333333333333
4 0.71 0.41 0.005833333333333334 0.0225
0 0.6241666666666666 0.3958333333333333 0.005 0.021666666666666667
0 0.4791666666666667 0.4125 0.006666666666666667 0.029166666666666667
0 0.5158333333333334 0.4075 0.005833333333333334 0.025833333333333333
4 0.725 0.4275 0.0075 0.030833333333333334
4 0.6275 0.42916666666666664 0.008333333333333333 0.035
0 0.935 0.43333333333333335 0.008333333333333333 0.029166666666666667
0 0.5758333333333333 0.4008333333333333 0.005833333333333334 0.0225
4 0.7891666666666667 0.41833333333333333 0.005833333333333334 0.025
0 0.8741666666666666 0.43916666666666665 0.008333333333333333 0.030833333333333334
4 0.835 0.41 0.005833333333333334 0.020833333333333332
0 0.6925 0.3958333333333333 0.005833333333333334 0.020833333333333332
4 0.9066666666666666 0.42 0.005833333333333334 0.0225
0 0.5458333333333333 0.45666666666666667 0.0125 0.0475
4 0.7583333333333333 0.4425 0.01 0.03666666666666667
0 0.7625 0.39916666666666667 0.005833333333333334 0.021666666666666667
4 0.9166666666666666 0.405 0.004166666666666667 0.018333333333333333
0 0.805 0.39916666666666667 0.005 0.0175
4 0.6741666666666667 0.445 0.010833333333333334 0.04
4 0.6333333333333333 0.42 0.006666666666666667 0.029166666666666667
4 0.9441666666666667 0.5 0.013333333333333334 0.060833333333333336
4 0.8733333333333333 0.4075 0.005 0.021666666666666667
4 0.7308333333333333 0.4191666666666667 0.006666666666666667 0.028333333333333332
4 0.8483333333333334 0.4191666666666667 0.005833333333333334 0.024166666666666666
4 0.6516666666666666 0.4141666666666667 0.006666666666666667 0.025833333333333333
4 0.8391666666666666 0.4583333333333333 0.011666666666666667 0.04583333333333333
4 0.775 0.41 0.005833333333333334 0.020833333333333332
0 0.8883333333333333 0.3958333333333333 0.004166666666666667 0.0175
0 0.8408333333333333 0.3983333333333333 0.004166666666666667 0.016666666666666666
0 0.8591666666666666 0.3975 0.004166666666666667 0.016666666666666666
4 0.9291666666666667 0.4033333333333333 0.004166666666666667 0.0175
0 0.9333333333333333 0.39916666666666667 0.005 0.0175