4 0.25916666666666666 0.4583333333333333 0.030833333333333334 0.11333333333333333
0 0.8625 0.35583333333333333 0.006666666666666667 0.028333333333333332
0 0.115 0.24416666666666667 0.005833333333333334 0.025
0 0.785 0.3383333333333333 0.006666666666666667 0.024166666666666666
4 0.2675 0.2725 0.005833333333333334 0.0275
4 0.06166666666666667 0.25916666666666666 0.01 0.03333333333333333
0 0.4091666666666667 0.2791666666666667 0.005833333333333334 0.021666666666666667
0 0.21916666666666668 0.25666666666666665 0.004166666666666667 0.021666666666666667
4 0.6383333333333333 0.3225 0.006666666666666667 0.0275
4 0.905 0.385 0.01 0.035833333333333335
4 0.3616666666666667 0.285 0.005 0.024166666666666666
4 0.55 0.30833333333333335 0.005 0.025
4 0.15666666666666668 0.2633333333333333 0.006666666666666667 0.029166666666666667
4 0.7516666666666667 0.34833333333333333 0.0075 0.03166666666666667
0 0.5925 0.2975 0.004166666666666667 0.020833333333333332
4 0.4558333333333333 0.2966666666666667 0.005833333333333334 0.024166666666666666
0 0.495 0.2866666666666667 0.004166666666666667 0.021666666666666667
0 0.315 0.26916666666666667 0.005 0.020833333333333332
0 0.6741666666666667 0.31416666666666665 0.006666666666666667 0.024166666666666666
4 0.8983333333333333 0.8333333333333334 0.019166666666666665 0.029166666666666667