0 0.3641666666666667 0.27666666666666667 0.005833333333333334 0.0225
4 0.29083333333333333 0.4975 0.035833333333333335 0.125
0 0.4741666666666667 0.2891666666666667 0.006666666666666667 0.024166666666666666
4 0.13416666666666666 0.26166666666666666 0.006666666666666667 0.029166666666666667
4 0.3358333333333333 0.2791666666666667 0.0075 0.030833333333333334
0 0.5958333333333333 0.3016666666666667 0.005833333333333334 0.025
0 0.26166666666666666 0.265 0.005833333333333334 0.024166666666666666
4 0.43 0.2875 0.0075 0.03166666666666667
4 0.5675 0.30416666666666664 0.0075 0.030833333333333334
0 0.8133333333333334 0.32916666666666666 0.0075 0.028333333333333332
4 0.22833333333333333 0.26916666666666667 0.006666666666666667 0.0275
0 0.145 0.2525 0.005833333333333334 0.0225
4 0.7 0.3258333333333333 0.008333333333333333 0.03333333333333333
4 0.8241666666666667 0.3491666666666667 0.009166666666666667 0.03666666666666667
0 0.7041666666666667 0.31583333333333335 0.004166666666666667 0.025