0 0.15416666666666667 0.5266666666666666 0.019166666666666665 0.025833333333333333
0 0.175 0.5558333333333333 0.028333333333333332 0.03916666666666667
0 0.2575 0.5116666666666667 0.0125 0.019166666666666665
0 0.3625 0.5058333333333334 0.010833333333333334 0.016666666666666666
0 0.45666666666666667 0.5066666666666667 0.010833333333333334 0.016666666666666666
0 0.5483333333333333 0.5091666666666667 0.009166666666666667 0.015833333333333335
0 0.4658333333333333 0.6366666666666667 0.04666666666666667 0.07416666666666667
0 0.66 0.5116666666666667 0.01 0.016666666666666666
4 0.6083333333333333 0.5675 0.029166666666666667 0.045
4 0.8666666666666667 0.5441666666666667 0.023333333333333334 0.03
2 0.67 0.595 0.03666666666666667 0.055
2 0.6958333333333333 0.55 0.023333333333333334 0.0325