0 0.84 0.5141666666666667 0.025833333333333333 0.085
0 0.585 0.535 0.029166666666666667 0.10416666666666667
0 0.7716666666666666 0.3925 0.008333333333333333 0.035
4 0.5825 0.3616666666666667 0.004166666666666667 0.0175
4 0.6075 0.3616666666666667 0.0033333333333333335 0.016666666666666666
4 0.8541666666666666 0.37583333333333335 0.004166666666666667 0.018333333333333333
0 0.6616666666666666 0.38 0.008333333333333333 0.03166666666666667
0 0.48833333333333334 0.35583333333333333 0.004166666666666667 0.018333333333333333
4 0.9066666666666666 0.3775 0.005 0.019166666666666665
0 0.9366666666666666 0.4041666666666667 0.010833333333333334 0.035833333333333335
0 0.875 0.37333333333333335 0.004166666666666667 0.014166666666666666
4 0.73 0.36916666666666664 0.004166666666666667 0.018333333333333333
4 0.6441666666666667 0.3675 0.005833333333333334 0.021666666666666667
0 0.51 0.35833333333333334 0.005 0.021666666666666667
0 0.5016666666666667 0.355 0.004166666666666667 0.016666666666666666
0 0.6008333333333333 0.3725 0.006666666666666667 0.025833333333333333
4 0.7883333333333333 0.3725 0.004166666666666667 0.018333333333333333
4 0.7233333333333334 0.37416666666666665 0.006666666666666667 0.025833333333333333
0 0.5333333333333333 0.35583333333333333 0.004166666666666667 0.016666666666666666
0 0.7666666666666667 0.36833333333333335 0.004166666666666667 0.015
4 0.8408333333333333 0.38333333333333336 0.006666666666666667 0.0225
4 0.5716666666666667 0.36083333333333334 0.004166666666666667 0.0175
0 0.5575 0.365 0.005833333333333334 0.0225
0 0.8233333333333334 0.37083333333333335 0.004166666666666667 0.014166666666666666
4 0.65 0.365 0.005 0.018333333333333333
0 0.585 0.3591666666666667 0.0025 0.016666666666666666
0 0.7091666666666666 0.36666666666666664 0.004166666666666667 0.015
4 0.9416666666666667 0.3883333333333333 0.006666666666666667 0.028333333333333332