0 0.4766666666666667 0.5008333333333334 0.021666666666666667 0.08583333333333333
0 0.5816666666666667 0.42583333333333334 0.01 0.0425
4 0.7058333333333333 0.42916666666666664 0.009166666666666667 0.03833333333333333
0 0.5091666666666667 0.44166666666666665 0.014166666666666666 0.05583333333333333
4 0.6091666666666666 0.38333333333333336 0.005833333333333334 0.021666666666666667
4 0.7333333333333333 0.4666666666666667 0.013333333333333334 0.0525
2 0.12 0.3233333333333333 0.008333333333333333 0.029166666666666667
4 0.6525 0.37916666666666665 0.005 0.018333333333333333
0 0.9125 0.4216666666666667 0.006666666666666667 0.025833333333333333
0 0.5266666666666666 0.39666666666666667 0.008333333333333333 0.03666666666666667
4 0.8258333333333333 0.43333333333333335 0.008333333333333333 0.03166666666666667
4 0.9425 0.42333333333333334 0.005833333333333334 0.0225
2 0.18916666666666668 0.3225 0.006666666666666667 0.024166666666666666
2 0.060833333333333336 0.32416666666666666 0.008333333333333333 0.03166666666666667
4 0.7691666666666667 0.4166666666666667 0.0075 0.030833333333333334
2 0.325 0.32916666666666666 0.004166666666666667 0.020833333333333332
4 0.8583333333333333 0.4066666666666667 0.005 0.021666666666666667
2 0.22666666666666666 0.3233333333333333 0.005 0.0225
0 0.545 0.36666666666666664 0.004166666666666667 0.020833333333333332
0 0.9266666666666666 0.435 0.006666666666666667 0.035833333333333335
0 0.5925 0.3675 0.004166666666666667 0.021666666666666667
4 0.93 0.45666666666666667 0.011666666666666667 0.041666666666666664
2 0.15666666666666668 0.32083333333333336 0.008333333333333333 0.0275
0 0.5108333333333334 0.38083333333333336 0.0075 0.0275
4 0.6216666666666667 0.37916666666666665 0.004166666666666667 0.019166666666666665
4 0.69 0.3825 0.005 0.021666666666666667
4 0.74 0.4025 0.006666666666666667 0.0275
2 0.3516666666666667 0.32916666666666666 0.005 0.018333333333333333
4 0.785 0.39416666666666667 0.005 0.020833333333333332
4 0.7716666666666666 0.515 0.0175 0.07166666666666667
4 0.6183333333333333 0.39416666666666667 0.005833333333333334 0.024166666666666666
0 0.7508333333333334 0.38416666666666666 0.0033333333333333335 0.016666666666666666
0 0.6425 0.37083333333333335 0.004166666666666667 0.018333333333333333
4 0.65 0.41 0.006666666666666667 0.0325
4 0.7258333333333333 0.3825 0.005 0.021666666666666667
0 0.9066666666666666 0.415 0.005833333333333334 0.018333333333333333
0 0.8525 0.41833333333333333 0.008333333333333333 0.0275
4 0.8708333333333333 0.6041666666666666 0.0375 0.1175
2 0.28583333333333333 0.3283333333333333 0.004166666666666667 0.0175
2 0.3858333333333333 0.33166666666666667 0.004166666666666667 0.015
0 0.5141666666666667 0.37 0.005 0.0275
4 0.7608333333333334 0.39916666666666667 0.005833333333333334 0.024166666666666666
4 0.8175 0.4025 0.005833333333333334 0.025
0 0.8208333333333333 0.39416666666666667 0.005 0.019166666666666665
4 0.9 0.41583333333333333 0.005833333333333334 0.025
0 0.29083333333333333 0.785 0.02666666666666667 0.12583333333333332