0 0.25333333333333335 0.43166666666666664 0.013333333333333334 0.05416666666666667
4 0.7933333333333333 0.6541666666666667 0.043333333333333335 0.1725
0 0.23083333333333333 0.7558333333333334 0.0575 0.185
4 0.55 0.4791666666666667 0.020833333333333332 0.08166666666666667
0 0.24666666666666667 0.5066666666666667 0.023333333333333334 0.09
4 0.9325 0.3883333333333333 0.0125 0.04416666666666667
4 0.4675 0.4275 0.013333333333333334 0.05583333333333333
4 0.6166666666666667 0.3408333333333333 0.0033333333333333335 0.018333333333333333
4 0.5875 0.32416666666666666 0.0025 0.011666666666666667
0 0.9266666666666666 0.3591666666666667 0.006666666666666667 0.03166666666666667
4 0.5241666666666667 0.35083333333333333 0.004166666666666667 0.0225
0 0.36666666666666664 0.375 0.006666666666666667 0.030833333333333334
0 0.825 0.3525 0.005 0.0275
4 0.6316666666666667 0.3358333333333333 0.004166666666666667 0.0175
0 0.4175 0.3616666666666667 0.005833333333333334 0.025
0 0.7191666666666666 0.3308333333333333 0.004166666666666667 0.016666666666666666
4 0.6608333333333334 0.33166666666666667 0.0033333333333333335 0.015
4 0.47 0.37583333333333335 0.006666666666666667 0.03166666666666667
4 0.5533333333333333 0.3375 0.0033333333333333335 0.016666666666666666
4 0.73 0.3616666666666667 0.0075 0.030833333333333334
0 0.47583333333333333 0.3441666666666667 0.004166666666666667 0.018333333333333333
0 0.5116666666666667 0.3333333333333333 0.0033333333333333335 0.014166666666666666
4 0.5025 0.36083333333333334 0.006666666666666667 0.025833333333333333
4 0.6616666666666666 0.35583333333333333 0.005833333333333334 0.025
4 0.5625 0.3333333333333333 0.0033333333333333335 0.016666666666666666
4 0.6916666666666667 0.3283333333333333 0.0025 0.013333333333333334
0 0.7016666666666667 0.3433333333333333 0.005 0.019166666666666665
0 0.44916666666666666 0.3525 0.005833333333333334 0.021666666666666667
0 0.7683333333333333 0.32416666666666666 0.0033333333333333335 0.014166666666666666
4 0.44916666666666666 0.3933333333333333 0.009166666666666667 0.03916666666666667
4 0.715 0.3258333333333333 0.0033333333333333335 0.014166666666666666
0 0.30333333333333334 0.39416666666666667 0.009166666666666667 0.03833333333333333
4 0.5408333333333334 0.3425 0.004166666666666667 0.019166666666666665
4 0.61 0.32166666666666666 0.0025 0.010833333333333334
4 0.6225 0.34833333333333333 0.005 0.0225
0 0.495 0.3383333333333333 0.0033333333333333335 0.0175
0 0.52 0.33 0.0033333333333333335 0.014166666666666666
4 0.8316666666666667 0.37083333333333335 0.009166666666666667 0.035833333333333335
0 0.53 0.3275 0.0025 0.013333333333333334
4 0.5708333333333333 0.33 0.0033333333333333335 0.014166666666666666
0 0.7333333333333333 0.3491666666666667 0.004166666666666667 0.0225
0 0.7466666666666667 0.3275 0.0025 0.015
0 0.54 0.32416666666666666 0.0025 0.011666666666666667
4 0.5775 0.3275 0.0025 0.013333333333333334
0 0.6966666666666667 0.33666666666666667 0.004166666666666667 0.018333333333333333
0 0.5566666666666666 0.3225 0.0025 0.010833333333333334
0 0.585 0.32083333333333336 0.0016666666666666668 0.010833333333333334
0 0.6225 0.31916666666666665 0.0025 0.01
0 0.7866666666666666 0.32166666666666666 0.0025 0.013333333333333334