0 0.21083333333333334 0.36666666666666664 0.019166666666666665 0.07833333333333334
0 0.5025 0.32166666666666666 0.01 0.041666666666666664
0 0.785 0.35083333333333333 0.008333333333333333 0.03333333333333333
0 0.36333333333333334 0.3283333333333333 0.011666666666666667 0.05416666666666667
0 0.9458333333333333 0.38166666666666665 0.008333333333333333 0.035
4 0.5258333333333334 0.37583333333333335 0.014166666666666666 0.06333333333333334
4 0.6125 0.3591666666666667 0.010833333333333334 0.049166666666666664
4 0.4658333333333333 0.43083333333333335 0.020833333333333332 0.09
2 0.13333333333333333 0.2708333333333333 0.01 0.0425
2 0.09666666666666666 0.22583333333333333 0.005833333333333334 0.025833333333333333
2 0.11166666666666666 0.24416666666666667 0.0075 0.03166666666666667
2 0.06416666666666666 0.22416666666666665 0.006666666666666667 0.025833333333333333
2 0.17583333333333334 0.32416666666666666 0.015 0.06166666666666667
4 0.7175 0.36333333333333334 0.01 0.043333333333333335
0 0.6416666666666667 0.32916666666666666 0.006666666666666667 0.035
4 0.495 0.6075 0.043333333333333335 0.16916666666666666
4 0.8375 0.37916666666666665 0.009166666666666667 0.04
3 0.46416666666666667 0.25666666666666665 0.0016666666666666668 0.014166666666666666
3 0.49833333333333335 0.25833333333333336 0.0016666666666666668 0.015
3 0.6358333333333334 0.2891666666666667 0.0025 0.0175
3 0.5975 0.2875 0.0025 0.018333333333333333
3 0.5691666666666667 0.27416666666666667 0.0025 0.015
3 0.5258333333333334 0.2708333333333333 0.0025 0.016666666666666666
3 0.40166666666666667 0.24166666666666667 0.0016666666666666668 0.013333333333333334
3 0.3883333333333333 0.24333333333333335 0.0025 0.014166666666666666
3 0.10083333333333333 0.2125 0.0025 0.011666666666666667
3 0.105 0.22083333333333333 0.0033333333333333335 0.020833333333333332
3 0.155 0.21916666666666668 0.0033333333333333335 0.0175
3 0.19833333333333333 0.21666666666666667 0.0025 0.014166666666666666
3 0.22583333333333333 0.22416666666666665 0.0025 0.014166666666666666
3 0.3016666666666667 0.2275 0.0025 0.014166666666666666
3 0.30833333333333335 0.23166666666666666 0.0025 0.015