0 0.06666666666666667 0.24916666666666668 0.0075 0.025833333333333333
4 0.3225 0.4975 0.035833333333333335 0.12916666666666668
0 0.09416666666666666 0.2425 0.006666666666666667 0.024166666666666666
0 0.8466666666666667 0.30666666666666664 0.005833333333333334 0.021666666666666667
4 0.24166666666666667 0.37333333333333335 0.018333333333333333 0.0775
0 0.055 0.265 0.008333333333333333 0.0325
4 0.8958333333333334 0.3225 0.0075 0.025833333333333333
0 0.11916666666666667 0.24083333333333334 0.005833333333333334 0.020833333333333332
4 0.17833333333333334 0.2725 0.008333333333333333 0.03166666666666667
4 0.19416666666666665 0.25666666666666665 0.005833333333333334 0.025
0 0.25666666666666665 0.2425 0.004166666666666667 0.0175
0 0.17333333333333334 0.24 0.004166666666666667 0.019166666666666665
4 0.7916666666666666 0.30583333333333335 0.005 0.024166666666666666
0 0.385 0.25083333333333335 0.0033333333333333335 0.016666666666666666
0 0.7708333333333334 0.2966666666666667 0.005 0.019166666666666665
0 0.6266666666666667 0.2775 0.004166666666666667 0.0175
4 0.5925 0.28 0.005 0.020833333333333332
0 0.44 0.25416666666666665 0.0025 0.015
4 0.185 0.29083333333333333 0.01 0.04
4 0.41583333333333333 0.2575 0.004166666666666667 0.019166666666666665
4 0.20416666666666666 0.3175 0.0125 0.0525
0 0.4975 0.26 0.0033333333333333335 0.016666666666666666
4 0.25083333333333335 0.24916666666666668 0.004166666666666667 0.020833333333333332
4 0.6933333333333334 0.2916666666666667 0.005 0.0225
4 0.505 0.2683333333333333 0.004166666666666667 0.020833333333333332
4 0.615 0.7883333333333333 0.025833333333333333 0.11916666666666667
0 0.5566666666666666 0.2683333333333333 0.004166666666666667 0.0175
0 0.3333333333333333 0.24666666666666667 0.0025 0.0175
0 0.6958333333333333 0.2866666666666667 0.0033333333333333335 0.019166666666666665
4 0.3308333333333333 0.25083333333333335 0.004166666666666667 0.019166666666666665