0 0.7083333333333334 0.31166666666666665 0.0075 0.028333333333333332
0 0.6025 0.29333333333333333 0.006666666666666667 0.025833333333333333
0 0.38916666666666666 0.2633333333333333 0.005833333333333334 0.025833333333333333
4 0.4141666666666667 0.2791666666666667 0.008333333333333333 0.03166666666666667
4 0.19333333333333333 0.3275 0.015 0.06416666666666666
0 0.94 0.3541666666666667 0.01 0.030833333333333334
0 0.4975 0.27666666666666667 0.006666666666666667 0.025
4 0.33666666666666667 0.2725 0.008333333333333333 0.0325
4 0.45166666666666666 0.5233333333333333 0.03833333333333333 0.13833333333333334
1 0.82 0.32416666666666666 0.010833333333333334 0.04666666666666667
0 0.17083333333333334 0.25 0.008333333333333333 0.035
4 0.5908333333333333 0.30666666666666664 0.008333333333333333 0.030833333333333334
4 0.21583333333333332 0.28 0.010833333333333334 0.0425
0 0.28 0.25416666666666665 0.008333333333333333 0.025833333333333333
1 0.855 0.3441666666666667 0.013333333333333334 0.0575
1 0.8291666666666667 0.3383333333333333 0.0125 0.05583333333333333
1 0.8016666666666666 0.32 0.01 0.04666666666666667
4 0.72 0.32916666666666666 0.008333333333333333 0.035
4 0.19083333333333333 0.29583333333333334 0.01 0.0525
4 0.265 0.27416666666666667 0.010833333333333334 0.035
4 0.305 0.4125 0.025 0.09666666666666666
4 0.4841666666666667 0.28833333333333333 0.008333333333333333 0.03166666666666667
0 0.051666666666666666 0.25666666666666665 0.005833333333333334 0.041666666666666664
4 0.6766666666666666 0.7016666666666667 0.0525 0.20583333333333334
0 0.8108333333333333 0.32916666666666666 0.0075 0.030833333333333334
4 0.8425 0.35083333333333333 0.008333333333333333 0.03666666666666667