0 0.5641666666666667 0.5291666666666667 0.0275 0.09416666666666666
0 0.7216666666666667 0.51 0.021666666666666667 0.07583333333333334
0 0.36083333333333334 0.6025 0.03833333333333333 0.14416666666666667
2 0.22666666666666666 0.335 0.006666666666666667 0.021666666666666667
2 0.17916666666666667 0.335 0.0075 0.021666666666666667
2 0.13416666666666666 0.3325 0.008333333333333333 0.021666666666666667
2 0.07666666666666666 0.32916666666666666 0.008333333333333333 0.024166666666666666
0 0.8766666666666667 0.5041666666666667 0.019166666666666665 0.065
2 0.5816666666666667 0.37333333333333335 0.005833333333333334 0.020833333333333332
2 0.5083333333333333 0.365 0.005833333333333334 0.019166666666666665
2 0.5466666666666666 0.36916666666666664 0.0075 0.0225
2 0.6158333333333333 0.37666666666666665 0.006666666666666667 0.020833333333333332