0 0.88 0.4058333333333333 0.011666666666666667 0.04416666666666667
0 0.5783333333333334 0.4558333333333333 0.019166666666666665 0.0725
0 0.765 0.425 0.013333333333333334 0.05416666666666667
0 0.8975 0.3908333333333333 0.009166666666666667 0.035833333333333335
4 0.9325 0.5325 0.030833333333333334 0.1025
4 0.8841666666666667 0.3433333333333333 0.0033333333333333335 0.015
0 0.8433333333333334 0.37416666666666665 0.008333333333333333 0.030833333333333334
0 0.7666666666666667 0.3525 0.005 0.020833333333333332
4 0.8575 0.3525 0.005 0.021666666666666667
0 0.8 0.3616666666666667 0.005833333333333334 0.024166666666666666
0 0.7966666666666666 0.3408333333333333 0.0033333333333333335 0.014166666666666666
4 0.9216666666666666 0.36916666666666664 0.006666666666666667 0.025833333333333333
4 0.8783333333333333 0.36 0.005 0.020833333333333332
0 0.36333333333333334 0.5625 0.03666666666666667 0.125
0 0.7808333333333334 0.3433333333333333 0.0033333333333333335 0.014166666666666666