0 0.18083333333333335 0.365 0.023333333333333334 0.07916666666666666
0 0.36333333333333334 0.3358333333333333 0.0125 0.05416666666666667
0 0.44666666666666666 0.29333333333333333 0.005833333333333334 0.028333333333333332
0 0.4675 0.32416666666666666 0.008333333333333333 0.04
0 0.4608333333333333 0.3025 0.006666666666666667 0.0325
4 0.5183333333333333 0.29333333333333333 0.005 0.024166666666666666
4 0.56 0.4066666666666667 0.015833333333333335 0.07083333333333333
4 0.5558333333333333 0.30666666666666664 0.006666666666666667 0.0275
0 0.3983333333333333 0.27416666666666667 0.005 0.025
4 0.6441666666666667 0.38166666666666665 0.011666666666666667 0.050833333333333335
4 0.62 0.3383333333333333 0.008333333333333333 0.035
0 0.25083333333333335 0.2275 0.0025 0.015
0 0.445 0.33166666666666667 0.01 0.043333333333333335
4 0.5875 0.32083333333333336 0.006666666666666667 0.03166666666666667
0 0.36916666666666664 0.2658333333333333 0.005 0.0225
0 0.6708333333333333 0.29583333333333334 0.0025 0.013333333333333334
4 0.7841666666666667 0.31166666666666665 0.0025 0.010833333333333334
4 0.6983333333333334 0.30416666666666664 0.0025 0.015
4 0.9358333333333333 0.3491666666666667 0.004166666666666667 0.014166666666666666
4 0.415 0.26416666666666666 0.004166666666666667 0.024166666666666666
4 0.4425 0.2725 0.004166666666666667 0.021666666666666667
0 0.24416666666666667 0.23 0.0033333333333333335 0.016666666666666666
4 0.5141666666666667 0.2683333333333333 0.0025 0.015
4 0.5075 0.44333333333333336 0.020833333333333332 0.09
4 0.3375 0.24583333333333332 0.004166666666666667 0.0175
4 0.3541666666666667 0.24083333333333334 0.0033333333333333335 0.014166666666666666
4 0.385 0.245 0.0033333333333333335 0.014166666666666666
4 0.6608333333333334 0.2975 0.0033333333333333335 0.014166666666666666
0 0.2683333333333333 0.23833333333333334 0.0033333333333333335 0.018333333333333333
0 0.31416666666666665 0.25083333333333335 0.004166666666666667 0.020833333333333332
4 0.9025 0.3383333333333333 0.0025 0.011666666666666667
4 0.8583333333333333 0.3283333333333333 0.0025 0.010833333333333334
0 0.3441666666666667 0.25833333333333336 0.004166666666666667 0.021666666666666667
4 0.32916666666666666 0.23833333333333334 0.0033333333333333335 0.015
4 0.3825 0.2575 0.004166666666666667 0.019166666666666665
4 0.48083333333333333 0.2825 0.004166666666666667 0.024166666666666666
0 0.4741666666666667 0.31333333333333335 0.006666666666666667 0.035
4 0.735 0.31 0.0025 0.014166666666666666
4 0.655 0.36333333333333334 0.009166666666666667 0.043333333333333335
4 0.5166666666666667 0.5716666666666667 0.03916666666666667 0.14583333333333334
0 0.6458333333333334 0.2916666666666667 0.0025 0.013333333333333334
4 0.4166666666666667 0.2475 0.0016666666666666668 0.008333333333333333
0 0.7316666666666667 0.3 0.0016666666666666668 0.008333333333333333
0 0.4216666666666667 0.2833333333333333 0.005 0.0275
0 0.4716666666666667 0.2575 0.0025 0.013333333333333334
4 0.8283333333333334 0.32083333333333336 0.0025 0.010833333333333334
4 0.9183333333333333 0.3441666666666667 0.0033333333333333335 0.013333333333333334
0 0.7041666666666667 0.30083333333333334 0.0025 0.010833333333333334
4 0.46166666666666667 0.25916666666666666 0.0033333333333333335 0.014166666666666666
0 0.925 0.3416666666666667 0.0025 0.010833333333333334
0 0.2791666666666667 0.22833333333333333 0.0025 0.013333333333333334
4 0.7533333333333333 0.30666666666666664 0.0025 0.011666666666666667
4 0.8025 0.31583333333333335 0.0025 0.01
0 0.36916666666666664 0.24 0.0025 0.011666666666666667
4 0.7575 0.31333333333333335 0.0025 0.013333333333333334
0 0.52 0.26666666666666666 0.0025 0.011666666666666667
0 0.7158333333333333 0.3016666666666667 0.0025 0.011666666666666667
0 0.4216666666666667 0.24833333333333332 0.0025 0.011666666666666667
0 0.7133333333333334 0.3016666666666667 0.0025 0.011666666666666667
0 0.6916666666666667 0.2991666666666667 0.0025 0.011666666666666667
1 0.5666666666666667 0.27416666666666667 0.0033333333333333335 0.0225
4 0.6208333333333333 0.29 0.0025 0.014166666666666666
0 0.7075 0.2975 0.0016666666666666668 0.01
1 0.5575 0.2725 0.004166666666666667 0.021666666666666667
0 0.7108333333333333 0.2966666666666667 0.0016666666666666668 0.008333333333333333
4 0.32083333333333336 0.24166666666666667 0.0033333333333333335 0.015
0 0.845 0.3225 0.0025 0.010833333333333334