0 0.47 0.37083333333333335 0.018333333333333333 0.0775
0 0.425 0.34 0.0125 0.06
0 0.84 0.21666666666666667 0.005833333333333334 0.024166666666666666
0 0.9033333333333333 0.21333333333333335 0.006666666666666667 0.025
0 0.2575 0.31916666666666665 0.01 0.043333333333333335
0 0.21666666666666667 0.305 0.0075 0.03333333333333333
0 0.305 0.26916666666666667 0.005 0.0225
0 0.5033333333333333 0.42 0.020833333333333332 0.09916666666666667
4 0.8775 0.365 0.0225 0.08916666666666667
0 0.5441666666666667 0.23333333333333334 0.004166666666666667 0.019166666666666665
4 0.6783333333333333 0.23166666666666666 0.005833333333333334 0.024166666666666666
0 0.24416666666666667 0.2866666666666667 0.005833333333333334 0.028333333333333332
4 0.7791666666666667 0.23083333333333333 0.0075 0.0275
4 0.8558333333333333 0.2275 0.0075 0.029166666666666667
0 0.6266666666666667 0.22583333333333333 0.004166666666666667 0.019166666666666665
4 0.6141666666666666 0.2916666666666667 0.010833333333333334 0.0475
4 0.7208333333333333 0.31416666666666665 0.014166666666666666 0.060833333333333336
4 0.42583333333333334 0.25583333333333336 0.006666666666666667 0.025
0 0.4891666666666667 0.5441666666666667 0.03916666666666667 0.1525
4 0.5516666666666666 0.24083333333333334 0.005833333333333334 0.0225
0 0.46416666666666667 0.24333333333333335 0.004166666666666667 0.020833333333333332
4 0.6183333333333333 0.235 0.005833333333333334 0.024166666666666666
0 0.7975 0.21916666666666668 0.005 0.0225
4 0.4816666666666667 0.24833333333333332 0.006666666666666667 0.0225
0 0.375 0.3283333333333333 0.0125 0.0525
0 0.7091666666666666 0.2225 0.005833333333333334 0.020833333333333332
4 0.36 0.2816666666666667 0.008333333333333333 0.030833333333333334
0 0.3825 0.255 0.005833333333333334 0.020833333333333332
4 0.5133333333333333 0.285 0.009166666666666667 0.041666666666666664
4 0.39166666666666666 0.2841666666666667 0.009166666666666667 0.03333333333333333
0 0.31416666666666665 0.7875 0.0275 0.12083333333333333
4 0.39 0.26416666666666666 0.006666666666666667 0.025833333333333333
3 0.06333333333333334 0.265 0.0016666666666666668 0.008333333333333333
3 0.07 0.27 0.0016666666666666668 0.01
3 0.075 0.2708333333333333 0.0016666666666666668 0.010833333333333334
3 0.08 0.2633333333333333 0.0016666666666666668 0.0075
3 0.08166666666666667 0.2658333333333333 0.0016666666666666668 0.01
3 0.0825 0.26916666666666667 0.0025 0.01
3 0.08666666666666667 0.26416666666666666 0.0016666666666666668 0.008333333333333333
3 0.08916666666666667 0.26916666666666667 0.0025 0.011666666666666667
3 0.09583333333333334 0.26666666666666666 0.0025 0.01
3 0.10166666666666667 0.265 0.0016666666666666668 0.01
3 0.10666666666666667 0.265 0.0025 0.01
3 0.14583333333333334 0.2608333333333333 0.0025 0.010833333333333334
3 0.20166666666666666 0.2525 0.0016666666666666668 0.01
3 0.23333333333333334 0.25083333333333335 0.0025 0.010833333333333334
3 0.235 0.24916666666666668 0.0025 0.011666666666666667
3 0.26 0.24833333333333332 0.0025 0.011666666666666667
3 0.2633333333333333 0.25 0.0016666666666666668 0.010833333333333334
3 0.265 0.24583333333333332 0.0016666666666666668 0.010833333333333334
3 0.31166666666666665 0.24166666666666667 0.0025 0.011666666666666667
3 0.31583333333333335 0.24333333333333335 0.0025 0.011666666666666667
4 0.3616666666666667 0.2725 0.005 0.028333333333333332