0 0.12416666666666666 0.6583333333333333 0.04666666666666667 0.17166666666666666
0 0.4708333333333333 0.485 0.025833333333333333 0.08333333333333333
0 0.5966666666666667 0.43166666666666664 0.0175 0.06
4 0.8725 0.48833333333333334 0.0175 0.06666666666666667
0 0.8525 0.41333333333333333 0.01 0.03666666666666667
0 0.8916666666666667 0.4033333333333333 0.008333333333333333 0.0325
0 0.74 0.4175 0.0125 0.04583333333333333
4 0.8383333333333334 0.5908333333333333 0.0375 0.11416666666666667
0 0.9266666666666666 0.38333333333333336 0.004166666666666667 0.018333333333333333
0 0.91 0.395 0.005833333333333334 0.025
0 0.915 0.39 0.004166666666666667 0.0275