0 0.12666666666666668 0.305 0.013333333333333334 0.050833333333333335
0 0.09166666666666666 0.2775 0.010833333333333334 0.03833333333333333
4 0.295 0.36 0.018333333333333333 0.06666666666666667
0 0.7741666666666667 0.3225 0.0075 0.028333333333333332
0 0.5708333333333333 0.2875 0.005833333333333334 0.0225
0 0.6525 0.3016666666666667 0.006666666666666667 0.025
4 0.27416666666666667 0.4816666666666667 0.03166666666666667 0.12166666666666667
4 0.5116666666666667 0.2925 0.005833333333333334 0.025833333333333333
4 0.6983333333333334 0.3275 0.008333333333333333 0.0325
4 0.3375 0.31666666666666665 0.0125 0.04666666666666667
4 0.825 0.3516666666666667 0.010833333333333334 0.03833333333333333
0 0.4875 0.2758333333333333 0.005 0.021666666666666667
4 0.59 0.30416666666666664 0.006666666666666667 0.028333333333333332
4 0.15416666666666667 0.25666666666666665 0.008333333333333333 0.03166666666666667
0 0.4175 0.26416666666666666 0.005 0.019166666666666665
4 0.25333333333333335 0.2808333333333333 0.01 0.035833333333333335
4 0.6941666666666667 0.7666666666666667 0.030833333333333334 0.16
4 0.305 0.25 0.005833333333333334 0.019166666666666665
4 0.05583333333333333 0.21583333333333332 0.005 0.014166666666666666
4 0.10333333333333333 0.22083333333333333 0.004166666666666667 0.016666666666666666
0 0.8991666666666667 0.3458333333333333 0.008333333333333333 0.03166666666666667
4 0.17916666666666667 0.235 0.005833333333333334 0.0175
4 0.14416666666666667 0.23083333333333333 0.005 0.0175
4 0.44333333333333336 0.2816666666666667 0.006666666666666667 0.025
0 0.3616666666666667 0.25583333333333336 0.004166666666666667 0.0175
4 0.37333333333333335 0.2675 0.005833333333333334 0.021666666666666667
0 0.23416666666666666 0.235 0.004166666666666667 0.015
0 0.07666666666666666 0.21166666666666667 0.004166666666666667 0.013333333333333334
0 0.19083333333333333 0.2275 0.004166666666666667 0.016666666666666666
0 0.2925 0.24166666666666667 0.005 0.0175
4 0.23 0.23833333333333334 0.004166666666666667 0.016666666666666666
0 0.15666666666666668 0.22083333333333333 0.004166666666666667 0.014166666666666666