4 0.44166666666666665 0.565 0.03166666666666667 0.14916666666666667
0 0.4175 0.30666666666666664 0.004166666666666667 0.024166666666666666
4 0.36333333333333334 0.3575 0.011666666666666667 0.05
4 0.3958333333333333 0.33666666666666667 0.009166666666666667 0.03916666666666667
0 0.3125 0.30333333333333334 0.0075 0.0325
0 0.12916666666666668 0.3175 0.015 0.056666666666666664
4 0.4766666666666667 0.3275 0.006666666666666667 0.0275
4 0.5058333333333334 0.325 0.005833333333333334 0.024166666666666666
0 0.4533333333333333 0.30666666666666664 0.004166666666666667 0.019166666666666665
0 0.23416666666666666 0.3025 0.010833333333333334 0.041666666666666664
4 0.7716666666666666 0.3225 0.0025 0.008333333333333333
4 0.9341666666666667 0.37416666666666665 0.0033333333333333335 0.013333333333333334
4 0.375 0.4008333333333333 0.016666666666666666 0.07416666666666667
4 0.5891666666666666 0.31916666666666665 0.0025 0.016666666666666666
4 0.62 0.31333333333333335 0.0016666666666666668 0.014166666666666666
4 0.9083333333333333 0.3975 0.004166666666666667 0.019166666666666665
4 0.6916666666666667 0.3075 0.0016666666666666668 0.010833333333333334
4 0.5516666666666666 0.32 0.004166666666666667 0.018333333333333333
0 0.5308333333333334 0.30333333333333334 0.0033333333333333335 0.015
4 0.8158333333333333 0.33416666666666667 0.0016666666666666668 0.01
0 0.885 0.35083333333333333 0.0025 0.01
4 0.945 0.44 0.009166666666666667 0.035833333333333335
4 0.5316666666666666 0.32166666666666666 0.004166666666666667 0.021666666666666667
4 0.8558333333333333 0.3475 0.0025 0.010833333333333334
4 0.6066666666666667 0.31583333333333335 0.0025 0.014166666666666666
0 0.9158333333333334 0.36083333333333334 0.0033333333333333335 0.010833333333333334
4 0.6733333333333333 0.3075 0.0025 0.010833333333333334
4 0.8741666666666666 0.4075 0.006666666666666667 0.025833333333333333
0 0.5858333333333333 0.2991666666666667 0.0025 0.013333333333333334
4 0.6475 0.30833333333333335 0.0025 0.010833333333333334
0 0.48 0.30583333333333335 0.004166666666666667 0.018333333333333333
1 0.4975 0.2991666666666667 0.005833333333333334 0.03166666666666667
0 0.37416666666666665 0.30333333333333334 0.006666666666666667 0.028333333333333332
4 0.44333333333333336 0.3308333333333333 0.0075 0.03166666666666667
4 0.7258333333333333 0.31166666666666665 0.0016666666666666668 0.008333333333333333
1 0.5066666666666667 0.2991666666666667 0.004166666666666667 0.029166666666666667
4 0.8675 0.39416666666666667 0.005 0.021666666666666667
4 0.66 0.30833333333333335 0.0025 0.010833333333333334
4 0.8925 0.36083333333333334 0.0033333333333333335 0.010833333333333334
0 0.6233333333333333 0.29833333333333334 0.0016666666666666668 0.01
4 0.6333333333333333 0.31 0.0025 0.011666666666666667
0 0.5525 0.3025 0.0033333333333333335 0.016666666666666666
0 0.7025 0.3025 0.0016666666666666668 0.01
0 0.605 0.2975 0.0025 0.011666666666666667
0 0.6491666666666667 0.29583333333333334 0.0016666666666666668 0.008333333333333333
1 0.565 0.31416666666666665 0.005 0.030833333333333334
1 0.5725 0.315 0.004166666666666667 0.028333333333333332
0 0.8191666666666667 0.3308333333333333 0.0016666666666666668 0.01
0 0.6375 0.29833333333333334 0.0016666666666666668 0.01
0 0.85 0.3408333333333333 0.0025 0.01
0 0.7433333333333333 0.3125 0.0016666666666666668 0.01
0 0.7891666666666667 0.325 0.0025 0.008333333333333333
2 0.9466666666666667 0.3458333333333333 0.0016666666666666668 0.005833333333333334
0 0.6641666666666667 0.2975 0.0016666666666666668 0.01
4 0.94 0.3475 0.0008333333333333334 0.006666666666666667
4 0.5683333333333334 0.31916666666666665 0.0025 0.020833333333333332
0 0.5716666666666667 0.2991666666666667 0.0025 0.015
0 0.5025 0.305 0.0033333333333333335 0.018333333333333333
0 0.6758333333333333 0.29833333333333334 0.0016666666666666668 0.01
0 0.9258333333333333 0.33916666666666667 0.0016666666666666668 0.006666666666666667
0 0.8258333333333333 0.32083333333333336 0.0016666666666666668 0.005833333333333334
0 0.8166666666666667 0.31666666666666665 0.0016666666666666668 0.006666666666666667
0 0.8058333333333333 0.315 0.0016666666666666668 0.0075
0 0.8025 0.31333333333333335 0.0008333333333333334 0.0075
4 0.785 0.30833333333333335 0.0016666666666666668 0.0075
4 0.7933333333333333 0.30916666666666665 0.0008333333333333334 0.0075
4 0.7975 0.31583333333333335 0.0016666666666666668 0.0075
4 0.8116666666666666 0.31166666666666665 0.0016666666666666668 0.008333333333333333
4 0.8216666666666667 0.31916666666666665 0.0016666666666666668 0.0075
4 0.8283333333333334 0.3258333333333333 0.0016666666666666668 0.0075
4 0.93 0.3475 0.0008333333333333334 0.005833333333333334
4 0.9291666666666667 0.33916666666666667 0.0008333333333333334 0.006666666666666667
4 0.95 0.34 0.0008333333333333334 0.005833333333333334
4 0.9466666666666667 0.3416666666666667 0.0008333333333333334 0.004166666666666667
0 0.95 0.3458333333333333 0.0016666666666666668 0.004166666666666667
4 0.7825 0.30833333333333335 0.0008333333333333334 0.006666666666666667
4 0.7808333333333334 0.30833333333333335 0.0008333333333333334 0.0075