4 0.885 0.39166666666666666 0.016666666666666666 0.06333333333333334
0 0.7275 0.30833333333333335 0.005833333333333334 0.025833333333333333
0 0.82 0.3425 0.009166666666666667 0.03916666666666667
4 0.15833333333333333 0.3875 0.020833333333333332 0.07916666666666666
0 0.7708333333333334 0.32 0.0075 0.029166666666666667
4 0.6666666666666666 0.3375 0.01 0.0425
0 0.1025 0.25416666666666665 0.006666666666666667 0.021666666666666667
0 0.6733333333333333 0.29583333333333334 0.005 0.0225
4 0.6158333333333333 0.3025 0.0075 0.025833333333333333
4 0.6491666666666667 0.31833333333333336 0.0075 0.03333333333333333
4 0.55 0.2891666666666667 0.005 0.024166666666666666
4 0.255 0.475 0.0325 0.115
0 0.14416666666666667 0.24916666666666668 0.0033333333333333335 0.018333333333333333
0 0.8566666666666667 0.30416666666666664 0.004166666666666667 0.015
4 0.14833333333333334 0.33166666666666667 0.0125 0.049166666666666664
4 0.5133333333333333 0.26916666666666667 0.004166666666666667 0.0175
4 0.48833333333333334 0.28 0.004166666666666667 0.020833333333333332
4 0.2125 0.25583333333333336 0.005 0.021666666666666667
4 0.18083333333333335 0.26166666666666666 0.005 0.0225
4 0.6183333333333333 0.2725 0.0033333333333333335 0.015
4 0.745 0.2833333333333333 0.0033333333333333335 0.014166666666666666
4 0.88 0.29583333333333334 0.004166666666666667 0.015
0 0.7391666666666666 0.2875 0.0025 0.014166666666666666
4 0.78 0.26 0.0016666666666666668 0.008333333333333333
0 0.585 0.2758333333333333 0.004166666666666667 0.0175
4 0.9208333333333333 0.2966666666666667 0.0033333333333333335 0.013333333333333334
4 0.8141666666666667 0.26 0.0016666666666666668 0.008333333333333333
4 0.69 0.25666666666666665 0.0025 0.01
4 0.5016666666666667 0.7091666666666666 0.055 0.21166666666666667
0 0.27166666666666667 0.24083333333333334 0.0033333333333333335 0.014166666666666666
4 0.6766666666666666 0.27666666666666667 0.0025 0.016666666666666666
0 0.9275 0.30833333333333335 0.0033333333333333335 0.013333333333333334
4 0.14333333333333334 0.30416666666666664 0.006666666666666667 0.03333333333333333
4 0.32666666666666666 0.24333333333333335 0.0025 0.013333333333333334
4 0.24 0.25 0.004166666666666667 0.019166666666666665
4 0.7208333333333333 0.2575 0.0025 0.008333333333333333
0 0.18583333333333332 0.24666666666666667 0.004166666666666667 0.0175
4 0.2866666666666667 0.24333333333333335 0.0033333333333333335 0.015
0 0.6266666666666667 0.2791666666666667 0.0033333333333333335 0.016666666666666666
0 0.7958333333333333 0.2941666666666667 0.0033333333333333335 0.015
4 0.9308333333333333 0.2725 0.0025 0.008333333333333333
0 0.8925 0.2633333333333333 0.0025 0.01
4 0.52 0.25333333333333335 0.0025 0.010833333333333334
0 0.23416666666666666 0.24416666666666667 0.0033333333333333335 0.014166666666666666
4 0.9441666666666667 0.2791666666666667 0.0025 0.01
4 0.3566666666666667 0.245 0.0025 0.014166666666666666
4 0.8175 0.2891666666666667 0.0025 0.013333333333333334
4 0.9 0.2675 0.0025 0.008333333333333333
0 0.31166666666666665 0.23916666666666667 0.0025 0.010833333333333334
4 0.6625 0.2575 0.0025 0.010833333333333334
4 0.49 0.25083333333333335 0.0016666666666666668 0.010833333333333334
4 0.25666666666666665 0.24666666666666667 0.004166666666666667 0.0175
4 0.15166666666666667 0.2708333333333333 0.0075 0.029166666666666667
4 0.9408333333333333 0.29333333333333333 0.0025 0.011666666666666667
4 0.43083333333333335 0.24916666666666668 0.0016666666666666668 0.010833333333333334
0 0.39916666666666667 0.24583333333333332 0.0016666666666666668 0.008333333333333333
4 0.7491666666666666 0.25833333333333336 0.0016666666666666668 0.008333333333333333
4 0.9483333333333334 0.2833333333333333 0.0025 0.010833333333333334
0 0.47333333333333333 0.25083333333333335 0.0025 0.01
1 0.5566666666666666 0.25 0.0033333333333333335 0.015
0 0.9383333333333334 0.27 0.0016666666666666668 0.01
4 0.6375 0.25833333333333336 0.0025 0.011666666666666667
4 0.9458333333333333 0.28833333333333333 0.0025 0.011666666666666667
4 0.4608333333333333 0.25083333333333335 0.0025 0.011666666666666667
4 0.6066666666666667 0.2575 0.0025 0.010833333333333334
4 0.39416666666666667 0.24666666666666667 0.0025 0.010833333333333334
0 0.7591666666666667 0.25583333333333336 0.0016666666666666668 0.008333333333333333
1 0.5458333333333333 0.25 0.0025 0.015
1 0.5666666666666667 0.25083333333333335 0.0033333333333333335 0.0175
4 0.5666666666666667 0.26916666666666667 0.0033333333333333335 0.016666666666666666
0 0.73 0.255 0.0016666666666666668 0.0075
0 0.665 0.2525 0.0025 0.01
0 0.7 0.2525 0.0016666666666666668 0.01
0 0.5025 0.25166666666666665 0.0025 0.01
0 0.44 0.2475 0.0025 0.010833333333333334
4 0.14416666666666667 0.2833333333333333 0.0075 0.0325
0 0.615 0.28583333333333333 0.0033333333333333335 0.019166666666666665
0 0.6433333333333333 0.2525 0.0016666666666666668 0.01
0 0.5266666666666666 0.2525 0.0025 0.01
0 0.8233333333333334 0.25583333333333336 0.0016666666666666668 0.0075
0 0.6783333333333333 0.2816666666666667 0.0033333333333333335 0.016666666666666666
4 0.5483333333333333 0.25333333333333335 0.0025 0.013333333333333334
0 0.6133333333333333 0.2525 0.0016666666666666668 0.008333333333333333
0 0.5508333333333333 0.2525 0.0016666666666666668 0.01
4 0.5716666666666667 0.25583333333333336 0.0025 0.010833333333333334
1 0.5783333333333334 0.25333333333333335 0.0033333333333333335 0.0175
4 0.8558333333333333 0.26166666666666666 0.0025 0.010833333333333334
0 0.8525 0.2575 0.0025 0.010833333333333334
0 0.8083333333333333 0.25583333333333336 0.0025 0.008333333333333333
0 0.7858333333333334 0.25416666666666665 0.0025 0.01