2 0.06916666666666667 0.2733333333333333 0.015833333333333335 0.050833333333333335
4 0.0675 0.5025 0.03833333333333333 0.1525
3 0.14083333333333334 0.24583333333333332 0.009166666666666667 0.0325
3 0.24166666666666667 0.2608333333333333 0.008333333333333333 0.035
3 0.17916666666666667 0.22083333333333333 0.005833333333333334 0.0225
3 0.11333333333333333 0.20916666666666667 0.005 0.020833333333333332
3 0.2 0.23416666666666666 0.006666666666666667 0.0275
3 0.16416666666666666 0.20916666666666667 0.0033333333333333335 0.018333333333333333
3 0.24666666666666667 0.2225 0.004166666666666667 0.020833333333333332
3 0.08583333333333333 0.19916666666666666 0.004166666666666667 0.019166666666666665
3 0.08833333333333333 0.19333333333333333 0.0025 0.014166666666666666
3 0.2925 0.24166666666666667 0.005833333333333334 0.025833333333333333