0 0.8158333333333333 0.3308333333333333 0.015 0.06166666666666667
0 0.9358333333333333 0.235 0.0075 0.030833333333333334
0 0.9033333333333333 0.2425 0.0075 0.030833333333333334
0 0.7241666666666666 0.41833333333333333 0.0225 0.09916666666666667
0 0.8683333333333333 0.25583333333333336 0.008333333333333333 0.03333333333333333
0 0.8525 0.28583333333333333 0.010833333333333334 0.043333333333333335
0 0.34833333333333333 0.7916666666666666 0.029166666666666667 0.11166666666666666
4 0.9241666666666667 0.19666666666666666 0.0016666666666666668 0.008333333333333333
4 0.9291666666666667 0.195 0.0016666666666666668 0.0075
4 0.9175 0.19666666666666666 0.0016666666666666668 0.008333333333333333
4 0.915 0.1975 0.0016666666666666668 0.008333333333333333
4 0.9125 0.19833333333333333 0.0016666666666666668 0.01
4 0.9091666666666667 0.20083333333333334 0.0025 0.01