4 0.25416666666666665 0.3225 0.013333333333333334 0.05
4 0.18083333333333335 0.265 0.0075 0.029166666666666667
2 0.8566666666666667 0.5116666666666667 0.02666666666666667 0.10083333333333333
4 0.15 0.24166666666666667 0.005833333333333334 0.019166666666666665
4 0.3616666666666667 0.4058333333333333 0.023333333333333334 0.08333333333333333
4 0.20833333333333334 0.2866666666666667 0.01 0.03833333333333333
2 0.4475 0.31833333333333336 0.01 0.041666666666666664
4 0.13333333333333333 0.22916666666666666 0.004166666666666667 0.016666666666666666
4 0.14083333333333334 0.23416666666666666 0.004166666666666667 0.018333333333333333
4 0.16166666666666665 0.25083333333333335 0.006666666666666667 0.025
4 0.12833333333333333 0.22416666666666665 0.004166666666666667 0.014166666666666666
4 0.71 0.67 0.0525 0.18833333333333332
4 0.12416666666666666 0.22083333333333333 0.0025 0.011666666666666667
2 0.11333333333333333 0.21333333333333335 0.0016666666666666668 0.01
2 0.12 0.2175 0.0033333333333333335 0.013333333333333334
2 0.11083333333333334 0.21166666666666667 0.0016666666666666668 0.008333333333333333
1 0.11916666666666667 0.2125 0.0025 0.014166666666666666
2 0.11583333333333333 0.215 0.0025 0.011666666666666667