0 0.42916666666666664 0.29083333333333333 0.010833333333333334 0.04666666666666667
4 0.7641666666666667 0.27166666666666667 0.013333333333333334 0.0525
0 0.305 0.28583333333333333 0.008333333333333333 0.03916666666666667
4 0.6475 0.25833333333333336 0.01 0.0425
4 0.3725 0.24416666666666667 0.006666666666666667 0.025833333333333333
4 0.905 0.30416666666666664 0.02 0.07166666666666667
0 0.6258333333333334 0.4216666666666667 0.028333333333333332 0.11083333333333334
0 0.29 0.2475 0.005 0.0225
4 0.4116666666666667 0.23 0.005 0.0225
4 0.54 0.25416666666666665 0.009166666666666667 0.03916666666666667
0 0.6016666666666667 0.3491666666666667 0.018333333333333333 0.08166666666666667
4 0.49333333333333335 0.21416666666666667 0.005 0.019166666666666665
0 0.7175 0.18666666666666668 0.005 0.0175
4 0.425 0.25416666666666665 0.008333333333333333 0.0325
0 0.5633333333333334 0.315 0.015 0.06416666666666666
4 0.4508333333333333 0.22083333333333333 0.004166666666666667 0.020833333333333332
0 0.24666666666666667 0.27666666666666667 0.0075 0.03166666666666667
0 0.5 0.29833333333333334 0.0125 0.05583333333333333
4 0.6466666666666666 0.20083333333333334 0.005 0.020833333333333332
0 0.6375 0.19583333333333333 0.004166666666666667 0.0175
0 0.5958333333333333 0.19916666666666666 0.004166666666666667 0.0175
0 0.5583333333333333 0.5416666666666666 0.0425 0.1675
4 0.8 0.18166666666666667 0.004166666666666667 0.0175
0 0.33916666666666667 0.23333333333333334 0.004166666666666667 0.019166666666666665
0 0.7958333333333333 0.16666666666666666 0.0025 0.010833333333333334
0 0.735 0.185 0.004166666666666667 0.016666666666666666
4 0.7783333333333333 0.18583333333333332 0.0033333333333333335 0.0175
0 0.77 0.16916666666666666 0.0025 0.010833333333333334
0 0.6941666666666667 0.19 0.004166666666666667 0.0175
0 0.6633333333333333 0.19333333333333333 0.004166666666666667 0.0175
4 0.7433333333333333 0.19 0.004166666666666667 0.019166666666666665
0 0.7575 0.17916666666666667 0.0025 0.015
4 0.8825 0.16166666666666665 0.0025 0.013333333333333334
0 0.2075 0.79 0.028333333333333332 0.11333333333333333
4 0.5416666666666666 0.20833333333333334 0.004166666666666667 0.019166666666666665
0 0.75 0.18166666666666667 0.0025 0.015
0 0.24833333333333332 0.26166666666666666 0.006666666666666667 0.025833333333333333
4 0.8341666666666666 0.16583333333333333 0.0025 0.011666666666666667
4 0.5791666666666667 0.20583333333333334 0.004166666666666667 0.019166666666666665
0 0.9275 0.1575 0.0033333333333333335 0.010833333333333334
4 0.8541666666666666 0.16416666666666666 0.0025 0.013333333333333334
4 0.6983333333333334 0.19583333333333333 0.004166666666666667 0.020833333333333332
4 0.8166666666666667 0.17916666666666667 0.0033333333333333335 0.016666666666666666
4 0.38333333333333336 0.25166666666666665 0.005833333333333334 0.029166666666666667
4 0.945 0.15833333333333333 0.0033333333333333335 0.013333333333333334
0 0.4608333333333333 0.21333333333333335 0.004166666666666667 0.0175
4 0.9158333333333334 0.16 0.0025 0.011666666666666667
0 0.3983333333333333 0.2225 0.004166666666666667 0.018333333333333333
4 0.38083333333333336 0.23833333333333334 0.005 0.024166666666666666
0 0.5275 0.205 0.0033333333333333335 0.016666666666666666
0 0.8766666666666667 0.16 0.0025 0.01
0 0.7616666666666667 0.17583333333333334 0.0033333333333333335 0.018333333333333333
4 0.8258333333333333 0.17583333333333334 0.0025 0.015
4 0.8241666666666667 0.17333333333333334 0.0025 0.014166666666666666
4 0.815 0.16833333333333333 0.0033333333333333335 0.013333333333333334
4 0.82 0.17083333333333334 0.0025 0.013333333333333334
4 0.8225 0.16666666666666666 0.0025 0.013333333333333334
0 0.8325 0.1625 0.0025 0.011666666666666667