0 0.15916666666666668 0.24166666666666667 0.009166666666666667 0.029166666666666667
4 0.09666666666666666 0.2808333333333333 0.0125 0.049166666666666664
0 0.2708333333333333 0.24416666666666667 0.0075 0.025833333333333333
0 0.7758333333333334 0.31083333333333335 0.005833333333333334 0.024166666666666666
0 0.7291666666666666 0.30416666666666664 0.006666666666666667 0.0275
4 0.1275 0.42916666666666664 0.029166666666666667 0.11
4 0.2425 0.26166666666666666 0.009166666666666667 0.035
0 0.6691666666666667 0.2925 0.005 0.024166666666666666
4 0.31666666666666665 0.26166666666666666 0.008333333333333333 0.03166666666666667
4 0.74 0.31833333333333336 0.008333333333333333 0.0325
0 0.5716666666666667 0.2758333333333333 0.005833333333333334 0.0225
4 0.93 0.3441666666666667 0.006666666666666667 0.0275
4 0.6583333333333333 0.30416666666666664 0.006666666666666667 0.029166666666666667
4 0.17083333333333334 0.2683333333333333 0.010833333333333334 0.04
4 0.47333333333333333 0.27416666666666667 0.006666666666666667 0.0275
0 0.8191666666666667 0.315 0.004166666666666667 0.024166666666666666
4 0.415 0.2683333333333333 0.006666666666666667 0.029166666666666667
4 0.9266666666666666 0.31666666666666665 0.0033333333333333335 0.016666666666666666
0 0.8558333333333333 0.31083333333333335 0.0033333333333333335 0.019166666666666665
0 0.9091666666666667 0.30416666666666664 0.0033333333333333335 0.014166666666666666
4 0.9391666666666667 0.31416666666666665 0.0033333333333333335 0.015
4 0.8216666666666667 0.3325 0.0075 0.030833333333333334
0 0.4716666666666667 0.26166666666666666 0.004166666666666667 0.0225
4 0.5625 0.2866666666666667 0.006666666666666667 0.028333333333333332
0 0.8358333333333333 0.3025 0.0033333333333333335 0.0175
4 0.4075 0.595 0.0475 0.175
0 0.8625 0.2975 0.0025 0.013333333333333334
4 0.9233333333333333 0.31333333333333335 0.0025 0.016666666666666666
0 0.8491666666666666 0.3175 0.005 0.024166666666666666
0 0.86 0.31666666666666665 0.004166666666666667 0.021666666666666667
0 0.37666666666666665 0.2525 0.005833333333333334 0.024166666666666666
0 0.8375 0.2975 0.0033333333333333335 0.018333333333333333