2 0.5366666666666666 0.30333333333333334 0.014166666666666666 0.060833333333333336
2 0.54 0.455 0.03 0.12916666666666668
2 0.34 0.31916666666666665 0.016666666666666666 0.06
2 0.435 0.24 0.006666666666666667 0.029166666666666667
0 0.9341666666666667 0.43583333333333335 0.0325 0.13083333333333333
2 0.5325 0.2325 0.004166666666666667 0.028333333333333332
2 0.4025 0.26666666666666666 0.009166666666666667 0.03916666666666667
2 0.5033333333333333 0.23416666666666666 0.006666666666666667 0.029166666666666667
2 0.535 0.25666666666666665 0.009166666666666667 0.03666666666666667
2 0.15666666666666668 0.4708333333333333 0.0375 0.11666666666666667
0 0.545 0.7208333333333333 0.0675 0.25083333333333335
2 0.4691666666666667 0.23666666666666666 0.006666666666666667 0.028333333333333332
3 0.4708333333333333 0.225 0.0025 0.021666666666666667
3 0.5475 0.22333333333333333 0.004166666666666667 0.0225
3 0.55 0.21 0.0025 0.019166666666666665
3 0.6008333333333333 0.21083333333333334 0.0033333333333333335 0.021666666666666667
3 0.6483333333333333 0.1975 0.0025 0.0175
3 0.6775 0.2025 0.0025 0.0175
3 0.7658333333333334 0.19083333333333333 0.0025 0.018333333333333333
3 0.775 0.19583333333333333 0.0025 0.019166666666666665
3 0.8841666666666667 0.19333333333333333 0.0033333333333333335 0.019166666666666665
3 0.9016666666666666 0.1875 0.0025 0.018333333333333333