0 0.3016666666666667 0.52 0.024166666666666666 0.09916666666666667
0 0.32166666666666666 0.4325 0.013333333333333334 0.056666666666666664
0 0.4083333333333333 0.4066666666666667 0.01 0.043333333333333335
0 0.515 0.385 0.008333333333333333 0.035
0 0.5883333333333334 0.3725 0.006666666666666667 0.030833333333333334
0 0.6875 0.37083333333333335 0.006666666666666667 0.025833333333333333
0 0.7766666666666666 0.37 0.006666666666666667 0.025
0 0.8266666666666667 0.36833333333333335 0.005833333333333334 0.020833333333333332
0 0.8625 0.3641666666666667 0.005 0.019166666666666665
0 0.8783333333333333 0.36083333333333334 0.004166666666666667 0.0175
0 0.9058333333333334 0.3566666666666667 0.004166666666666667 0.0175
4 0.5783333333333334 0.4725 0.020833333333333332 0.07083333333333333
4 0.6008333333333333 0.4325 0.015 0.0525
4 0.6416666666666667 0.41 0.01 0.04
4 0.7208333333333333 0.395 0.008333333333333333 0.03333333333333333
4 0.715 0.5741666666666667 0.03666666666666667 0.1175
4 0.78 0.4241666666666667 0.010833333333333334 0.043333333333333335
4 0.81 0.39166666666666666 0.006666666666666667 0.030833333333333334
4 0.8275 0.45666666666666667 0.0175 0.06
4 0.8558333333333333 0.4116666666666667 0.010833333333333334 0.03833333333333333
4 0.8858333333333334 0.3883333333333333 0.008333333333333333 0.028333333333333332
4 0.935 0.38166666666666665 0.006666666666666667 0.025833333333333333
4 0.94 0.4116666666666667 0.008333333333333333 0.0325