0 0.7208333333333333 0.4675 0.0425 0.13916666666666666
0 0.08333333333333333 0.7708333333333334 0.034166666666666665 0.1525
3 0.0575 0.28833333333333333 0.006666666666666667 0.025833333333333333
3 0.06 0.2791666666666667 0.004166666666666667 0.0225
3 0.08583333333333333 0.2275 0.0016666666666666668 0.006666666666666667
3 0.08 0.22833333333333333 0.0016666666666666668 0.006666666666666667
3 0.11833333333333333 0.22666666666666666 0.0016666666666666668 0.0075
3 0.12666666666666668 0.2225 0.0008333333333333334 0.0075
3 0.6058333333333333 0.17916666666666667 0.0016666666666666668 0.0075
3 0.615 0.17666666666666667 0.0016666666666666668 0.0075
3 0.6233333333333333 0.17583333333333334 0.0016666666666666668 0.0075
3 0.63 0.17333333333333334 0.0016666666666666668 0.0075
3 0.6375 0.17166666666666666 0.0016666666666666668 0.008333333333333333
3 0.7066666666666667 0.1725 0.0016666666666666668 0.008333333333333333
3 0.7975 0.16833333333333333 0.0016666666666666668 0.01
3 0.8325 0.16416666666666666 0.0016666666666666668 0.008333333333333333
3 0.8525 0.165 0.0016666666666666668 0.008333333333333333
3 0.8633333333333333 0.15916666666666668 0.0016666666666666668 0.011666666666666667
3 0.9008333333333334 0.16083333333333333 0.0016666666666666668 0.010833333333333334
3 0.9058333333333334 0.15833333333333333 0.0025 0.008333333333333333
3 0.9458333333333333 0.15833333333333333 0.0025 0.01