2 0.3025 0.3433333333333333 0.020833333333333332 0.0725
2 0.2025 0.2708333333333333 0.0125 0.04666666666666667
2 0.0875 0.18666666666666668 0.005 0.020833333333333332
2 0.1025 0.19583333333333333 0.006666666666666667 0.025
2 0.12166666666666667 0.21166666666666667 0.0075 0.029166666666666667
2 0.15333333333333332 0.23416666666666666 0.008333333333333333 0.03333333333333333
2 0.0675 0.17083333333333334 0.004166666666666667 0.016666666666666666
2 0.06 0.16583333333333333 0.0033333333333333335 0.014166666666666666
2 0.5841666666666666 0.54 0.03916666666666667 0.14
2 0.07666666666666666 0.1775 0.004166666666666667 0.018333333333333333
2 0.05416666666666667 0.16166666666666665 0.0033333333333333335 0.013333333333333334
2 0.05 0.15833333333333333 0.0025 0.013333333333333334