4 0.6 0.4058333333333333 0.015833333333333335 0.06916666666666667
4 0.7525 0.38333333333333336 0.0125 0.0475
0 0.8733333333333333 0.37083333333333335 0.008333333333333333 0.03333333333333333
0 0.7425 0.35 0.008333333333333333 0.035
4 0.67 0.38666666666666666 0.013333333333333334 0.05583333333333333
0 0.1925 0.385 0.021666666666666667 0.07833333333333334
0 0.3725 0.3425 0.014166666666666666 0.056666666666666664
4 0.5816666666666667 0.4683333333333333 0.0225 0.0975
0 0.6225 0.33666666666666667 0.0075 0.035
0 0.5025 0.3325 0.01 0.043333333333333335
4 0.84 0.39 0.0125 0.043333333333333335
4 0.6441666666666667 0.6208333333333333 0.04083333333333333 0.16166666666666665
4 0.9483333333333334 0.4075 0.005833333333333334 0.041666666666666664