2 0.8316666666666667 0.21166666666666667 0.011666666666666667 0.04
2 0.7241666666666666 0.36916666666666664 0.028333333333333332 0.10416666666666667
2 0.8 0.25583333333333336 0.016666666666666666 0.0575
2 0.8491666666666666 0.1875 0.008333333333333333 0.03166666666666667
2 0.86 0.17166666666666666 0.0075 0.025833333333333333
2 0.8683333333333333 0.1625 0.005 0.020833333333333332
2 0.8725 0.15666666666666668 0.004166666666666667 0.01
4 0.23416666666666666 0.2025 0.0025 0.01
0 0.23 0.20416666666666666 0.0025 0.010833333333333334
0 0.4216666666666667 0.175 0.0025 0.008333333333333333
0 0.41083333333333333 0.1775 0.0025 0.0075
0 0.405 0.17583333333333334 0.0025 0.01
4 0.38333333333333336 0.17916666666666667 0.0025 0.008333333333333333
4 0.3875 0.17916666666666667 0.0025 0.008333333333333333
4 0.32 0.18833333333333332 0.0025 0.0075
0 0.3408333333333333 0.1875 0.0025 0.0075
4 0.3641666666666667 0.18166666666666667 0.0025 0.008333333333333333
4 0.37166666666666665 0.18166666666666667 0.0025 0.008333333333333333
0 0.31 0.19166666666666668 0.0025 0.008333333333333333
4 0.205 0.2075 0.0025 0.008333333333333333
0 0.295 0.19333333333333333 0.0016666666666666668 0.008333333333333333
4 0.18333333333333332 0.21083333333333334 0.0025 0.008333333333333333
0 0.2708333333333333 0.1975 0.0025 0.008333333333333333
4 0.2633333333333333 0.1975 0.0025 0.008333333333333333
0 0.25833333333333336 0.19666666666666666 0.0016666666666666668 0.008333333333333333
4 0.22083333333333333 0.2025 0.0016666666666666668 0.008333333333333333
4 0.15 0.21333333333333335 0.0016666666666666668 0.01
0 0.15166666666666667 0.21583333333333332 0.0016666666666666668 0.01