4 0.15416666666666667 0.3858333333333333 0.010833333333333334 0.041666666666666664
4 0.30083333333333334 0.4825 0.025 0.08666666666666667
4 0.5433333333333333 0.6108333333333333 0.021666666666666667 0.12833333333333333
4 0.18 0.405 0.013333333333333334 0.049166666666666664
4 0.22833333333333333 0.43416666666666665 0.019166666666666665 0.06416666666666666
4 0.13166666666666665 0.3725 0.009166666666666667 0.035
4 0.0925 0.34833333333333333 0.005833333333333334 0.0225
4 0.10166666666666667 0.355 0.0075 0.0275
4 0.0775 0.34 0.004166666666666667 0.019166666666666665
4 0.11416666666666667 0.3625 0.0075 0.029166666666666667
4 0.06416666666666666 0.3375 0.004166666666666667 0.018333333333333333
4 0.08333333333333333 0.3441666666666667 0.005 0.020833333333333332