0 0.21833333333333332 0.5058333333333334 0.011666666666666667 0.0175
0 0.25166666666666665 0.5316666666666666 0.021666666666666667 0.018333333333333333
0 0.42833333333333334 0.5466666666666666 0.020833333333333332 0.03
0 0.4475 0.5091666666666667 0.008333333333333333 0.015
0 0.6933333333333334 0.5416666666666666 0.021666666666666667 0.0175
0 0.6108333333333333 0.5108333333333334 0.005833333333333334 0.013333333333333334
0 0.5808333333333333 0.5025 0.006666666666666667 0.01
4 0.0725 0.5283333333333333 0.021666666666666667 0.030833333333333334
4 0.2658333333333333 0.6666666666666666 0.06666666666666667 0.09
4 0.22583333333333333 0.5558333333333333 0.0225 0.034166666666666665
4 0.36583333333333334 0.5733333333333334 0.035833333333333335 0.03166666666666667
4 0.325 0.5141666666666667 0.0125 0.018333333333333333
4 0.4425 0.5283333333333333 0.015 0.0225
4 0.8633333333333333 0.5816666666666667 0.03666666666666667 0.030833333333333334
4 0.6808333333333333 0.525 0.011666666666666667 0.019166666666666665
4 0.6141666666666666 0.5208333333333334 0.011666666666666667 0.0175
4 0.5666666666666667 0.5058333333333334 0.006666666666666667 0.0125
2 0.8783333333333333 0.6283333333333333 0.04416666666666667 0.043333333333333335