0 0.2125 0.34 0.016666666666666666 0.06416666666666666
4 0.485 0.49 0.02666666666666667 0.11416666666666667
0 0.29083333333333333 0.30583333333333335 0.01 0.043333333333333335
4 0.49 0.39416666666666667 0.016666666666666666 0.07166666666666667
4 0.35833333333333334 0.2791666666666667 0.006666666666666667 0.030833333333333334
0 0.24666666666666667 0.2758333333333333 0.008333333333333333 0.035
4 0.2891666666666667 0.2633333333333333 0.006666666666666667 0.0275
0 0.2733333333333333 0.32083333333333336 0.0125 0.04666666666666667
0 0.2 0.26416666666666666 0.008333333333333333 0.0325
4 0.11 0.23083333333333333 0.006666666666666667 0.025
4 0.21083333333333334 0.2475 0.006666666666666667 0.025833333333333333
0 0.2733333333333333 0.28833333333333333 0.008333333333333333 0.03833333333333333
4 0.3566666666666667 0.24166666666666667 0.0033333333333333335 0.015
4 0.4825 0.3325 0.01 0.043333333333333335
0 0.9225 0.335 0.0025 0.011666666666666667
4 0.49916666666666665 0.35833333333333334 0.011666666666666667 0.05583333333333333
0 0.2941666666666667 0.23083333333333333 0.0033333333333333335 0.014166666666666666
4 0.18916666666666668 0.21916666666666668 0.004166666666666667 0.016666666666666666
0 0.23666666666666666 0.2225 0.0033333333333333335 0.014166666666666666
4 0.9133333333333333 0.335 0.0025 0.011666666666666667
0 0.31916666666666665 0.23333333333333334 0.0025 0.013333333333333334
4 0.9391666666666667 0.3433333333333333 0.0025 0.015
4 0.10416666666666667 0.21166666666666667 0.004166666666666667 0.016666666666666666
4 0.9308333333333333 0.3541666666666667 0.004166666666666667 0.018333333333333333
4 0.06666666666666667 0.20833333333333334 0.004166666666666667 0.018333333333333333
4 0.32166666666666666 0.23833333333333334 0.0025 0.014166666666666666
4 0.41833333333333333 0.2991666666666667 0.009166666666666667 0.035
4 0.8975 0.3408333333333333 0.004166666666666667 0.018333333333333333
4 0.22333333333333333 0.22333333333333333 0.004166666666666667 0.014166666666666666
4 0.9308333333333333 0.34 0.0033333333333333335 0.013333333333333334
4 0.9058333333333334 0.3458333333333333 0.004166666666666667 0.016666666666666666
4 0.06166666666666667 0.22083333333333333 0.005833333333333334 0.024166666666666666
0 0.1425 0.2525 0.0075 0.0325
0 0.1725 0.21333333333333335 0.0025 0.014166666666666666
4 0.9366666666666666 0.3441666666666667 0.0025 0.014166666666666666
4 0.6441666666666667 0.7666666666666667 0.03 0.16166666666666665
0 0.2725 0.2275 0.0025 0.014166666666666666
0 0.3516666666666667 0.23666666666666666 0.0025 0.014166666666666666
4 0.14416666666666667 0.21333333333333335 0.0033333333333333335 0.016666666666666666
0 0.3375 0.235 0.0025 0.011666666666666667
0 0.1075 0.20583333333333334 0.0033333333333333335 0.015
4 0.9091666666666667 0.3408333333333333 0.0025 0.014166666666666666
4 0.2808333333333333 0.2325 0.004166666666666667 0.015
1 0.6091666666666666 0.27166666666666667 0.0025 0.015
1 0.5758333333333333 0.26666666666666666 0.0033333333333333335 0.016666666666666666
1 0.5816666666666667 0.2675 0.0025 0.015
1 0.605 0.27166666666666667 0.0025 0.015