0 0.8475 0.3875 0.008333333333333333 0.035833333333333335
0 0.4091666666666667 0.3383333333333333 0.010833333333333334 0.050833333333333335
0 0.5575 0.3416666666666667 0.009166666666666667 0.04
0 0.24666666666666667 0.365 0.019166666666666665 0.075
0 0.7 0.3591666666666667 0.008333333333333333 0.035833333333333335
4 0.48 0.43 0.0225 0.08333333333333333
4 0.5575 0.39 0.016666666666666666 0.06166666666666667
4 0.895 0.4175 0.010833333333333334 0.043333333333333335
4 0.4583333333333333 0.565 0.03666666666666667 0.14583333333333334
4 0.7691666666666667 0.39416666666666667 0.010833333333333334 0.04416666666666667
4 0.6558333333333334 0.3825 0.011666666666666667 0.05
3 0.14666666666666667 0.21833333333333332 0.0033333333333333335 0.018333333333333333
3 0.2425 0.23166666666666666 0.004166666666666667 0.018333333333333333
3 0.25666666666666665 0.23083333333333333 0.0033333333333333335 0.015
3 0.32916666666666666 0.24916666666666668 0.0033333333333333335 0.0175
3 0.36583333333333334 0.25166666666666665 0.0033333333333333335 0.016666666666666666
3 0.4008333333333333 0.2658333333333333 0.0033333333333333335 0.018333333333333333
3 0.445 0.2708333333333333 0.0033333333333333335 0.0175
3 0.48083333333333333 0.2866666666666667 0.0033333333333333335 0.020833333333333332
3 0.5175 0.2866666666666667 0.0033333333333333335 0.018333333333333333