0 0.42 0.32916666666666666 0.011666666666666667 0.0525
0 0.3775 0.30666666666666664 0.008333333333333333 0.03916666666666667
0 0.38 0.5541666666666667 0.03916666666666667 0.14666666666666667
0 0.39916666666666667 0.3175 0.009166666666666667 0.043333333333333335
4 0.6716666666666666 0.30666666666666664 0.011666666666666667 0.050833333333333335
4 0.8666666666666667 0.3983333333333333 0.025833333333333333 0.10083333333333333
4 0.5216666666666666 0.2791666666666667 0.008333333333333333 0.03333333333333333
4 0.7483333333333333 0.33416666666666667 0.016666666666666666 0.06833333333333333
0 0.3491666666666667 0.2941666666666667 0.0075 0.029166666666666667
0 0.44083333333333335 0.44583333333333336 0.025833333333333333 0.10333333333333333
4 0.6041666666666666 0.2941666666666667 0.010833333333333334 0.04416666666666667
4 0.6358333333333334 0.23166666666666666 0.004166666666666667 0.020833333333333332
4 0.7066666666666667 0.2275 0.005 0.019166666666666665
0 0.3525 0.28 0.004166666666666667 0.025
4 0.465 0.26416666666666666 0.005 0.024166666666666666
0 0.44166666666666665 0.3491666666666667 0.011666666666666667 0.060833333333333336
0 0.8083333333333333 0.21333333333333335 0.006666666666666667 0.020833333333333332
0 0.4525 0.38083333333333336 0.016666666666666666 0.07416666666666667
0 0.44333333333333336 0.25416666666666665 0.005 0.019166666666666665
0 0.7291666666666666 0.21833333333333332 0.005833333333333334 0.019166666666666665
0 0.38916666666666666 0.26666666666666666 0.004166666666666667 0.021666666666666667
4 0.4741666666666667 0.25833333333333336 0.005 0.021666666666666667
4 0.5416666666666666 0.24416666666666667 0.005833333333333334 0.020833333333333332
4 0.5641666666666667 0.285 0.009166666666666667 0.04
0 0.5066666666666667 0.24166666666666667 0.004166666666666667 0.0175
4 0.7941666666666667 0.22083333333333333 0.006666666666666667 0.024166666666666666
0 0.6533333333333333 0.22416666666666665 0.005 0.018333333333333333
4 0.59 0.23833333333333334 0.005 0.019166666666666665
4 0.4725 0.27166666666666667 0.006666666666666667 0.025833333333333333
0 0.5783333333333334 0.23333333333333334 0.005 0.018333333333333333
0 0.1675 0.7791666666666667 0.0325 0.13333333333333333
4 0.5 0.25083333333333335 0.005 0.019166666666666665
1 0.8975 0.20083333333333334 0.005833333333333334 0.035833333333333335
1 0.8816666666666667 0.20083333333333334 0.005 0.03333333333333333
1 0.8925 0.2075 0.006666666666666667 0.03916666666666667
1 0.8733333333333333 0.20916666666666667 0.0075 0.04
4 0.8833333333333333 0.21583333333333332 0.005 0.0225
0 0.8891666666666667 0.20833333333333334 0.004166666666666667 0.0225