0 0.32166666666666666 0.355 0.018333333333333333 0.06666666666666667
4 0.6066666666666667 0.5191666666666667 0.028333333333333332 0.11666666666666667
4 0.7241666666666666 0.3883333333333333 0.0125 0.050833333333333335
0 0.4575 0.335 0.0125 0.04666666666666667
0 0.10583333333333333 0.42916666666666664 0.035833333333333335 0.11416666666666667
0 0.8208333333333333 0.3675 0.008333333333333333 0.0325
4 0.65 0.3958333333333333 0.016666666666666666 0.06
0 0.5791666666666667 0.33666666666666667 0.009166666666666667 0.03916666666666667
4 0.5908333333333333 0.4266666666666667 0.0175 0.0775
0 0.6958333333333333 0.3475 0.008333333333333333 0.035
4 0.8041666666666667 0.39166666666666666 0.011666666666666667 0.04416666666666667
4 0.9058333333333334 0.4066666666666667 0.010833333333333334 0.0425
4 0.7725 0.7566666666666667 0.05583333333333333 0.1825