0 0.32 0.7083333333333334 0.06333333333333334 0.22916666666666666
0 0.4625 0.4666666666666667 0.030833333333333334 0.11916666666666667
0 0.475 0.37916666666666665 0.019166666666666665 0.08166666666666667
0 0.4625 0.345 0.015 0.06666666666666667
0 0.45166666666666666 0.315 0.011666666666666667 0.0525
0 0.42333333333333334 0.3025 0.010833333333333334 0.04583333333333333
0 0.38666666666666666 0.2966666666666667 0.01 0.041666666666666664
0 0.3308333333333333 0.295 0.009166666666666667 0.03833333333333333
0 0.27 0.2891666666666667 0.006666666666666667 0.030833333333333334
0 0.275 0.2758333333333333 0.005833333333333334 0.025833333333333333
0 0.32166666666666666 0.26416666666666666 0.005 0.024166666666666666
0 0.3775 0.25333333333333335 0.004166666666666667 0.021666666666666667
0 0.4266666666666667 0.24333333333333335 0.0033333333333333335 0.020833333333333332
0 0.44916666666666666 0.23833333333333334 0.0033333333333333335 0.0175
0 0.465 0.2325 0.0033333333333333335 0.0175
4 0.855 0.3325 0.02 0.07833333333333334
4 0.73 0.2916666666666667 0.013333333333333334 0.0575
4 0.6558333333333334 0.2758333333333333 0.010833333333333334 0.04583333333333333
4 0.5833333333333334 0.2683333333333333 0.008333333333333333 0.04
4 0.5275 0.265 0.008333333333333333 0.035
4 0.44916666666666666 0.2658333333333333 0.006666666666666667 0.03166666666666667
4 0.4066666666666667 0.26166666666666666 0.005833333333333334 0.0275
4 0.4241666666666667 0.25583333333333336 0.005833333333333334 0.025833333333333333
4 0.4975 0.24 0.005 0.0225
4 0.5258333333333334 0.23166666666666666 0.004166666666666667 0.020833333333333332
4 0.5216666666666666 0.2175 0.0033333333333333335 0.015
4 0.53 0.21833333333333332 0.0033333333333333335 0.015
4 0.5475 0.22416666666666665 0.0033333333333333335 0.0175
4 0.6675 0.195 0.0033333333333333335 0.011666666666666667
4 0.6925 0.19333333333333333 0.0025 0.011666666666666667
4 0.7266666666666667 0.19166666666666668 0.0033333333333333335 0.013333333333333334
4 0.7591666666666667 0.19 0.0033333333333333335 0.013333333333333334
4 0.7875 0.19 0.004166666666666667 0.014166666666666666
4 0.8225 0.1875 0.0033333333333333335 0.014166666666666666
4 0.8975 0.1825 0.004166666666666667 0.015
0 0.9475 0.17416666666666666 0.0033333333333333335 0.015
0 0.47 0.22916666666666666 0.0033333333333333335 0.016666666666666666