0 0.25916666666666666 0.5566666666666666 0.034166666666666665 0.12166666666666667
0 0.39916666666666667 0.45 0.020833333333333332 0.06916666666666667
4 0.72 0.49166666666666664 0.023333333333333334 0.08583333333333333
0 0.25583333333333336 0.4225 0.015 0.058333333333333334
4 0.865 0.7083333333333334 0.051666666666666666 0.1925
0 0.6791666666666667 0.3975 0.0125 0.043333333333333335
4 0.14583333333333334 0.4033333333333333 0.010833333333333334 0.05
4 0.7866666666666666 0.43666666666666665 0.015833333333333335 0.06166666666666667
0 0.535 0.4175 0.015833333333333335 0.0525
4 0.8566666666666667 0.4125 0.0125 0.049166666666666664
4 0.2708333333333333 0.38166666666666665 0.010833333333333334 0.041666666666666664
4 0.765 0.3525 0.005833333333333334 0.019166666666666665
4 0.3541666666666667 0.36833333333333335 0.009166666666666667 0.0325
0 0.735 0.38083333333333336 0.008333333333333333 0.035
4 0.5766666666666667 0.34 0.005833333333333334 0.0175
4 0.8491666666666666 0.3883333333333333 0.009166666666666667 0.035833333333333335
0 0.67 0.3491666666666667 0.004166666666666667 0.019166666666666665
0 0.4483333333333333 0.37583333333333335 0.010833333333333334 0.035
4 0.45666666666666667 0.3525 0.0075 0.025
4 0.6333333333333333 0.3408333333333333 0.005 0.016666666666666666
4 0.6783333333333333 0.3425 0.004166666666666667 0.0175
4 0.8008333333333333 0.36 0.0075 0.025
0 0.6125 0.3458333333333333 0.005833333333333334 0.020833333333333332
4 0.41333333333333333 0.36 0.0075 0.028333333333333332
4 0.8208333333333333 0.3725 0.008333333333333333 0.028333333333333332
0 0.5325 0.35583333333333333 0.006666666666666667 0.025
4 0.49666666666666665 0.345 0.005833333333333334 0.020833333333333332
0 0.7191666666666666 0.36583333333333334 0.006666666666666667 0.029166666666666667
4 0.73 0.3475 0.005 0.0175
4 0.53 0.3416666666666667 0.005833333333333334 0.018333333333333333
0 0.37083333333333335 0.3958333333333333 0.011666666666666667 0.043333333333333335
0 0.5625 0.3491666666666667 0.005833333333333334 0.021666666666666667
0 0.49916666666666665 0.3641666666666667 0.008333333333333333 0.028333333333333332
0 0.7008333333333333 0.35583333333333333 0.005833333333333334 0.0225