0 0.32666666666666666 0.5266666666666666 0.0275 0.10083333333333333
0 0.5058333333333334 0.4716666666666667 0.019166666666666665 0.06916666666666667
0 0.8525 0.445 0.01 0.0425
0 0.9316666666666666 0.4475 0.008333333333333333 0.035
0 0.61 0.4525 0.013333333333333334 0.05583333333333333
0 0.725 0.43166666666666664 0.01 0.041666666666666664
4 0.885 0.5775 0.034166666666666665 0.10083333333333333
4 0.07833333333333334 0.3075 0.0025 0.015
2 0.23916666666666667 0.3375 0.004166666666666667 0.016666666666666666
2 0.2125 0.33416666666666667 0.005 0.018333333333333333
2 0.265 0.34 0.0033333333333333335 0.0175
2 0.29333333333333333 0.34 0.0025 0.011666666666666667
4 0.05583333333333333 0.31 0.0033333333333333335 0.015
4 0.058333333333333334 0.305 0.0016666666666666668 0.011666666666666667