0 0.7758333333333334 0.2425 0.005 0.024166666666666666
4 0.8916666666666667 0.2425 0.005 0.029166666666666667
0 0.7266666666666667 0.2658333333333333 0.009166666666666667 0.03166666666666667
0 0.7091666666666666 0.2791666666666667 0.009166666666666667 0.04
4 0.8983333333333333 0.28833333333333333 0.011666666666666667 0.04583333333333333
0 0.6733333333333333 0.30666666666666664 0.013333333333333334 0.050833333333333335
0 0.6158333333333333 0.3325 0.015 0.056666666666666664
0 0.5458333333333333 0.36666666666666664 0.018333333333333333 0.07416666666666667
4 0.8791666666666667 0.36583333333333334 0.024166666666666666 0.08083333333333333
0 0.45416666666666666 0.44083333333333335 0.025 0.10333333333333333
0 0.35083333333333333 0.5591666666666667 0.043333333333333335 0.16083333333333333
4 0.815 0.4375 0.0325 0.11333333333333333
4 0.9133333333333333 0.73 0.05416666666666667 0.20333333333333334
1 0.7516666666666667 0.2475 0.0075 0.050833333333333335
1 0.7575 0.2475 0.006666666666666667 0.050833333333333335
0 0.7641666666666667 0.25 0.006666666666666667 0.029166666666666667
4 0.9066666666666666 0.31166666666666665 0.014166666666666666 0.0525
1 0.8833333333333333 0.25833333333333336 0.013333333333333334 0.0625
0 0.7883333333333333 0.2375 0.005 0.0225
0 0.7975 0.23166666666666666 0.005 0.0225
0 0.8066666666666666 0.23 0.005 0.0225
0 0.8225 0.22666666666666666 0.005 0.020833333333333332
0 0.8466666666666667 0.2275 0.005 0.018333333333333333
0 0.8758333333333334 0.22583333333333333 0.005 0.019166666666666665
4 0.8975 0.23583333333333334 0.006666666666666667 0.02666666666666667
0 0.935 0.22666666666666666 0.006666666666666667 0.0225