4 0.41 0.2708333333333333 0.005 0.0225
4 0.43583333333333335 0.2683333333333333 0.005 0.024166666666666666
0 0.5941666666666666 0.2683333333333333 0.004166666666666667 0.021666666666666667
0 0.6541666666666667 0.2708333333333333 0.005 0.024166666666666666
0 0.25 0.29083333333333333 0.008333333333333333 0.029166666666666667
4 0.3575 0.2783333333333333 0.008333333333333333 0.0275
4 0.36583333333333334 0.27416666666666667 0.004166666666666667 0.021666666666666667
4 0.39166666666666666 0.2833333333333333 0.006666666666666667 0.029166666666666667
4 0.44916666666666666 0.28833333333333333 0.0075 0.029166666666666667
4 0.49333333333333335 0.29083333333333333 0.006666666666666667 0.03333333333333333
4 0.5616666666666666 0.27416666666666667 0.005833333333333334 0.024166666666666666
4 0.6408333333333334 0.2783333333333333 0.006666666666666667 0.0275
0 0.8525 0.2816666666666667 0.009166666666666667 0.029166666666666667
4 0.5391666666666667 0.2966666666666667 0.008333333333333333 0.03833333333333333
0 0.37166666666666665 0.3175 0.01 0.043333333333333335
0 0.4225 0.32916666666666666 0.0125 0.04833333333333333
4 0.5858333333333333 0.3175 0.010833333333333334 0.04833333333333333
4 0.6258333333333334 0.34833333333333333 0.016666666666666666 0.0625
0 0.39 0.3775 0.019166666666666665 0.0725
4 0.6775 0.4066666666666667 0.0275 0.09166666666666666
4 0.7916666666666666 0.5875 0.06166666666666667 0.18
0 0.12083333333333333 0.6475 0.058333333333333334 0.19916666666666666
4 0.8633333333333333 0.2916666666666667 0.0125 0.03833333333333333
0 0.31833333333333336 0.45666666666666667 0.03166666666666667 0.10333333333333333
0 0.7341666666666666 0.27416666666666667 0.005 0.024166666666666666
0 0.535 0.2658333333333333 0.0033333333333333335 0.0225
4 0.5033333333333333 0.2708333333333333 0.005 0.0225
0 0.49333333333333335 0.26416666666666666 0.004166666666666667 0.020833333333333332
4 0.4683333333333333 0.27 0.005 0.025
0 0.4508333333333333 0.2633333333333333 0.0033333333333333335 0.019166666666666665
0 0.26416666666666666 0.2991666666666667 0.005 0.03333333333333333
0 0.27 0.2775 0.005 0.02666666666666667
0 0.2991666666666667 0.275 0.004166666666666667 0.0225
0 0.31333333333333335 0.305 0.005833333333333334 0.03333333333333333
4 0.38333333333333336 0.2725 0.005833333333333334 0.025
4 0.36916666666666664 0.2791666666666667 0.005833333333333334 0.02666666666666667
3 0.10583333333333333 0.2941666666666667 0.010833333333333334 0.04
3 0.13083333333333333 0.29833333333333334 0.011666666666666667 0.041666666666666664
3 0.1725 0.305 0.0125 0.04583333333333333
3 0.21666666666666667 0.31166666666666665 0.015 0.051666666666666666
3 0.26916666666666667 0.32416666666666666 0.016666666666666666 0.059166666666666666
3 0.30833333333333335 0.32666666666666666 0.02 0.08083333333333333
3 0.085 0.28833333333333333 0.01 0.035833333333333335
3 0.06666666666666667 0.285 0.008333333333333333 0.03333333333333333
0 0.3325 0.27 0.005 0.0225
0 0.37333333333333335 0.2658333333333333 0.005 0.019166666666666665
3 0.14166666666666666 0.25416666666666665 0.004166666666666667 0.015833333333333335
3 0.12666666666666668 0.255 0.004166666666666667 0.015833333333333335
3 0.11166666666666666 0.255 0.004166666666666667 0.015833333333333335
3 0.09916666666666667 0.255 0.0033333333333333335 0.013333333333333334
3 0.07583333333333334 0.25416666666666665 0.004166666666666667 0.013333333333333334