0 0.07666666666666666 0.745 0.034166666666666665 0.17166666666666666
0 0.31416666666666665 0.4508333333333333 0.030833333333333334 0.10833333333333334
0 0.3983333333333333 0.34833333333333333 0.013333333333333334 0.0625
0 0.45 0.3075 0.01 0.04833333333333333
0 0.49166666666666664 0.2791666666666667 0.008333333333333333 0.035833333333333335
4 0.6658333333333334 0.5166666666666667 0.04 0.14666666666666667
4 0.5875 0.38083333333333336 0.021666666666666667 0.08416666666666667
4 0.5741666666666667 0.32416666666666666 0.013333333333333334 0.06
4 0.595 0.29083333333333333 0.01 0.043333333333333335
4 0.10666666666666667 0.31 0.011666666666666667 0.043333333333333335
4 0.17416666666666666 0.29083333333333333 0.009166666666666667 0.03333333333333333
0 0.22916666666666666 0.29083333333333333 0.0075 0.029166666666666667
0 0.29833333333333334 0.27 0.005833333333333334 0.025
0 0.32416666666666666 0.2608333333333333 0.005833333333333334 0.024166666666666666
0 0.3441666666666667 0.25166666666666665 0.004166666666666667 0.018333333333333333
4 0.23666666666666666 0.2708333333333333 0.005833333333333334 0.024166666666666666
4 0.2775 0.2575 0.005 0.025
0 0.5041666666666667 0.2633333333333333 0.005 0.02666666666666667
4 0.6033333333333334 0.2708333333333333 0.005 0.0275
4 0.5941666666666666 0.25916666666666666 0.005 0.025
4 0.58 0.24583333333333332 0.0033333333333333335 0.020833333333333332
0 0.36333333333333334 0.24666666666666667 0.004166666666666667 0.019166666666666665
0 0.3875 0.24166666666666667 0.0033333333333333335 0.016666666666666666
0 0.43 0.23333333333333334 0.004166666666666667 0.016666666666666666
0 0.4608333333333333 0.23083333333333333 0.0033333333333333335 0.014166666666666666
0 0.4975 0.23083333333333333 0.0033333333333333335 0.016666666666666666
4 0.5083333333333333 0.22333333333333333 0.0033333333333333335 0.014166666666666666
4 0.53 0.225 0.0025 0.011666666666666667
4 0.5458333333333333 0.2275 0.0025 0.015833333333333335
4 0.5558333333333333 0.23083333333333333 0.0033333333333333335 0.011666666666666667
4 0.30666666666666664 0.25 0.0033333333333333335 0.016666666666666666
4 0.335 0.24416666666666667 0.0033333333333333335 0.016666666666666666
4 0.3675 0.235 0.004166666666666667 0.018333333333333333
4 0.38416666666666666 0.22916666666666666 0.0033333333333333335 0.016666666666666666
0 0.4125 0.23833333333333334 0.0033333333333333335 0.016666666666666666
0 0.4841666666666667 0.22916666666666666 0.0033333333333333335 0.016666666666666666
0 0.5033333333333333 0.25333333333333335 0.004166666666666667 0.021666666666666667
4 0.41 0.23166666666666666 0.0025 0.013333333333333334