4 0.7125 0.24 0.006666666666666667 0.029166666666666667
0 0.8733333333333333 0.24916666666666668 0.006666666666666667 0.03
4 0.5291666666666667 0.2683333333333333 0.005833333333333334 0.03166666666666667
4 0.7916666666666666 0.255 0.009166666666666667 0.03333333333333333
4 0.85 0.26666666666666666 0.011666666666666667 0.043333333333333335
4 0.535 0.2875 0.0075 0.035833333333333335
4 0.9166666666666666 0.2816666666666667 0.013333333333333334 0.043333333333333335
4 0.5466666666666666 0.30666666666666664 0.006666666666666667 0.050833333333333335
1 0.5591666666666667 0.31583333333333335 0.011666666666666667 0.08916666666666667
0 0.32666666666666666 0.4141666666666667 0.021666666666666667 0.08083333333333333
4 0.6175 0.3975 0.024166666666666666 0.09166666666666666
4 0.7316666666666667 0.5708333333333333 0.051666666666666666 0.1775
0 0.21166666666666667 0.6091666666666666 0.0475 0.1825
1 0.3875 0.33166666666666667 0.014166666666666666 0.09333333333333334
1 0.39666666666666667 0.32416666666666666 0.0125 0.085
0 0.41 0.315 0.01 0.04833333333333333
0 0.42583333333333334 0.29083333333333333 0.008333333333333333 0.03833333333333333
0 0.43833333333333335 0.27666666666666667 0.006666666666666667 0.029166666666666667
0 0.445 0.26416666666666666 0.005 0.024166666666666666
4 0.7466666666666667 0.24666666666666667 0.0075 0.029166666666666667
4 0.68 0.24 0.004166666666666667 0.021666666666666667
4 0.5825 0.24333333333333335 0.005 0.0225
4 0.5516666666666666 0.24833333333333332 0.005833333333333334 0.0225
4 0.615 0.24166666666666667 0.005833333333333334 0.024166666666666666
0 0.45416666666666666 0.2575 0.005 0.02666666666666667
0 0.4675 0.25166666666666665 0.005 0.025
0 0.485 0.245 0.005 0.024166666666666666
0 0.505 0.24333333333333335 0.005 0.0225
0 0.5408333333333334 0.23833333333333334 0.005 0.0225
0 0.5966666666666667 0.23333333333333334 0.005 0.019166666666666665
0 0.5658333333333333 0.23583333333333334 0.004166666666666667 0.020833333333333332
0 0.8283333333333334 0.24 0.006666666666666667 0.03166666666666667
0 0.76 0.23416666666666666 0.005833333333333334 0.025
0 0.7808333333333334 0.2375 0.005833333333333334 0.025
0 0.7341666666666666 0.23166666666666666 0.005 0.024166666666666666
0 0.6858333333333333 0.23333333333333334 0.005833333333333334 0.021666666666666667
4 0.6483333333333333 0.24166666666666667 0.005833333333333334 0.02666666666666667
0 0.6666666666666666 0.23166666666666666 0.005 0.0225
1 0.5533333333333333 0.30916666666666665 0.009166666666666667 0.08333333333333333