1 0.12166666666666667 0.695 0.06916666666666667 0.1425
2 0.0925 0.575 0.030833333333333334 0.059166666666666666
1 0.2125 0.51 0.03833333333333333 0.07833333333333334
2 0.27416666666666667 0.5925 0.030833333333333334 0.06
2 0.42083333333333334 0.55 0.021666666666666667 0.05333333333333334
2 0.4241666666666667 0.5216666666666666 0.023333333333333334 0.04666666666666667
1 0.46166666666666667 0.4866666666666667 0.025833333333333333 0.06416666666666666
1 0.5775 0.4716666666666667 0.02 0.05416666666666667
2 0.6716666666666666 0.4875 0.018333333333333333 0.0375
2 0.7233333333333334 0.5475 0.0275 0.05333333333333334
2 0.7941666666666667 0.4533333333333333 0.0325 0.059166666666666666
2 0.7725 0.3908333333333333 0.025833333333333333 0.05
2 0.8808333333333334 0.45666666666666667 0.03166666666666667 0.059166666666666666