0 0.11666666666666667 0.4225 0.024166666666666666 0.0875
4 0.31333333333333335 0.31833333333333336 0.010833333333333334 0.04833333333333333
0 0.17333333333333334 0.5075 0.03666666666666667 0.12833333333333333
4 0.47583333333333333 0.3375 0.015 0.0575
4 0.4716666666666667 0.29583333333333334 0.008333333333333333 0.03833333333333333
4 0.5275 0.29583333333333334 0.009166666666666667 0.04083333333333333
0 0.6033333333333334 0.26916666666666667 0.006666666666666667 0.029166666666666667
4 0.5825 0.3883333333333333 0.0225 0.08416666666666667
4 0.7633333333333333 0.4791666666666667 0.03333333333333333 0.13666666666666666
0 0.06833333333333333 0.39916666666666667 0.015 0.0675
4 0.06333333333333334 0.33416666666666667 0.006666666666666667 0.043333333333333335
4 0.1 0.30083333333333334 0.01 0.03333333333333333
4 0.14083333333333334 0.30083333333333334 0.008333333333333333 0.035833333333333335
4 0.175 0.32 0.011666666666666667 0.043333333333333335
4 0.19583333333333333 0.2916666666666667 0.008333333333333333 0.03166666666666667
4 0.25083333333333335 0.3225 0.010833333333333334 0.03833333333333333
4 0.26 0.2825 0.0075 0.03166666666666667
4 0.305 0.2775 0.008333333333333333 0.03166666666666667
4 0.3441666666666667 0.2725 0.006666666666666667 0.03333333333333333
4 0.3825 0.27666666666666667 0.005 0.03166666666666667
4 0.4191666666666667 0.2775 0.006666666666666667 0.02666666666666667
4 0.3933333333333333 0.32666666666666666 0.011666666666666667 0.050833333333333335
4 0.44 0.2833333333333333 0.0075 0.03333333333333333
4 0.8925 0.2775 0.015 0.04083333333333333
0 0.8633333333333333 0.245 0.008333333333333333 0.03333333333333333
4 0.8075 0.27666666666666667 0.013333333333333334 0.043333333333333335
0 0.7658333333333334 0.2475 0.006666666666666667 0.024166666666666666
4 0.7183333333333334 0.28833333333333333 0.010833333333333334 0.04833333333333333
0 0.7075 0.2575 0.006666666666666667 0.029166666666666667
0 0.655 0.26416666666666666 0.008333333333333333 0.03166666666666667
4 0.6083333333333333 0.29333333333333333 0.01 0.043333333333333335
0 0.5458333333333333 0.26916666666666667 0.006666666666666667 0.03333333333333333
0 0.5191666666666667 0.26416666666666666 0.006666666666666667 0.029166666666666667
1 0.08166666666666667 0.29083333333333333 0.008333333333333333 0.04833333333333333
1 0.07083333333333333 0.2891666666666667 0.009166666666666667 0.049166666666666664
1 0.16666666666666666 0.2683333333333333 0.0075 0.041666666666666664
1 0.17583333333333334 0.2708333333333333 0.0075 0.03833333333333333
0 0.2375 0.27416666666666667 0.005833333333333334 0.024166666666666666
0 0.49416666666666664 0.26 0.005 0.024166666666666666
0 0.46 0.25416666666666665 0.004166666666666667 0.020833333333333332
0 0.2975 0.26666666666666666 0.0033333333333333335 0.024166666666666666
0 0.42083333333333334 0.255 0.0033333333333333335 0.019166666666666665
0 0.38333333333333336 0.25416666666666665 0.004166666666666667 0.020833333333333332