0 0.16 0.3408333333333333 0.0125 0.049166666666666664
0 0.22166666666666668 0.345 0.0125 0.0525
4 0.3175 0.3016666666666667 0.008333333333333333 0.03333333333333333
0 0.345 0.4166666666666667 0.020833333333333332 0.08666666666666667
4 0.5166666666666667 0.31916666666666665 0.01 0.04416666666666667
4 0.8141666666666667 0.335 0.011666666666666667 0.050833333333333335
0 0.24666666666666667 0.6891666666666667 0.06583333333333333 0.2175
4 0.7066666666666667 0.39666666666666667 0.021666666666666667 0.08166666666666667
0 0.30916666666666665 0.36083333333333334 0.013333333333333334 0.059166666666666666
4 0.815 0.31166666666666665 0.0125 0.04833333333333333
4 0.7916666666666666 0.29 0.01 0.0375
4 0.75 0.2783333333333333 0.0075 0.0325
4 0.5933333333333334 0.335 0.0125 0.05416666666666667
4 0.4475 0.3025 0.01 0.03833333333333333
4 0.385 0.3025 0.008333333333333333 0.035
4 0.2608333333333333 0.3025 0.008333333333333333 0.035
4 0.18833333333333332 0.30583333333333335 0.008333333333333333 0.0325