0 0.45916666666666667 0.38333333333333336 0.019166666666666665 0.07666666666666666
2 0.5633333333333334 0.33666666666666667 0.013333333333333334 0.0575
2 0.6225 0.31 0.01 0.04833333333333333
2 0.6833333333333333 0.2916666666666667 0.009166666666666667 0.043333333333333335
0 0.7183333333333334 0.28583333333333333 0.008333333333333333 0.03833333333333333
0 0.23 0.5658333333333333 0.050833333333333335 0.16333333333333333
2 0.7833333333333333 0.4216666666666667 0.02666666666666667 0.10083333333333333
4 0.7658333333333334 0.6108333333333333 0.05416666666666667 0.1875
4 0.4825 0.26916666666666667 0.008333333333333333 0.029166666666666667
4 0.4816666666666667 0.21833333333333332 0.005 0.019166666666666665
0 0.48833333333333334 0.21833333333333332 0.004166666666666667 0.019166666666666665
0 0.49333333333333335 0.26 0.005833333333333334 0.024166666666666666
2 0.8141666666666667 0.3675 0.020833333333333332 0.07666666666666666
2 0.8483333333333334 0.3433333333333333 0.018333333333333333 0.0625
4 0.8891666666666667 0.32416666666666666 0.015 0.050833333333333335
0 0.8825 0.29 0.006666666666666667 0.03333333333333333
0 0.8025 0.29 0.008333333333333333 0.03333333333333333
1 0.5783333333333334 0.27166666666666667 0.0125 0.03166666666666667
0 0.5483333333333333 0.2675 0.009166666666666667 0.020833333333333332
4 0.535 0.2658333333333333 0.0075 0.019166666666666665