0 0.38 0.3283333333333333 0.011666666666666667 0.04833333333333333
0 0.4166666666666667 0.3625 0.016666666666666666 0.06833333333333333
0 0.38666666666666666 0.4816666666666667 0.0325 0.12416666666666666
4 0.7058333333333333 0.3675 0.019166666666666665 0.07
4 0.8608333333333333 0.51 0.04666666666666667 0.13916666666666666
0 0.30833333333333335 0.31 0.01 0.043333333333333335
0 0.2608333333333333 0.30666666666666664 0.010833333333333334 0.04083333333333333
0 0.175 0.3075 0.010833333333333334 0.043333333333333335
0 0.0825 0.3175 0.01 0.04
1 0.14583333333333334 0.265 0.008333333333333333 0.0375
1 0.1575 0.265 0.008333333333333333 0.0375
1 0.21083333333333334 0.2575 0.0075 0.03166666666666667
1 0.22 0.2575 0.008333333333333333 0.03166666666666667
4 0.6166666666666667 0.32 0.013333333333333334 0.049166666666666664
4 0.5491666666666667 0.30416666666666664 0.01 0.04083333333333333
4 0.4875 0.29 0.008333333333333333 0.0375
4 0.4325 0.28583333333333333 0.008333333333333333 0.0375
4 0.37583333333333335 0.2833333333333333 0.008333333333333333 0.029166666666666667
4 0.8216666666666667 0.3308333333333333 0.016666666666666666 0.05416666666666667
4 0.8316666666666667 0.315 0.013333333333333334 0.04583333333333333
4 0.8166666666666667 0.2941666666666667 0.01 0.035833333333333335
0 0.9283333333333333 0.29083333333333333 0.01 0.03833333333333333
0 0.8625 0.2791666666666667 0.008333333333333333 0.029166666666666667
4 0.7775 0.2833333333333333 0.009166666666666667 0.03333333333333333
4 0.7341666666666666 0.27666666666666667 0.006666666666666667 0.029166666666666667
0 0.15416666666666667 0.7683333333333333 0.035 0.12583333333333332
4 0.32916666666666666 0.2825 0.005 0.02666666666666667
4 0.2708333333333333 0.2816666666666667 0.006666666666666667 0.03333333333333333
4 0.18666666666666668 0.2866666666666667 0.006666666666666667 0.0325
4 0.09 0.2975 0.0075 0.0325
0 0.7958333333333333 0.2683333333333333 0.005833333333333334 0.0225
0 0.7358333333333333 0.2625 0.0033333333333333335 0.020833333333333332
4 0.6875 0.27416666666666667 0.005833333333333334 0.02666666666666667
0 0.6766666666666666 0.2608333333333333 0.005833333333333334 0.024166666666666666
4 0.6316666666666667 0.2791666666666667 0.0075 0.0275
0 0.6375 0.2658333333333333 0.005833333333333334 0.021666666666666667
0 0.5991666666666666 0.2675 0.005833333333333334 0.025
4 0.565 0.2783333333333333 0.006666666666666667 0.03
4 0.515 0.2791666666666667 0.006666666666666667 0.029166666666666667
0 0.5241666666666667 0.2675 0.006666666666666667 0.0225
0 0.5041666666666667 0.265 0.005 0.020833333333333332
0 0.485 0.2625 0.004166666666666667 0.018333333333333333
0 0.45666666666666667 0.25833333333333336 0.005 0.016666666666666666
0 0.4241666666666667 0.2575 0.005 0.016666666666666666
0 0.3933333333333333 0.25666666666666665 0.0033333333333333335 0.015833333333333335
0 0.35833333333333334 0.25833333333333336 0.004166666666666667 0.016666666666666666
0 0.32416666666666666 0.26 0.004166666666666667 0.020833333333333332
0 0.275 0.26166666666666666 0.005 0.019166666666666665
0 0.23833333333333334 0.26416666666666666 0.005 0.021666666666666667
4 0.06166666666666667 0.27666666666666667 0.004166666666666667 0.025
4 0.11166666666666666 0.2733333333333333 0.006666666666666667 0.0225
4 0.175 0.2725 0.006666666666666667 0.0225
4 0.21333333333333335 0.2725 0.005833333333333334 0.024166666666666666
4 0.2575 0.2708333333333333 0.005833333333333334 0.025
4 0.30416666666666664 0.2675 0.005 0.0225
4 0.33916666666666667 0.26416666666666666 0.004166666666666667 0.019166666666666665
4 0.37 0.265 0.004166666666666667 0.020833333333333332
4 0.4025 0.26666666666666666 0.005 0.021666666666666667
4 0.4508333333333333 0.2725 0.005 0.0225
4 0.4766666666666667 0.275 0.005 0.024166666666666666