2 0.5916666666666667 0.6841666666666667 0.0675 0.14666666666666667
2 0.5458333333333333 0.6 0.0325 0.07916666666666666
4 0.5741666666666667 0.5966666666666667 0.029166666666666667 0.07083333333333333
2 0.5458333333333333 0.5783333333333334 0.025833333333333333 0.059166666666666666
1 0.5425 0.5525 0.028333333333333332 0.07583333333333334
2 0.5208333333333334 0.5583333333333333 0.016666666666666666 0.0425
4 0.515 0.555 0.011666666666666667 0.04
2 0.09083333333333334 0.5966666666666667 0.05416666666666667 0.12333333333333334
2 0.2475 0.5633333333333334 0.041666666666666664 0.07666666666666666
2 0.3 0.5491666666666667 0.030833333333333334 0.06
1 0.33416666666666667 0.53 0.0325 0.07666666666666666
1 0.3491666666666667 0.5283333333333333 0.0175 0.07166666666666667
2 0.37 0.5383333333333333 0.019166666666666665 0.0425
0 0.3925 0.5383333333333333 0.016666666666666666 0.04
0 0.22916666666666666 0.5533333333333333 0.025833333333333333 0.0675
2 0.10583333333333333 0.5341666666666667 0.0325 0.06916666666666667