4 0.4066666666666667 0.26916666666666667 0.005 0.024166666666666666
4 0.74 0.2625 0.006666666666666667 0.0225
0 0.30416666666666664 0.2833333333333333 0.0075 0.029166666666666667
4 0.39916666666666667 0.2791666666666667 0.006666666666666667 0.029166666666666667
4 0.4216666666666667 0.28583333333333333 0.008333333333333333 0.03333333333333333
4 0.44916666666666666 0.29083333333333333 0.008333333333333333 0.03333333333333333
0 0.2891666666666667 0.30666666666666664 0.01 0.03833333333333333
4 0.49 0.2991666666666667 0.009166666666666667 0.03833333333333333
4 0.5416666666666666 0.30916666666666665 0.0125 0.04583333333333333
4 0.855 0.30083333333333334 0.01 0.03833333333333333
0 0.9316666666666666 0.29333333333333333 0.01 0.03333333333333333
0 0.3175 0.32083333333333336 0.011666666666666667 0.04583333333333333
4 0.8508333333333333 0.32 0.016666666666666666 0.0525
0 0.36333333333333334 0.36083333333333334 0.015 0.0625
4 0.9075 0.35833333333333334 0.023333333333333334 0.0725
0 0.25916666666666666 0.5158333333333334 0.035 0.135
4 0.7558333333333334 0.5733333333333334 0.056666666666666664 0.17583333333333334
4 0.6183333333333333 0.3725 0.0225 0.07666666666666666
4 0.3975 0.27166666666666667 0.005833333333333334 0.024166666666666666
4 0.4216666666666667 0.2608333333333333 0.005 0.021666666666666667
4 0.43166666666666664 0.2575 0.005 0.019166666666666665
4 0.4508333333333333 0.2525 0.005 0.019166666666666665
4 0.4683333333333333 0.25083333333333335 0.005 0.016666666666666666
4 0.49 0.24916666666666668 0.005 0.016666666666666666
4 0.5125 0.2475 0.004166666666666667 0.019166666666666665
4 0.54 0.245 0.0033333333333333335 0.016666666666666666
4 0.5616666666666666 0.2425 0.004166666666666667 0.016666666666666666
4 0.5783333333333334 0.24166666666666667 0.0033333333333333335 0.014166666666666666
0 0.2783333333333333 0.2941666666666667 0.009166666666666667 0.03333333333333333
0 0.33 0.27416666666666667 0.005833333333333334 0.024166666666666666
0 0.3491666666666667 0.2658333333333333 0.006666666666666667 0.024166666666666666
0 0.365 0.26 0.005833333333333334 0.021666666666666667
0 0.38 0.255 0.005 0.019166666666666665
0 0.3925 0.25083333333333335 0.005 0.016666666666666666
0 0.41583333333333333 0.2475 0.004166666666666667 0.016666666666666666
4 0.8408333333333333 0.28583333333333333 0.01 0.03333333333333333
0 0.8366666666666667 0.27416666666666667 0.005833333333333334 0.024166666666666666
4 0.7891666666666667 0.2725 0.008333333333333333 0.029166666666666667
0 0.7658333333333334 0.26 0.005833333333333334 0.019166666666666665
0 0.7258333333333333 0.2525 0.005 0.019166666666666665
4 0.7066666666666667 0.255 0.005833333333333334 0.019166666666666665
0 0.7033333333333334 0.2475 0.005 0.014166666666666666
4 0.68 0.24916666666666668 0.005 0.019166666666666665
0 0.685 0.245 0.005 0.014166666666666666
4 0.66 0.2425 0.004166666666666667 0.013333333333333334
4 0.6308333333333334 0.23583333333333334 0.0033333333333333335 0.015833333333333335
4 0.6425 0.24 0.0033333333333333335 0.011666666666666667
4 0.59 0.23833333333333334 0.004166666666666667 0.015833333333333335
4 0.6233333333333333 0.23583333333333334 0.0033333333333333335 0.011666666666666667
4 0.615 0.235 0.0033333333333333335 0.013333333333333334
4 0.585 0.23583333333333334 0.0033333333333333335 0.014166666666666666
4 0.5941666666666666 0.23333333333333334 0.0025 0.011666666666666667
4 0.605 0.23333333333333334 0.0016666666666666668 0.011666666666666667
0 0.4816666666666667 0.245 0.004166666666666667 0.019166666666666665
0 0.5033333333333333 0.24333333333333335 0.004166666666666667 0.018333333333333333
0 0.5225 0.2425 0.004166666666666667 0.018333333333333333
0 0.5466666666666666 0.23666666666666666 0.0033333333333333335 0.016666666666666666
0 0.6683333333333333 0.2425 0.0033333333333333335 0.014166666666666666
0 0.5575 0.22916666666666666 0.0033333333333333335 0.013333333333333334
0 0.46166666666666667 0.24333333333333335 0.0033333333333333335 0.013333333333333334