3 0.8033333333333333 0.6058333333333333 0.06583333333333333 0.195
4 0.6091666666666666 0.44916666666666666 0.030833333333333334 0.11083333333333334
4 0.5041666666666667 0.385 0.02 0.07333333333333333
4 0.43 0.355 0.016666666666666666 0.056666666666666664
4 0.3525 0.3375 0.011666666666666667 0.04833333333333333
4 0.3591666666666667 0.31583333333333335 0.01 0.04
4 0.36833333333333335 0.29833333333333334 0.008333333333333333 0.03333333333333333
4 0.4116666666666667 0.2833333333333333 0.006666666666666667 0.029166666666666667
4 0.4525 0.2725 0.006666666666666667 0.02666666666666667
4 0.4875 0.26416666666666666 0.005833333333333334 0.024166666666666666
4 0.5158333333333334 0.25666666666666665 0.005 0.020833333333333332
4 0.5091666666666667 0.2475 0.0033333333333333335 0.019166666666666665
4 0.5008333333333334 0.245 0.004166666666666667 0.019166666666666665
4 0.4841666666666667 0.245 0.0033333333333333335 0.014166666666666666
4 0.4625 0.245 0.0033333333333333335 0.013333333333333334
0 0.1175 0.7425 0.050833333333333335 0.17666666666666667
0 0.165 0.505 0.0325 0.115
0 0.1475 0.4241666666666667 0.023333333333333334 0.07416666666666667
0 0.15416666666666667 0.38 0.011666666666666667 0.05416666666666667
0 0.1025 0.3433333333333333 0.0075 0.03333333333333333
0 0.165 0.36 0.010833333333333334 0.049166666666666664
0 0.20583333333333334 0.33666666666666667 0.011666666666666667 0.03833333333333333
0 0.19916666666666666 0.30916666666666665 0.005833333333333334 0.025
4 0.19583333333333333 0.2966666666666667 0.005 0.020833333333333332
0 0.24166666666666667 0.31833333333333336 0.008333333333333333 0.035833333333333335
1 0.25 0.27416666666666667 0.004166666666666667 0.02666666666666667
1 0.25583333333333336 0.2733333333333333 0.004166666666666667 0.025
0 0.28833333333333333 0.3016666666666667 0.006666666666666667 0.02666666666666667
0 0.335 0.28583333333333333 0.005 0.0275
1 0.31333333333333335 0.2633333333333333 0.004166666666666667 0.02666666666666667
1 0.31666666666666665 0.26166666666666666 0.0033333333333333335 0.0225
0 0.38 0.275 0.005 0.0225
0 0.41583333333333333 0.26666666666666666 0.004166666666666667 0.021666666666666667
0 0.44333333333333336 0.2608333333333333 0.004166666666666667 0.016666666666666666
0 0.4525 0.255 0.004166666666666667 0.015833333333333335
3 0.12666666666666668 0.4075 0.018333333333333333 0.09166666666666666
3 0.11333333333333333 0.35 0.009166666666666667 0.051666666666666666
3 0.2758333333333333 0.2975 0.0075 0.0375
3 0.3875 0.3075 0.009166666666666667 0.049166666666666664
3 0.42916666666666664 0.2833333333333333 0.005833333333333334 0.04
3 0.5125 0.2658333333333333 0.005833333333333334 0.03333333333333333
3 0.36 0.2708333333333333 0.005833333333333334 0.0325