4 0.7983333333333333 0.2708333333333333 0.009166666666666667 0.03166666666666667
0 0.5875 0.28 0.008333333333333333 0.03166666666666667
4 0.8633333333333333 0.2816666666666667 0.01 0.03333333333333333
4 0.9 0.29333333333333333 0.01 0.03833333333333333
4 0.925 0.3016666666666667 0.01 0.03833333333333333
0 0.3883333333333333 0.35833333333333334 0.016666666666666666 0.0625
4 0.615 0.35583333333333333 0.015 0.065
4 0.8516666666666667 0.6608333333333334 0.07416666666666667 0.21666666666666667
0 0.225 0.5808333333333333 0.055 0.16833333333333333
0 0.44083333333333335 0.29 0.0075 0.035833333333333335
0 0.455 0.2708333333333333 0.005 0.02666666666666667
1 0.45916666666666667 0.25833333333333336 0.006666666666666667 0.043333333333333335
0 0.4666666666666667 0.26 0.005 0.024166666666666666
0 0.4708333333333333 0.25 0.0033333333333333335 0.024166666666666666
4 0.5691666666666667 0.28833333333333333 0.008333333333333333 0.03833333333333333
4 0.5533333333333333 0.2658333333333333 0.005833333333333334 0.029166666666666667
1 0.5508333333333333 0.25333333333333335 0.004166666666666667 0.0375
4 0.5425 0.255 0.005 0.024166666666666666
4 0.5341666666666667 0.2425 0.0033333333333333335 0.019166666666666665
4 0.5208333333333334 0.23833333333333334 0.0033333333333333335 0.019166666666666665
4 0.48583333333333334 0.23666666666666666 0.0033333333333333335 0.014166666666666666
4 0.5025 0.23666666666666666 0.0033333333333333335 0.016666666666666666
0 0.44583333333333336 0.2425 0.0033333333333333335 0.016666666666666666
4 0.935 0.31 0.01 0.043333333333333335
4 0.9358333333333333 0.32916666666666666 0.008333333333333333 0.0525
4 0.7258333333333333 0.2608333333333333 0.006666666666666667 0.02666666666666667
0 0.6916666666666667 0.23833333333333334 0.004166666666666667 0.014166666666666666
0 0.6875 0.24916666666666668 0.004166666666666667 0.019166666666666665
0 0.6816666666666666 0.23916666666666667 0.004166666666666667 0.014166666666666666
0 0.6666666666666666 0.24083333333333334 0.005 0.020833333333333332
4 0.6666666666666666 0.25416666666666665 0.0075 0.0225
4 0.6141666666666666 0.2375 0.004166666666666667 0.018333333333333333
4 0.6275 0.23583333333333334 0.004166666666666667 0.016666666666666666
4 0.6416666666666667 0.23416666666666666 0.0033333333333333335 0.014166666666666666
4 0.4741666666666667 0.23666666666666666 0.004166666666666667 0.016666666666666666
4 0.4683333333333333 0.22916666666666666 0.0033333333333333335 0.011666666666666667
4 0.4575 0.23333333333333334 0.0033333333333333335 0.014166666666666666
4 0.6091666666666666 0.2425 0.004166666666666667 0.020833333333333332
4 0.6375 0.23166666666666666 0.004166666666666667 0.014166666666666666
0 0.7341666666666666 0.25333333333333335 0.005833333333333334 0.0225
0 0.8675 0.2708333333333333 0.006666666666666667 0.029166666666666667
4 0.6066666666666667 0.24 0.0025 0.013333333333333334
4 0.5125 0.22583333333333333 0.0025 0.01
4 0.5283333333333333 0.22416666666666665 0.0033333333333333335 0.013333333333333334
4 0.5408333333333334 0.22333333333333333 0.0025 0.010833333333333334
4 0.5516666666666666 0.22166666666666668 0.0025 0.010833333333333334
4 0.6175 0.22583333333333333 0.0033333333333333335 0.011666666666666667
4 0.6308333333333334 0.24666666666666667 0.004166666666666667 0.019166666666666665
4 0.465 0.23 0.0033333333333333335 0.013333333333333334
4 0.46166666666666667 0.23583333333333334 0.0033333333333333335 0.011666666666666667
4 0.49916666666666665 0.22666666666666666 0.0033333333333333335 0.010833333333333334
0 0.49416666666666664 0.225 0.0025 0.01
0 0.5066666666666667 0.22333333333333333 0.0025 0.01
0 0.42916666666666664 0.23916666666666667 0.004166666666666667 0.014166666666666666