0 0.1675 0.7025 0.08 0.23416666666666666
0 0.475 0.39166666666666666 0.02 0.08416666666666667
0 0.7616666666666667 0.27166666666666667 0.010833333333333334 0.043333333333333335
0 0.5575 0.30916666666666665 0.011666666666666667 0.051666666666666666
0 0.6483333333333333 0.2808333333333333 0.01 0.04666666666666667
4 0.8716666666666667 0.3566666666666667 0.0275 0.0875
4 0.8466666666666667 0.3975 0.030833333333333334 0.1025
4 0.845 0.49 0.04583333333333333 0.14416666666666667
4 0.905 0.7233333333333334 0.06916666666666667 0.215
4 0.9233333333333333 0.32416666666666666 0.021666666666666667 0.06833333333333333
0 0.8933333333333333 0.265 0.011666666666666667 0.041666666666666664
1 0.825 0.2575 0.015 0.0675
1 0.8491666666666666 0.25666666666666665 0.015 0.06333333333333334