0 0.6808333333333333 0.29333333333333333 0.0075 0.03833333333333333
0 0.7141666666666666 0.3175 0.0125 0.049166666666666664
0 0.16166666666666665 0.7058333333333333 0.06666666666666667 0.23916666666666667
0 0.6208333333333333 0.41083333333333333 0.019166666666666665 0.09166666666666666
0 0.6958333333333333 0.36333333333333334 0.015833333333333335 0.07
0 0.44916666666666666 0.515 0.021666666666666667 0.13833333333333334
0 0.6216666666666667 0.27666666666666667 0.0075 0.03166666666666667
0 0.5891666666666666 0.27 0.006666666666666667 0.025
0 0.5416666666666666 0.2608333333333333 0.005 0.021666666666666667
0 0.5033333333333333 0.25916666666666666 0.005833333333333334 0.0225
4 0.88 0.31333333333333335 0.011666666666666667 0.041666666666666664
4 0.9208333333333333 0.2941666666666667 0.010833333333333334 0.035833333333333335
4 0.835 0.2825 0.0075 0.03166666666666667
4 0.7925 0.29083333333333333 0.009166666666666667 0.029166666666666667
4 0.7808333333333334 0.2725 0.006666666666666667 0.02666666666666667
4 0.7291666666666666 0.2758333333333333 0.0075 0.0275
4 0.6716666666666666 0.26666666666666666 0.006666666666666667 0.029166666666666667
4 0.6316666666666667 0.26166666666666666 0.005833333333333334 0.0225
0 0.8541666666666666 0.27666666666666667 0.0075 0.02666666666666667
0 0.8225 0.26916666666666667 0.006666666666666667 0.024166666666666666
4 0.7483333333333333 0.2675 0.006666666666666667 0.025
0 0.46166666666666667 0.25916666666666666 0.005833333333333334 0.0225
0 0.405 0.2625 0.005833333333333334 0.0225
0 0.35 0.2658333333333333 0.005 0.021666666666666667