0 0.25416666666666665 0.505 0.0525 0.1825
0 0.38416666666666666 0.2916666666666667 0.019166666666666665 0.07833333333333334
0 0.425 0.2275 0.011666666666666667 0.0525
0 0.44583333333333336 0.19583333333333333 0.009166666666666667 0.03833333333333333
0 0.4583333333333333 0.18 0.006666666666666667 0.024166666666666666
4 0.5691666666666667 0.1875 0.01 0.03833333333333333
4 0.59 0.21666666666666667 0.0125 0.04833333333333333
4 0.6358333333333334 0.2775 0.020833333333333332 0.07916666666666666
4 0.7725 0.46166666666666667 0.055 0.16833333333333333
3 0.24333333333333335 0.21333333333333335 0.009166666666666667 0.059166666666666666
3 0.3233333333333333 0.19 0.008333333333333333 0.03833333333333333
3 0.22833333333333333 0.21333333333333335 0.008333333333333333 0.05416666666666667
4 0.5566666666666666 0.17666666666666667 0.0075 0.016666666666666666