0 0.5141666666666667 0.31166666666666665 0.010833333333333334 0.043333333333333335
0 0.5783333333333334 0.3025 0.009166666666666667 0.03333333333333333
0 0.6433333333333333 0.30083333333333334 0.01 0.03333333333333333
0 0.7291666666666666 0.3075 0.01 0.043333333333333335
0 0.8341666666666666 0.3225 0.01 0.04083333333333333
0 0.43666666666666665 0.3458333333333333 0.016666666666666666 0.0575
4 0.6808333333333333 0.37 0.019166666666666665 0.0725
4 0.7375 0.36916666666666664 0.019166666666666665 0.0675
4 0.6408333333333334 0.3908333333333333 0.020833333333333332 0.08166666666666667
4 0.8358333333333333 0.38666666666666666 0.025833333333333333 0.07666666666666666
0 0.36916666666666664 0.42083333333333334 0.024166666666666666 0.08666666666666667
4 0.6533333333333333 0.44 0.029166666666666667 0.10083333333333333
4 0.73 0.5525 0.05 0.15416666666666667
0 0.27166666666666667 0.6333333333333333 0.05 0.1925