4 0.67 0.4925 0.035 0.13
4 0.5725 0.3458333333333333 0.014166666666666666 0.0575
4 0.5508333333333333 0.3025 0.009166666666666667 0.03833333333333333
4 0.54 0.2833333333333333 0.005833333333333334 0.0275
4 0.5316666666666666 0.2683333333333333 0.005 0.0225
4 0.5183333333333333 0.255 0.004166666666666667 0.016666666666666666
4 0.5258333333333334 0.2608333333333333 0.004166666666666667 0.021666666666666667
4 0.5016666666666667 0.25166666666666665 0.004166666666666667 0.015833333333333335
4 0.4741666666666667 0.25083333333333335 0.0033333333333333335 0.015833333333333335
4 0.4425 0.2525 0.0033333333333333335 0.014166666666666666
4 0.4075 0.255 0.004166666666666667 0.014166666666666666
4 0.34 0.2658333333333333 0.004166666666666667 0.016666666666666666
4 0.31083333333333335 0.275 0.005 0.018333333333333333
4 0.2833333333333333 0.2841666666666667 0.005833333333333334 0.020833333333333332
4 0.24916666666666668 0.2966666666666667 0.006666666666666667 0.024166666666666666
4 0.11416666666666667 0.3333333333333333 0.01 0.03166666666666667
0 0.29833333333333334 0.5366666666666666 0.03833333333333333 0.13333333333333333
0 0.39166666666666666 0.36 0.0125 0.056666666666666664
0 0.4175 0.31 0.0075 0.03333333333333333
0 0.43083333333333335 0.2891666666666667 0.006666666666666667 0.03
0 0.4475 0.2758333333333333 0.005 0.0225
0 0.4558333333333333 0.2658333333333333 0.004166666666666667 0.020833333333333332
0 0.43666666666666665 0.26166666666666666 0.0033333333333333335 0.019166666666666665
0 0.4225 0.26166666666666666 0.004166666666666667 0.016666666666666666
0 0.39916666666666667 0.2625 0.004166666666666667 0.020833333333333332
0 0.37833333333333335 0.2658333333333333 0.004166666666666667 0.019166666666666665
0 0.3525 0.2758333333333333 0.005 0.0225
0 0.3408333333333333 0.2841666666666667 0.005833333333333334 0.0225
0 0.3225 0.2941666666666667 0.005833333333333334 0.0275
0 0.28 0.31 0.0075 0.02666666666666667
0 0.1975 0.3333333333333333 0.009166666666666667 0.03333333333333333
4 0.19583333333333333 0.3125 0.0075 0.029166666666666667
0 0.09333333333333334 0.35833333333333334 0.010833333333333334 0.04083333333333333
3 0.14666666666666667 0.29833333333333334 0.008333333333333333 0.035833333333333335
3 0.22833333333333333 0.2916666666666667 0.0075 0.03166666666666667
3 0.23333333333333334 0.2791666666666667 0.005 0.0225
3 0.2683333333333333 0.2791666666666667 0.005833333333333334 0.0275
3 0.2758333333333333 0.2683333333333333 0.004166666666666667 0.021666666666666667
3 0.29333333333333333 0.2708333333333333 0.004166666666666667 0.0225
3 0.30333333333333334 0.26 0.004166666666666667 0.018333333333333333
3 0.32 0.2625 0.004166666666666667 0.020833333333333332
0 0.4225 0.26416666666666666 0.005 0.019166666666666665
4 0.3775 0.25833333333333336 0.004166666666666667 0.019166666666666665