0 0.57 0.29583333333333334 0.009166666666666667 0.03833333333333333
0 0.61 0.32 0.011666666666666667 0.0525
0 0.6133333333333333 0.38 0.02 0.07416666666666667
0 0.5525 0.4716666666666667 0.024166666666666666 0.12166666666666667
0 0.51 0.2816666666666667 0.006666666666666667 0.029166666666666667
0 0.4741666666666667 0.27666666666666667 0.006666666666666667 0.02666666666666667
0 0.4216666666666667 0.2708333333333333 0.005833333333333334 0.02666666666666667
0 0.37666666666666665 0.2708333333333333 0.005833333333333334 0.029166666666666667
0 0.3233333333333333 0.27416666666666667 0.006666666666666667 0.03333333333333333
0 0.2425 0.2833333333333333 0.0075 0.03333333333333333
0 0.14916666666666667 0.29583333333333334 0.01 0.035833333333333335
4 0.13583333333333333 0.2833333333333333 0.009166666666666667 0.029166666666666667
4 0.21916666666666668 0.27166666666666667 0.0075 0.029166666666666667
4 0.27666666666666667 0.26416666666666666 0.006666666666666667 0.029166666666666667
4 0.37 0.26 0.005833333333333334 0.024166666666666666
4 0.41833333333333333 0.2575 0.005 0.021666666666666667
4 0.4716666666666667 0.26 0.005 0.024166666666666666
4 0.5141666666666667 0.26416666666666666 0.005 0.024166666666666666
4 0.5525 0.26666666666666666 0.006666666666666667 0.029166666666666667
4 0.6033333333333334 0.27416666666666667 0.004166666666666667 0.024166666666666666
4 0.6566666666666666 0.2791666666666667 0.005833333333333334 0.03
4 0.7233333333333334 0.2941666666666667 0.010833333333333334 0.04083333333333333
4 0.805 0.315 0.013333333333333334 0.04833333333333333
4 0.8266666666666667 0.2816666666666667 0.008333333333333333 0.029166666666666667
0 0.8358333333333333 0.27 0.005 0.0225
0 0.7816666666666666 0.26666666666666666 0.005833333333333334 0.024166666666666666
4 0.74 0.275 0.006666666666666667 0.02666666666666667
0 0.6908333333333333 0.26166666666666666 0.005 0.024166666666666666
4 0.6825 0.2708333333333333 0.005833333333333334 0.02666666666666667
4 0.6416666666666667 0.2658333333333333 0.004166666666666667 0.021666666666666667
4 0.6158333333333333 0.26166666666666666 0.004166666666666667 0.019166666666666665
4 0.5983333333333334 0.2575 0.004166666666666667 0.024166666666666666
4 0.9175 0.36666666666666664 0.023333333333333334 0.07666666666666666
4 0.9133333333333333 0.2833333333333333 0.009166666666666667 0.03333333333333333
0 0.8975 0.27166666666666667 0.006666666666666667 0.02666666666666667
0 0.7358333333333333 0.2658333333333333 0.004166666666666667 0.024166666666666666
0 0.6683333333333333 0.2575 0.005 0.020833333333333332
0 0.6458333333333334 0.255 0.005 0.020833333333333332
4 0.5691666666666667 0.255 0.004166666666666667 0.019166666666666665
4 0.5416666666666666 0.25333333333333335 0.005 0.021666666666666667
4 0.5158333333333334 0.25083333333333335 0.0033333333333333335 0.019166666666666665
4 0.48833333333333334 0.25083333333333335 0.004166666666666667 0.016666666666666666
4 0.45666666666666667 0.25083333333333335 0.0033333333333333335 0.016666666666666666
4 0.42916666666666664 0.25083333333333335 0.004166666666666667 0.015833333333333335
4 0.4041666666666667 0.24916666666666668 0.004166666666666667 0.016666666666666666
4 0.075 0.27166666666666667 0.0075 0.024166666666666666
0 0.065 0.2658333333333333 0.006666666666666667 0.024166666666666666
2 0.12666666666666668 0.25833333333333336 0.005833333333333334 0.019166666666666665
2 0.13666666666666666 0.26166666666666666 0.006666666666666667 0.015833333333333335
2 0.175 0.2525 0.005833333333333334 0.019166666666666665
2 0.1875 0.25583333333333336 0.005 0.016666666666666666
2 0.22833333333333333 0.25083333333333335 0.005 0.021666666666666667
4 0.2758333333333333 0.2475 0.005 0.016666666666666666
4 0.30083333333333334 0.24583333333333332 0.004166666666666667 0.015833333333333335
4 0.3225 0.24583333333333332 0.0033333333333333335 0.015833333333333335
4 0.3433333333333333 0.245 0.0033333333333333335 0.016666666666666666
1 0.3883333333333333 0.245 0.005 0.020833333333333332
1 0.39416666666666667 0.245 0.004166666666666667 0.020833333333333332
0 0.6175 0.25 0.0025 0.019166666666666665
0 0.5858333333333333 0.24833333333333332 0.0033333333333333335 0.015833333333333335
0 0.5566666666666666 0.24666666666666667 0.004166666666666667 0.015833333333333335
0 0.5283333333333333 0.24666666666666667 0.004166666666666667 0.015833333333333335
0 0.5008333333333334 0.24666666666666667 0.0033333333333333335 0.015833333333333335
0 0.4658333333333333 0.2475 0.0033333333333333335 0.014166666666666666