2 0.44916666666666666 0.37916666666666665 0.016666666666666666 0.06833333333333333
0 0.49583333333333335 0.335 0.011666666666666667 0.051666666666666666
0 0.5791666666666667 0.3075 0.009166666666666667 0.0375
0 0.63 0.29 0.006666666666666667 0.03166666666666667
0 0.7008333333333333 0.2833333333333333 0.0075 0.03166666666666667
4 0.6983333333333334 0.3591666666666667 0.019166666666666665 0.0625
2 0.2966666666666667 0.5483333333333333 0.04666666666666667 0.14916666666666667
2 0.7333333333333333 0.46166666666666667 0.029166666666666667 0.115
2 0.8558333333333333 0.725 0.07166666666666667 0.21
4 0.7358333333333333 0.3358333333333333 0.015 0.059166666666666666
4 0.7716666666666666 0.3258333333333333 0.013333333333333334 0.0525
4 0.815 0.31833333333333336 0.015 0.050833333333333335
0 0.8 0.28583333333333333 0.008333333333333333 0.03333333333333333
1 0.8616666666666667 0.2791666666666667 0.01 0.050833333333333335
1 0.8866666666666667 0.2825 0.008333333333333333 0.04833333333333333
4 0.8833333333333333 0.31416666666666665 0.014166666666666666 0.04416666666666667
0 0.9333333333333333 0.295 0.006666666666666667 0.035
4 0.22583333333333333 0.345 0.020833333333333332 0.03833333333333333
4 0.1625 0.3458333333333333 0.024166666666666666 0.03833333333333333
0 0.19333333333333333 0.3491666666666667 0.025833333333333333 0.04666666666666667