0 0.42833333333333334 0.4008333333333333 0.021666666666666667 0.0875
0 0.5058333333333334 0.32 0.015 0.0525
0 0.5483333333333333 0.2875 0.010833333333333334 0.041666666666666664
4 0.7325 0.34833333333333333 0.015833333333333335 0.0725
4 0.8175 0.34833333333333333 0.021666666666666667 0.07583333333333334
4 0.7416666666666667 0.4 0.02666666666666667 0.095
0 0.30583333333333335 0.6566666666666666 0.025833333333333333 0.135
0 0.6266666666666667 0.27416666666666667 0.008333333333333333 0.03833333333333333
0 0.6983333333333334 0.2708333333333333 0.0075 0.0375
0 0.8008333333333333 0.2725 0.011666666666666667 0.04083333333333333
0 0.8825 0.2816666666666667 0.013333333333333334 0.0525