1 0.17916666666666667 0.6283333333333333 0.11583333333333333 0.405
1 0.2683333333333333 0.49 0.0775 0.29833333333333334
0 0.43166666666666664 0.2991666666666667 0.019166666666666665 0.08416666666666667
0 0.505 0.245 0.014166666666666666 0.0525
0 0.5491666666666667 0.22333333333333333 0.011666666666666667 0.0525
0 0.5966666666666667 0.20833333333333334 0.01 0.043333333333333335
0 0.6458333333333334 0.20083333333333334 0.01 0.04083333333333333
0 0.6833333333333333 0.20083333333333334 0.008333333333333333 0.04083333333333333
0 0.7216666666666667 0.19833333333333333 0.008333333333333333 0.03833333333333333
0 0.7691666666666667 0.1975 0.01 0.03833333333333333
0 0.8675 0.20583333333333334 0.011666666666666667 0.043333333333333335
4 0.925 0.2633333333333333 0.025833333333333333 0.0725
4 0.8433333333333334 0.27166666666666667 0.024166666666666666 0.07666666666666666
4 0.8075 0.28583333333333333 0.0275 0.08166666666666667
4 0.7558333333333334 0.2966666666666667 0.028333333333333332 0.09166666666666666
4 0.7316666666666667 0.35333333333333333 0.034166666666666665 0.1175
1 0.8058333333333333 0.47833333333333333 0.09 0.3075
1 0.8833333333333333 0.5875 0.11333333333333333 0.4066666666666667