4 0.6175 0.2608333333333333 0.008333333333333333 0.03166666666666667
4 0.6516666666666666 0.255 0.008333333333333333 0.029166666666666667
4 0.6908333333333333 0.255 0.008333333333333333 0.03333333333333333
4 0.7208333333333333 0.255 0.008333333333333333 0.03333333333333333
4 0.7691666666666667 0.25583333333333336 0.01 0.04083333333333333
4 0.8333333333333334 0.26166666666666666 0.011666666666666667 0.043333333333333335
0 0.4766666666666667 0.2833333333333333 0.006666666666666667 0.029166666666666667
4 0.5975 0.27166666666666667 0.0075 0.04083333333333333
0 0.45416666666666666 0.29583333333333334 0.008333333333333333 0.03333333333333333
0 0.42916666666666664 0.32666666666666666 0.014166666666666666 0.04833333333333333
4 0.5916666666666667 0.3175 0.011666666666666667 0.0525
4 0.635 0.41083333333333333 0.02666666666666667 0.09583333333333334
0 0.38416666666666666 0.41833333333333333 0.025833333333333333 0.09583333333333334
4 0.8125 0.7183333333333334 0.08083333333333333 0.225
0 0.22166666666666668 0.7108333333333333 0.07333333333333333 0.23916666666666667
4 0.5816666666666667 0.29083333333333333 0.008333333333333333 0.043333333333333335
0 0.5166666666666667 0.26416666666666666 0.005833333333333334 0.029166666666666667
0 0.5416666666666666 0.25583333333333336 0.005 0.029166666666666667
0 0.5816666666666667 0.2475 0.005 0.024166666666666666
0 0.6141666666666666 0.245 0.005 0.019166666666666665
0 0.7 0.24 0.005 0.029166666666666667
0 0.7483333333333333 0.2425 0.006666666666666667 0.029166666666666667
0 0.8041666666666667 0.245 0.006666666666666667 0.029166666666666667
0 0.87 0.24916666666666668 0.006666666666666667 0.029166666666666667
4 0.915 0.27166666666666667 0.0125 0.043333333333333335