4 0.7225 0.24666666666666667 0.005833333333333334 0.021666666666666667
4 0.7833333333333333 0.24916666666666668 0.005 0.020833333333333332
0 0.6466666666666666 0.25416666666666665 0.005 0.0225
0 0.6875 0.265 0.005833333333333334 0.025
4 0.7533333333333333 0.25666666666666665 0.0075 0.0275
4 0.7966666666666666 0.26416666666666666 0.009166666666666667 0.03166666666666667
4 0.9033333333333333 0.265 0.008333333333333333 0.0275
0 0.695 0.2866666666666667 0.009166666666666667 0.04
0 0.7216666666666667 0.2733333333333333 0.009166666666666667 0.035
4 0.8425 0.2733333333333333 0.011666666666666667 0.035
4 0.8816666666666667 0.29 0.014166666666666666 0.041666666666666664
0 0.6125 0.30916666666666665 0.011666666666666667 0.050833333333333335
0 0.6616666666666666 0.29833333333333334 0.011666666666666667 0.04416666666666667
0 0.56 0.32416666666666666 0.014166666666666666 0.056666666666666664
4 0.9008333333333334 0.3308333333333333 0.023333333333333334 0.06166666666666667
0 0.5 0.3416666666666667 0.015833333333333335 0.06333333333333334
0 0.46416666666666667 0.3566666666666667 0.016666666666666666 0.0675
4 0.8816666666666667 0.36916666666666664 0.02666666666666667 0.07666666666666666
0 0.3975 0.39 0.020833333333333332 0.07833333333333334
4 0.8366666666666667 0.4041666666666667 0.03333333333333333 0.08916666666666667
4 0.7858333333333334 0.44666666666666666 0.029166666666666667 0.11166666666666666
0 0.26416666666666666 0.4816666666666667 0.03666666666666667 0.11416666666666667
4 0.7491666666666666 0.5208333333333334 0.04 0.14666666666666667
4 0.7041666666666667 0.24916666666666668 0.005833333333333334 0.0225
0 0.09083333333333334 0.7258333333333333 0.0625 0.21166666666666667
4 0.8958333333333334 0.30833333333333335 0.010833333333333334 0.049166666666666664
0 0.8791666666666667 0.2575 0.006666666666666667 0.024166666666666666
0 0.8208333333333333 0.25083333333333335 0.0033333333333333335 0.019166666666666665
0 0.7266666666666667 0.2425 0.004166666666666667 0.016666666666666666
0 0.6908333333333333 0.24083333333333334 0.004166666666666667 0.018333333333333333
0 0.6566666666666666 0.23833333333333334 0.004166666666666667 0.015833333333333335
0 0.635 0.23833333333333334 0.005 0.016666666666666666
0 0.6183333333333333 0.24833333333333332 0.005 0.020833333333333332
0 0.6166666666666667 0.23916666666666667 0.0033333333333333335 0.016666666666666666
0 0.6075 0.245 0.005833333333333334 0.020833333333333332
4 0.6775 0.245 0.005833333333333334 0.0225
4 0.685 0.24666666666666667 0.004166666666666667 0.019166666666666665
4 0.6833333333333333 0.24333333333333335 0.0033333333333333335 0.020833333333333332
4 0.6983333333333334 0.24416666666666667 0.005833333333333334 0.019166666666666665
4 0.7483333333333333 0.245 0.004166666666666667 0.015833333333333335
4 0.8241666666666667 0.25333333333333335 0.005 0.020833333333333332
3 0.465 0.29 0.0125 0.050833333333333335
3 0.6266666666666667 0.25583333333333336 0.008333333333333333 0.03333333333333333
3 0.5966666666666667 0.24916666666666668 0.0075 0.03166666666666667
3 0.5733333333333334 0.2425 0.005833333333333334 0.02666666666666667
3 0.5516666666666666 0.23833333333333334 0.005 0.024166666666666666
3 0.5383333333333333 0.23583333333333334 0.005 0.021666666666666667
3 0.5108333333333334 0.27 0.009166666666666667 0.0375
3 0.49666666666666665 0.24083333333333334 0.005 0.0225
3 0.5266666666666666 0.23166666666666666 0.004166666666666667 0.020833333333333332
3 0.5166666666666667 0.22916666666666666 0.005 0.019166666666666665
3 0.5175 0.2575 0.0075 0.03166666666666667
3 0.4866666666666667 0.2375 0.005 0.020833333333333332
3 0.47833333333333333 0.23166666666666666 0.004166666666666667 0.016666666666666666
3 0.5075 0.22666666666666666 0.004166666666666667 0.018333333333333333
3 0.3883333333333333 0.3258333333333333 0.015 0.0675
3 0.4725 0.23166666666666666 0.0033333333333333335 0.015833333333333335
3 0.4675 0.22833333333333333 0.0033333333333333335 0.014166666666666666
3 0.49916666666666665 0.22583333333333333 0.0033333333333333335 0.014166666666666666
3 0.49333333333333335 0.22333333333333333 0.0033333333333333335 0.014166666666666666
3 0.48833333333333334 0.2225 0.0033333333333333335 0.014166666666666666
3 0.4841666666666667 0.22083333333333333 0.0033333333333333335 0.014166666666666666