0 0.5058333333333334 0.3641666666666667 0.019166666666666665 0.07416666666666667
0 0.62 0.3258333333333333 0.010833333333333334 0.055
2 0.7116666666666667 0.31 0.011666666666666667 0.04833333333333333
2 0.785 0.30416666666666664 0.01 0.043333333333333335
4 0.8116666666666666 0.445 0.029166666666666667 0.11083333333333334
2 0.9091666666666667 0.39416666666666667 0.029166666666666667 0.07666666666666666
4 0.8916666666666667 0.71 0.075 0.24
0 0.3441666666666667 0.47333333333333333 0.03333333333333333 0.125
2 0.8758333333333334 0.3025 0.013333333333333334 0.043333333333333335
0 0.9366666666666666 0.305 0.006666666666666667 0.043333333333333335
4 0.6466666666666666 0.2608333333333333 0.006666666666666667 0.02666666666666667