0 0.31 0.45666666666666667 0.030833333333333334 0.11083333333333334
0 0.43583333333333335 0.36333333333333334 0.015833333333333335 0.0725
0 0.49916666666666665 0.315 0.01 0.04833333333333333
0 0.5675 0.2941666666666667 0.008333333333333333 0.04583333333333333
0 0.6241666666666666 0.2816666666666667 0.01 0.03833333333333333
0 0.6508333333333334 0.27166666666666667 0.0075 0.03333333333333333
4 0.7358333333333333 0.32666666666666666 0.016666666666666666 0.065
4 0.7716666666666666 0.3075 0.015 0.0575
4 0.795 0.29333333333333333 0.011666666666666667 0.04583333333333333
4 0.71 0.38 0.023333333333333334 0.08666666666666667
4 0.7283333333333334 0.49 0.041666666666666664 0.14083333333333334
0 0.12416666666666666 0.7425 0.0575 0.17666666666666667
4 0.9325 0.2875 0.015 0.050833333333333335
4 0.7641666666666667 0.26 0.01 0.035833333333333335
4 0.73 0.24666666666666667 0.0075 0.03166666666666667
0 0.6391666666666667 0.25 0.006666666666666667 0.029166666666666667
0 0.6558333333333334 0.25833333333333336 0.006666666666666667 0.03166666666666667
0 0.6108333333333333 0.24166666666666667 0.005833333333333334 0.02666666666666667
0 0.8541666666666666 0.225 0.005833333333333334 0.0275
0 0.8 0.22333333333333333 0.006666666666666667 0.024166666666666666
4 0.83 0.23083333333333333 0.006666666666666667 0.029166666666666667
4 0.8925 0.23416666666666666 0.0075 0.0325
4 0.7958333333333333 0.275 0.009166666666666667 0.041666666666666664
4 0.7533333333333333 0.22916666666666666 0.005833333333333334 0.0275
4 0.6891666666666667 0.23916666666666667 0.005833333333333334 0.024166666666666666
4 0.7133333333333334 0.22833333333333333 0.005 0.02666666666666667
4 0.6825 0.23333333333333334 0.005 0.02666666666666667
0 0.7341666666666666 0.22083333333333333 0.005833333333333334 0.0225
0 0.5983333333333334 0.23583333333333334 0.004166666666666667 0.0225
0 0.6641666666666667 0.22416666666666665 0.005 0.025
4 0.8816666666666667 0.755 0.03916666666666667 0.15416666666666667