4 0.7575 0.41583333333333333 0.030833333333333334 0.09583333333333334
4 0.6416666666666667 0.31583333333333335 0.013333333333333334 0.04833333333333333
4 0.6033333333333334 0.28 0.008333333333333333 0.03333333333333333
4 0.5858333333333333 0.26 0.006666666666666667 0.02666666666666667
4 0.5775 0.24666666666666667 0.005 0.0225
1 0.575 0.23833333333333334 0.004166666666666667 0.0275
4 0.8425 0.31583333333333335 0.016666666666666666 0.050833333333333335
4 0.7991666666666667 0.29583333333333334 0.0125 0.043333333333333335
4 0.7875 0.2808333333333333 0.009166666666666667 0.0325
4 0.8116666666666666 0.2708333333333333 0.008333333333333333 0.03
4 0.8158333333333333 0.2658333333333333 0.005833333333333334 0.0275
4 0.8066666666666666 0.26166666666666666 0.005 0.024166666666666666
4 0.9258333333333333 0.3458333333333333 0.021666666666666667 0.06166666666666667
4 0.57 0.2425 0.004166666666666667 0.020833333333333332
0 0.28 0.6458333333333334 0.060833333333333336 0.1975
0 0.43416666666666665 0.37833333333333335 0.018333333333333333 0.07083333333333333
0 0.4741666666666667 0.31166666666666665 0.011666666666666667 0.043333333333333335
0 0.49083333333333334 0.2816666666666667 0.008333333333333333 0.03166666666666667
0 0.5033333333333333 0.26 0.005833333333333334 0.0225
0 0.925 0.29833333333333334 0.0125 0.03833333333333333
0 0.9358333333333333 0.29 0.008333333333333333 0.035
0 0.8575 0.2625 0.006666666666666667 0.0225
4 0.6391666666666667 0.23833333333333334 0.004166666666666667 0.019166666666666665
4 0.665 0.24166666666666667 0.005 0.019166666666666665
4 0.7075 0.24666666666666667 0.005 0.021666666666666667
0 0.685 0.24083333333333334 0.005 0.018333333333333333
0 0.7208333333333333 0.24333333333333335 0.005 0.018333333333333333
0 0.7675 0.24833333333333332 0.005833333333333334 0.020833333333333332
4 0.755 0.25333333333333335 0.005833333333333334 0.0225
4 0.7941666666666667 0.27416666666666667 0.005 0.03166666666666667
0 0.9216666666666666 0.27166666666666667 0.005833333333333334 0.02666666666666667
3 0.7425 0.365 0.020833333333333332 0.0975
3 0.6758333333333333 0.31333333333333335 0.016666666666666666 0.065
3 0.6416666666666667 0.28833333333333333 0.0125 0.050833333333333335
3 0.5983333333333334 0.255 0.0075 0.03333333333333333
3 0.8225 0.34 0.0275 0.08166666666666667
3 0.7725 0.28583333333333333 0.014166666666666666 0.051666666666666666
3 0.7825 0.25333333333333335 0.006666666666666667 0.03166666666666667
3 0.7483333333333333 0.26416666666666666 0.01 0.0375
3 0.7041666666666667 0.25 0.0075 0.029166666666666667
0 0.5075 0.2525 0.0033333333333333335 0.019166666666666665
0 0.5125 0.245 0.0025 0.014166666666666666
0 0.49333333333333335 0.235 0.0033333333333333335 0.010833333333333334
0 0.4975 0.23416666666666666 0.0033333333333333335 0.013333333333333334
0 0.515 0.24083333333333334 0.0016666666666666668 0.010833333333333334
4 0.7941666666666667 0.2575 0.005 0.019166666666666665
3 0.7525 0.23916666666666667 0.0033333333333333335 0.014166666666666666
3 0.7166666666666667 0.23083333333333333 0.0025 0.014166666666666666
1 0.51 0.24333333333333335 0.0033333333333333335 0.0275
4 0.5675 0.23916666666666667 0.0033333333333333335 0.014166666666666666
4 0.5641666666666667 0.235 0.0025 0.013333333333333334
4 0.5525 0.23166666666666666 0.0033333333333333335 0.011666666666666667
4 0.5241666666666667 0.23083333333333333 0.0033333333333333335 0.011666666666666667
4 0.5383333333333333 0.23166666666666666 0.0025 0.010833333333333334
4 0.545 0.22416666666666665 0.0025 0.008333333333333333
3 0.5558333333333333 0.22833333333333333 0.0025 0.014166666666666666
3 0.5916666666666667 0.23416666666666666 0.004166666666666667 0.018333333333333333
4 0.57 0.22083333333333333 0.0025 0.01
4 0.58 0.22083333333333333 0.0025 0.008333333333333333
4 0.6425 0.23083333333333333 0.0025 0.01
4 0.6625 0.22916666666666666 0.0025 0.01
4 0.6441666666666667 0.22583333333333333 0.0025 0.01
4 0.6533333333333333 0.2275 0.0025 0.008333333333333333
0 0.6966666666666667 0.23416666666666666 0.0025 0.011666666666666667
0 0.6933333333333334 0.2325 0.0025 0.010833333333333334
0 0.6875 0.23416666666666666 0.0025 0.01
3 0.6716666666666666 0.2425 0.005 0.020833333333333332
3 0.6775 0.23416666666666666 0.0033333333333333335 0.013333333333333334
4 0.5 0.22833333333333333 0.0025 0.01
4 0.5033333333333333 0.23 0.0025 0.008333333333333333
3 0.5266666666666666 0.2275 0.0016666666666666668 0.014166666666666666
0 0.5083333333333333 0.25 0.004166666666666667 0.019166666666666665
3 0.7016666666666667 0.235 0.0025 0.015833333333333335
4 0.5666666666666667 0.23916666666666667 0.0033333333333333335 0.016666666666666666
4 0.6558333333333334 0.23083333333333333 0.0025 0.01
1 0.5091666666666667 0.24416666666666667 0.005 0.029166666666666667
0 0.8116666666666666 0.25416666666666665 0.005833333333333334 0.0225
0 0.47833333333333333 0.23416666666666666 0.0025 0.010833333333333334