0 0.1425 0.6558333333333334 0.07333333333333333 0.2125
0 0.4241666666666667 0.4008333333333333 0.02 0.0925
0 0.5558333333333333 0.33416666666666667 0.014166666666666666 0.06
2 0.6458333333333334 0.31 0.010833333333333334 0.0525
2 0.7091666666666666 0.29583333333333334 0.009166666666666667 0.04583333333333333
2 0.7816666666666666 0.28583333333333333 0.009166666666666667 0.04083333333333333
2 0.8391666666666666 0.39 0.0275 0.0925
4 0.7658333333333334 0.4708333333333333 0.035 0.12833333333333333
0 0.8308333333333333 0.2841666666666667 0.01 0.04
2 0.9041666666666667 0.355 0.0225 0.07333333333333333
4 0.5775 0.25666666666666665 0.0075 0.0275