0 0.6275 0.245 0.005 0.020833333333333332
0 0.7933333333333333 0.24166666666666667 0.0075 0.02666666666666667
0 0.8408333333333333 0.245 0.0075 0.02666666666666667
0 0.875 0.2475 0.008333333333333333 0.03333333333333333
0 0.5025 0.26416666666666666 0.005833333333333334 0.025
0 0.5258333333333334 0.25833333333333336 0.006666666666666667 0.024166666666666666
0 0.5508333333333333 0.255 0.005833333333333334 0.021666666666666667
4 0.6141666666666666 0.2608333333333333 0.008333333333333333 0.03166666666666667
4 0.655 0.25583333333333336 0.008333333333333333 0.029166666666666667
4 0.7 0.25333333333333335 0.006666666666666667 0.03166666666666667
4 0.7483333333333333 0.2575 0.0075 0.029166666666666667
4 0.8 0.2575 0.01 0.03833333333333333
4 0.8616666666666667 0.26666666666666666 0.011666666666666667 0.043333333333333335
0 0.9216666666666666 0.25083333333333335 0.0075 0.03166666666666667
0 0.475 0.2833333333333333 0.006666666666666667 0.03333333333333333
4 0.5858333333333333 0.2791666666666667 0.011666666666666667 0.04833333333333333
4 0.9325 0.27666666666666667 0.011666666666666667 0.043333333333333335
0 0.4608333333333333 0.305 0.011666666666666667 0.04583333333333333
4 0.5925 0.29833333333333334 0.013333333333333334 0.04833333333333333
0 0.43583333333333335 0.34 0.013333333333333334 0.06
4 0.6133333333333333 0.33666666666666667 0.016666666666666666 0.065
0 0.395 0.4083333333333333 0.0225 0.08166666666666667
4 0.6608333333333334 0.4166666666666667 0.025 0.10333333333333333
1 0.7025 0.46416666666666667 0.0425 0.21166666666666667
1 0.30666666666666664 0.5216666666666666 0.06 0.245
1 0.3433333333333333 0.47333333333333333 0.04416666666666667 0.20666666666666667
0 0.48583333333333334 0.27416666666666667 0.0075 0.03166666666666667
1 0.7333333333333333 0.5083333333333333 0.06416666666666666 0.25
0 0.5966666666666667 0.24833333333333332 0.005 0.020833333333333332
0 0.6675 0.24416666666666667 0.005 0.021666666666666667
0 0.715 0.24166666666666667 0.005 0.021666666666666667
0 0.7383333333333333 0.24083333333333334 0.005833333333333334 0.020833333333333332
0 0.7633333333333333 0.2425 0.005833333333333334 0.021666666666666667