1 0.1825 0.8 0.09416666666666666 0.19333333333333333
2 0.2658333333333333 0.7091666666666666 0.056666666666666664 0.115
4 0.27666666666666667 0.6441666666666667 0.034166666666666665 0.0825
2 0.3233333333333333 0.6158333333333333 0.034166666666666665 0.07916666666666666
2 0.3516666666666667 0.55 0.024166666666666666 0.05583333333333333
2 0.33416666666666667 0.5216666666666666 0.02 0.04083333333333333
2 0.5175 0.4841666666666667 0.02 0.04083333333333333
2 0.5708333333333333 0.5075 0.023333333333333334 0.05583333333333333
2 0.6091666666666666 0.5516666666666666 0.0375 0.07333333333333333
0 0.6608333333333334 0.56 0.030833333333333334 0.0825
2 0.6866666666666666 0.6133333333333333 0.0525 0.10583333333333333
2 0.7125 0.44083333333333335 0.02 0.04416666666666667
1 0.7925 0.6891666666666667 0.0925 0.24833333333333332
1 0.8708333333333333 0.7508333333333334 0.13083333333333333 0.29083333333333333
2 0.92 0.4375 0.015833333333333335 0.04083333333333333
1 0.10083333333333333 0.8341666666666666 0.0575 0.12583333333333332