0 0.11083333333333334 0.7425 0.055 0.17666666666666667
4 0.11666666666666667 0.31 0.010833333333333334 0.03833333333333333
0 0.1975 0.31166666666666665 0.01 0.03833333333333333
4 0.19416666666666665 0.28583333333333333 0.006666666666666667 0.02666666666666667
0 0.24916666666666668 0.29333333333333333 0.008333333333333333 0.03333333333333333
4 0.24416666666666667 0.2725 0.005 0.02666666666666667
0 0.38 0.445 0.025833333333333333 0.10583333333333333
0 0.47583333333333333 0.3458333333333333 0.013333333333333334 0.0625
0 0.49833333333333335 0.30833333333333335 0.009166666666666667 0.04416666666666667
4 0.7016666666666667 0.5791666666666667 0.051666666666666666 0.17333333333333334
4 0.6758333333333333 0.3958333333333333 0.021666666666666667 0.09166666666666666
4 0.6658333333333334 0.33416666666666667 0.010833333333333334 0.0575
4 0.6333333333333333 0.29833333333333334 0.01 0.043333333333333335
4 0.6033333333333334 0.27666666666666667 0.008333333333333333 0.03833333333333333
0 0.28583333333333333 0.2816666666666667 0.005 0.0225
0 0.31666666666666665 0.26916666666666667 0.005833333333333334 0.021666666666666667
0 0.3516666666666667 0.26166666666666666 0.005 0.019166666666666665
0 0.49666666666666665 0.2833333333333333 0.008333333333333333 0.035
0 0.4975 0.25333333333333335 0.004166666666666667 0.016666666666666666
0 0.49 0.24916666666666668 0.005 0.021666666666666667
0 0.4741666666666667 0.24666666666666667 0.004166666666666667 0.018333333333333333
0 0.44583333333333336 0.24666666666666667 0.0033333333333333335 0.015833333333333335
4 0.5633333333333334 0.25 0.005 0.021666666666666667
4 0.5491666666666667 0.24416666666666667 0.005833333333333334 0.019166666666666665
4 0.5283333333333333 0.23916666666666667 0.005 0.021666666666666667
3 0.13916666666666666 0.29 0.01 0.0375
3 0.105 0.2975 0.010833333333333334 0.041666666666666664
0 0.4075 0.24916666666666668 0.004166666666666667 0.015833333333333335
0 0.38416666666666666 0.25666666666666665 0.0033333333333333335 0.015833333333333335
4 0.5025 0.23666666666666666 0.004166666666666667 0.016666666666666666
4 0.415 0.2425 0.0025 0.013333333333333334
3 0.26166666666666666 0.2675 0.005 0.025
3 0.3333333333333333 0.25416666666666665 0.005 0.0225
4 0.3258333333333333 0.255 0.0033333333333333335 0.015833333333333335
3 0.35583333333333333 0.2425 0.004166666666666667 0.019166666666666665
4 0.5841666666666666 0.26166666666666666 0.006666666666666667 0.03
4 0.3858333333333333 0.24583333333333332 0.004166666666666667 0.015833333333333335
4 0.28583333333333333 0.26416666666666666 0.005833333333333334 0.019166666666666665