0 0.2 0.7458333333333333 0.0425 0.16916666666666666
0 0.3675 0.4658333333333333 0.024166666666666666 0.10416666666666667
0 0.4191666666666667 0.3858333333333333 0.020833333333333332 0.0725
4 0.07083333333333333 0.37166666666666665 0.013333333333333334 0.04583333333333333
4 0.22166666666666668 0.33416666666666667 0.011666666666666667 0.03833333333333333
0 0.25833333333333336 0.35833333333333334 0.0125 0.050833333333333335
4 0.3541666666666667 0.30083333333333334 0.006666666666666667 0.029166666666666667
0 0.415 0.3075 0.009166666666666667 0.03333333333333333
4 0.43083333333333335 0.2816666666666667 0.005833333333333334 0.024166666666666666
0 0.4791666666666667 0.3441666666666667 0.014166666666666666 0.05416666666666667
0 0.4975 0.2816666666666667 0.006666666666666667 0.029166666666666667
4 0.5033333333333333 0.26166666666666666 0.005 0.019166666666666665
0 0.5241666666666667 0.32 0.011666666666666667 0.04833333333333333
0 0.58 0.3025 0.01 0.043333333333333335
4 0.5383333333333333 0.25333333333333335 0.004166666666666667 0.019166666666666665
1 0.5475 0.24666666666666667 0.004166666666666667 0.024166666666666666
1 0.5508333333333333 0.24666666666666667 0.0033333333333333335 0.024166666666666666
0 0.565 0.26166666666666666 0.004166666666666667 0.019166666666666665
4 0.5641666666666667 0.2475 0.0033333333333333335 0.014166666666666666
0 0.595 0.25 0.0033333333333333335 0.019166666666666665
1 0.6058333333333333 0.24416666666666667 0.0033333333333333335 0.02666666666666667
1 0.6091666666666666 0.2425 0.0033333333333333335 0.029166666666666667
0 0.64 0.28833333333333333 0.008333333333333333 0.03833333333333333
0 0.705 0.2816666666666667 0.008333333333333333 0.03833333333333333
4 0.7083333333333334 0.3375 0.014166666666666666 0.0625
4 0.7175 0.4041666666666667 0.0225 0.09166666666666666
4 0.7491666666666666 0.5458333333333333 0.04583333333333333 0.15416666666666667
4 0.7883333333333333 0.3225 0.015833333333333335 0.0525
0 0.7633333333333333 0.27666666666666667 0.01 0.035
0 0.7508333333333334 0.24666666666666667 0.006666666666666667 0.0225
4 0.7725 0.23333333333333334 0.004166666666666667 0.016666666666666666
4 0.7766666666666666 0.2375 0.005 0.018333333333333333
4 0.7908333333333334 0.23083333333333333 0.005 0.016666666666666666
0 0.7958333333333333 0.255 0.006666666666666667 0.024166666666666666
0 0.8133333333333334 0.27 0.0075 0.0325
0 0.8241666666666667 0.2625 0.005833333333333334 0.0275
4 0.8208333333333333 0.24083333333333334 0.005 0.0225
4 0.8291666666666667 0.22666666666666666 0.005 0.015833333333333335
4 0.8766666666666667 0.31416666666666665 0.015 0.049166666666666664
4 0.8775 0.24833333333333332 0.0075 0.025
4 0.8558333333333333 0.22583333333333333 0.005 0.016666666666666666
4 0.8608333333333333 0.22 0.0033333333333333335 0.014166666666666666
4 0.8666666666666667 0.22333333333333333 0.005 0.013333333333333334
4 0.9275 0.25583333333333336 0.01 0.029166666666666667
3 0.2375 0.635 0.05583333333333333 0.26
3 0.12416666666666666 0.43666666666666665 0.03333333333333333 0.11083333333333334
3 0.30833333333333335 0.33916666666666667 0.015833333333333335 0.065
3 0.4058333333333333 0.3075 0.0075 0.050833333333333335
3 0.4008333333333333 0.3325 0.015833333333333335 0.06333333333333334
3 0.4691666666666667 0.29 0.009166666666666667 0.041666666666666664
3 0.5666666666666667 0.2925 0.011666666666666667 0.051666666666666666
3 0.6708333333333333 0.2683333333333333 0.01 0.04083333333333333
3 0.7008333333333333 0.25166666666666665 0.008333333333333333 0.0325
3 0.7183333333333334 0.24 0.005833333333333334 0.0275
3 0.7941666666666667 0.4091666666666667 0.035833333333333335 0.13083333333333333
3 0.8516666666666667 0.3416666666666667 0.028333333333333332 0.0875
0 0.6116666666666667 0.24416666666666667 0.0025 0.019166666666666665
0 0.6283333333333333 0.24 0.0033333333333333335 0.014166666666666666
0 0.6341666666666667 0.23583333333333334 0.0033333333333333335 0.013333333333333334
3 0.6316666666666667 0.25166666666666665 0.005833333333333334 0.018333333333333333
0 0.6425 0.23583333333333334 0.0033333333333333335 0.014166666666666666
0 0.6466666666666666 0.23166666666666666 0.0025 0.011666666666666667
0 0.6491666666666667 0.23166666666666666 0.0025 0.011666666666666667
3 0.6558333333333334 0.22583333333333333 0.0033333333333333335 0.016666666666666666
3 0.6583333333333333 0.24166666666666667 0.006666666666666667 0.016666666666666666
3 0.6683333333333333 0.23416666666666666 0.0075 0.018333333333333333
0 0.6991666666666667 0.23166666666666666 0.0033333333333333335 0.014166666666666666
0 0.6958333333333333 0.2375 0.004166666666666667 0.015833333333333335
0 0.7141666666666666 0.22833333333333333 0.0033333333333333335 0.011666666666666667
0 0.7125 0.24083333333333334 0.004166666666666667 0.020833333333333332
3 0.7216666666666667 0.22416666666666665 0.004166666666666667 0.018333333333333333
0 0.7358333333333333 0.2275 0.004166666666666667 0.015833333333333335
0 0.7633333333333333 0.225 0.004166666666666667 0.015833333333333335
3 0.805 0.2275 0.004166666666666667 0.019166666666666665
3 0.81 0.23333333333333334 0.005833333333333334 0.02666666666666667
3 0.8066666666666666 0.255 0.009166666666666667 0.04
3 0.8908333333333334 0.2375 0.0075 0.03
4 0.5866666666666667 0.2375 0.0025 0.010833333333333334
4 0.5816666666666667 0.2425 0.004166666666666667 0.013333333333333334
4 0.5966666666666667 0.23666666666666666 0.0033333333333333335 0.014166666666666666