4 0.6966666666666667 0.23833333333333334 0.004166666666666667 0.024166666666666666
4 0.565 0.26666666666666666 0.005 0.03166666666666667
4 0.8408333333333333 0.2525 0.0075 0.03166666666666667
4 0.9008333333333334 0.26666666666666666 0.009166666666666667 0.035833333333333335
4 0.5741666666666667 0.28833333333333333 0.008333333333333333 0.04083333333333333
0 0.44916666666666666 0.32416666666666666 0.011666666666666667 0.04833333333333333
4 0.5941666666666666 0.32 0.015 0.056666666666666664
4 0.6291666666666667 0.37083333333333335 0.020833333333333332 0.08083333333333333
0 0.3825 0.4325 0.023333333333333334 0.09833333333333333
4 0.6866666666666666 0.44916666666666666 0.034166666666666665 0.1225
4 0.9208333333333333 0.7508333333333334 0.03916666666666667 0.16
0 0.465 0.29333333333333333 0.0075 0.03833333333333333
0 0.4741666666666667 0.2725 0.005 0.03166666666666667
0 0.485 0.26 0.005 0.0275
0 0.49666666666666665 0.255 0.005 0.021666666666666667
0 0.5233333333333333 0.245 0.0033333333333333335 0.019166666666666665
4 0.735 0.24 0.005 0.029166666666666667
4 0.7758333333333334 0.24333333333333335 0.006666666666666667 0.0325
0 0.9083333333333333 0.24916666666666668 0.005 0.02666666666666667
0 0.8541666666666666 0.24166666666666667 0.006666666666666667 0.024166666666666666
0 0.8175 0.24 0.006666666666666667 0.0225
4 0.5766666666666667 0.24833333333333332 0.004166666666666667 0.0225
4 0.5941666666666666 0.2425 0.0033333333333333335 0.019166666666666665
4 0.6183333333333333 0.24 0.004166666666666667 0.019166666666666665
4 0.6458333333333334 0.24 0.005 0.019166666666666665
4 0.6658333333333334 0.23916666666666667 0.005 0.019166666666666665
0 0.13833333333333334 0.7658333333333334 0.0375 0.13083333333333333
0 0.5408333333333334 0.2425 0.005833333333333334 0.02666666666666667
4 0.5558333333333333 0.22333333333333333 0.004166666666666667 0.020833333333333332
0 0.5708333333333333 0.23833333333333334 0.005833333333333334 0.021666666666666667
0 0.5966666666666667 0.23416666666666666 0.004166666666666667 0.016666666666666666
0 0.6258333333333334 0.23333333333333334 0.005 0.019166666666666665
0 0.66 0.23416666666666666 0.004166666666666667 0.021666666666666667
0 0.6933333333333334 0.23416666666666666 0.0033333333333333335 0.021666666666666667
0 0.73 0.23583333333333334 0.004166666666666667 0.020833333333333332
0 0.7716666666666666 0.23666666666666666 0.005 0.021666666666666667