0 0.7391666666666666 0.3333333333333333 0.013333333333333334 0.04583333333333333
0 0.6691666666666667 0.33916666666666667 0.0125 0.04833333333333333
0 0.85 0.335 0.015 0.04416666666666667
0 0.5958333333333333 0.35583333333333333 0.014166666666666666 0.0525
0 0.5183333333333333 0.385 0.015 0.06833333333333333
4 0.8675 0.4558333333333333 0.034166666666666665 0.10333333333333333
0 0.4025 0.47333333333333333 0.02666666666666667 0.10583333333333333
4 0.8216666666666667 0.525 0.04416666666666667 0.13833333333333334
0 0.1675 0.7033333333333334 0.07166666666666667 0.2275
4 0.8725 0.7291666666666666 0.06833333333333333 0.20333333333333334
3 0.4 0.36833333333333335 0.020833333333333332 0.08333333333333333
3 0.38083333333333336 0.3675 0.020833333333333332 0.08416666666666667
3 0.235 0.3591666666666667 0.023333333333333334 0.0725
3 0.07916666666666666 0.34833333333333333 0.021666666666666667 0.065