2 0.225 0.7216666666666667 0.07166666666666667 0.13666666666666666
4 0.25416666666666665 0.6316666666666667 0.04666666666666667 0.09916666666666667
2 0.31333333333333335 0.6008333333333333 0.043333333333333335 0.09
2 0.35583333333333333 0.5191666666666667 0.024166666666666666 0.06166666666666667
2 0.3408333333333333 0.48333333333333334 0.020833333333333332 0.04416666666666667
2 0.5391666666666667 0.4666666666666667 0.021666666666666667 0.04666666666666667
2 0.5991666666666666 0.5033333333333333 0.02666666666666667 0.059166666666666666
2 0.6441666666666667 0.5658333333333333 0.0425 0.08416666666666667
0 0.7133333333333334 0.5883333333333334 0.050833333333333335 0.09583333333333334
2 0.7575 0.44666666666666666 0.023333333333333334 0.045
2 0.745 0.67 0.06833333333333333 0.13083333333333333
1 0.905 0.7791666666666667 0.0625 0.23416666666666666