0 0.8983333333333333 0.25083333333333335 0.005833333333333334 0.024166666666666666
4 0.86 0.26416666666666666 0.008333333333333333 0.029166666666666667
4 0.9108333333333334 0.27416666666666667 0.009166666666666667 0.03833333333333333
0 0.44666666666666666 0.32083333333333336 0.01 0.043333333333333335
4 0.6258333333333334 0.32166666666666666 0.0125 0.05416666666666667
0 0.42333333333333334 0.36583333333333334 0.015833333333333335 0.06833333333333333
4 0.6641666666666667 0.3725 0.019166666666666665 0.07916666666666666
0 0.335 0.5291666666666667 0.03666666666666667 0.14333333333333334
4 0.8133333333333334 0.6783333333333333 0.07416666666666667 0.2225
1 0.5925 0.2791666666666667 0.01 0.06583333333333333
1 0.47333333333333333 0.2833333333333333 0.008333333333333333 0.0525
0 0.4841666666666667 0.2758333333333333 0.005 0.03
0 0.49166666666666664 0.26416666666666666 0.005 0.025
4 0.5783333333333334 0.2633333333333333 0.005 0.029166666666666667
4 0.775 0.24583333333333332 0.005 0.0225
4 0.8133333333333334 0.25333333333333335 0.005833333333333334 0.0275