0 0.10083333333333333 0.7491666666666666 0.050833333333333335 0.1625
0 0.22 0.5133333333333333 0.03833333333333333 0.125
0 0.2866666666666667 0.4066666666666667 0.0225 0.07666666666666666
0 0.35 0.35583333333333333 0.013333333333333334 0.055
0 0.4116666666666667 0.32666666666666666 0.013333333333333334 0.04833333333333333
0 0.46 0.305 0.010833333333333334 0.03833333333333333
0 0.4866666666666667 0.29083333333333333 0.008333333333333333 0.03333333333333333
0 0.5275 0.27666666666666667 0.006666666666666667 0.029166666666666667
1 0.5325 0.26166666666666666 0.008333333333333333 0.043333333333333335
1 0.5375 0.26 0.006666666666666667 0.043333333333333335
0 0.5516666666666666 0.26166666666666666 0.005833333333333334 0.024166666666666666
0 0.575 0.25 0.005 0.019166666666666665
4 0.7066666666666667 0.48833333333333334 0.034166666666666665 0.13
4 0.575 0.36083333333333334 0.015 0.07
4 0.6083333333333333 0.30916666666666665 0.011666666666666667 0.043333333333333335
4 0.6308333333333334 0.285 0.008333333333333333 0.03333333333333333
1 0.6391666666666667 0.26416666666666666 0.01 0.04833333333333333
1 0.6433333333333333 0.2608333333333333 0.005833333333333334 0.04583333333333333
4 0.6458333333333334 0.2633333333333333 0.005 0.02666666666666667
4 0.6566666666666666 0.25 0.005833333333333334 0.024166666666666666
4 0.6675 0.23833333333333334 0.005 0.019166666666666665
4 0.6716666666666666 0.23333333333333334 0.0033333333333333335 0.019166666666666665
0 0.6016666666666667 0.2375 0.005 0.020833333333333332
4 0.10333333333333333 0.33916666666666667 0.01 0.03333333333333333
0 0.17333333333333334 0.34 0.011666666666666667 0.04083333333333333
4 0.20083333333333334 0.32 0.008333333333333333 0.03333333333333333
0 0.275 0.31833333333333336 0.01 0.03333333333333333
0 0.35 0.30083333333333334 0.008333333333333333 0.03333333333333333
4 0.3175 0.2916666666666667 0.005833333333333334 0.02666666666666667
4 0.3225 0.28583333333333333 0.005 0.021666666666666667
4 0.34 0.2775 0.005 0.016666666666666666
4 0.35333333333333333 0.27416666666666667 0.005 0.019166666666666665
4 0.36916666666666664 0.2683333333333333 0.004166666666666667 0.019166666666666665
3 0.14916666666666667 0.45166666666666666 0.030833333333333334 0.12833333333333333
4 0.3975 0.3025 0.008333333333333333 0.03333333333333333
3 0.6641666666666667 0.3491666666666667 0.02 0.09
4 0.5116666666666667 0.26166666666666666 0.0075 0.020833333333333332
4 0.4575 0.2775 0.006666666666666667 0.019166666666666665
0 0.47333333333333333 0.25333333333333335 0.005 0.024166666666666666
0 0.41083333333333333 0.275 0.005833333333333334 0.020833333333333332
0 0.3983333333333333 0.2775 0.004166666666666667 0.019166666666666665
3 0.4216666666666667 0.2683333333333333 0.005 0.029166666666666667
3 0.5708333333333333 0.245 0.004166666666666667 0.0225
0 0.44416666666666665 0.25583333333333336 0.0033333333333333335 0.014166666666666666
3 0.29583333333333334 0.2891666666666667 0.005833333333333334 0.03
3 0.28833333333333333 0.29 0.006666666666666667 0.0325
3 0.27666666666666667 0.28583333333333333 0.005 0.024166666666666666
3 0.18666666666666668 0.335 0.010833333333333334 0.05416666666666667
3 0.15083333333333335 0.325 0.008333333333333333 0.04
4 0.39166666666666666 0.26416666666666666 0.005 0.018333333333333333
4 0.41583333333333333 0.25666666666666665 0.0033333333333333335 0.015833333333333335
2 0.4275 0.25583333333333336 0.004166666666666667 0.019166666666666665
3 0.45166666666666666 0.24833333333333332 0.004166666666666667 0.018333333333333333
0 0.49916666666666665 0.24666666666666667 0.0033333333333333335 0.014166666666666666
0 0.5483333333333333 0.2375 0.0033333333333333335 0.013333333333333334
3 0.5091666666666667 0.245 0.005 0.018333333333333333
0 0.615 0.23166666666666666 0.004166666666666667 0.020833333333333332
0 0.6233333333333333 0.22583333333333333 0.0033333333333333335 0.016666666666666666
4 0.6766666666666666 0.2275 0.0033333333333333335 0.014166666666666666
4 0.6791666666666667 0.22 0.0033333333333333335 0.016666666666666666
4 0.6816666666666666 0.21583333333333332 0.0033333333333333335 0.013333333333333334
0 0.61 0.22916666666666666 0.0033333333333333335 0.020833333333333332
0 0.63 0.22166666666666668 0.0033333333333333335 0.015833333333333335
0 0.6358333333333334 0.21833333333333332 0.0025 0.013333333333333334
4 0.6425 0.215 0.0033333333333333335 0.011666666666666667
4 0.515 0.2325 0.004166666666666667 0.015833333333333335
4 0.5183333333333333 0.23916666666666667 0.0033333333333333335 0.014166666666666666
0 0.5275 0.2425 0.0033333333333333335 0.015833333333333335
2 0.5541666666666667 0.23666666666666666 0.004166666666666667 0.014166666666666666
0 0.5625 0.23666666666666666 0.0025 0.011666666666666667
4 0.655 0.21583333333333332 0.0025 0.010833333333333334
4 0.6683333333333333 0.21583333333333332 0.0025 0.010833333333333334
4 0.5391666666666667 0.2275 0.0033333333333333335 0.011666666666666667
4 0.6466666666666666 0.2125 0.0025 0.01
4 0.65 0.2125 0.0025 0.01
2 0.575 0.22583333333333333 0.0033333333333333335 0.016666666666666666
4 0.49666666666666665 0.2425 0.0033333333333333335 0.013333333333333334
4 0.53 0.23416666666666666 0.0033333333333333335 0.015833333333333335
4 0.5225 0.22916666666666666 0.0025 0.011666666666666667