2 0.7166666666666667 0.5241666666666667 0.0375 0.07416666666666667
4 0.6816666666666666 0.52 0.0325 0.06666666666666667
2 0.5608333333333333 0.5608333333333333 0.06666666666666667 0.12083333333333333
2 0.575 0.5166666666666667 0.021666666666666667 0.06333333333333334
0 0.44666666666666666 0.5641666666666667 0.0675 0.11666666666666667
1 0.47583333333333333 0.49916666666666665 0.04083333333333333 0.08583333333333333
1 0.44333333333333336 0.4975 0.034166666666666665 0.08083333333333333
2 0.39666666666666667 0.5133333333333333 0.023333333333333334 0.05
2 0.3591666666666667 0.5475 0.051666666666666666 0.095
4 0.3475 0.5133333333333333 0.014166666666666666 0.0475
2 0.22833333333333333 0.5991666666666666 0.1025 0.1675