4 0.8408333333333333 0.8075 0.07166666666666667 0.10333333333333333
4 0.6175 0.6083333333333333 0.028333333333333332 0.05583333333333333
4 0.5508333333333333 0.5416666666666666 0.016666666666666666 0.03166666666666667
4 0.5016666666666667 0.5041666666666667 0.0075 0.024166666666666666
0 0.26666666666666666 0.5916666666666667 0.035833333333333335 0.06416666666666666
0 0.33166666666666667 0.5283333333333333 0.018333333333333333 0.035833333333333335
0 0.3641666666666667 0.49583333333333335 0.01 0.024166666666666666
0 0.36 0.4816666666666667 0.0075 0.02
0 0.3358333333333333 0.4741666666666667 0.0075 0.015833333333333335
0 0.19916666666666666 0.45916666666666667 0.01 0.019166666666666665
0 0.2841666666666667 0.465 0.008333333333333333 0.015833333333333335
4 0.4775 0.4891666666666667 0.006666666666666667 0.014166666666666666
4 0.44166666666666665 0.47833333333333333 0.006666666666666667 0.013333333333333334
4 0.4 0.4683333333333333 0.005833333333333334 0.010833333333333334
4 0.35583333333333333 0.4633333333333333 0.005833333333333334 0.011666666666666667
4 0.30416666666666664 0.4575 0.005833333333333334 0.013333333333333334
4 0.23916666666666667 0.45166666666666666 0.006666666666666667 0.011666666666666667