0 0.13666666666666666 0.6925 0.06666666666666667 0.22833333333333333
0 0.3525 0.4666666666666667 0.03333333333333333 0.115
0 0.48083333333333333 0.3825 0.0225 0.07666666666666666
0 0.5825 0.3475 0.018333333333333333 0.06
0 0.6616666666666666 0.33 0.016666666666666666 0.051666666666666666
0 0.7441666666666666 0.32416666666666666 0.015 0.050833333333333335
0 0.83 0.3308333333333333 0.015 0.04666666666666667
4 0.8833333333333333 0.5041666666666667 0.041666666666666664 0.13333333333333333
3 0.8441666666666666 0.3075 0.016666666666666666 0.050833333333333335
3 0.8266666666666667 0.3025 0.0125 0.049166666666666664
3 0.6066666666666667 0.2941666666666667 0.0125 0.051666666666666666
3 0.6183333333333333 0.2975 0.015 0.05416666666666667
3 0.49583333333333335 0.3258333333333333 0.018333333333333333 0.07
3 0.7366666666666667 0.2816666666666667 0.01 0.03833333333333333
3 0.57 0.2816666666666667 0.011666666666666667 0.041666666666666664
3 0.5416666666666666 0.2675 0.008333333333333333 0.035
3 0.5175 0.25416666666666665 0.006666666666666667 0.0275
3 0.6633333333333333 0.26416666666666666 0.0075 0.03
3 0.6225 0.25333333333333335 0.006666666666666667 0.025
3 0.5833333333333334 0.24583333333333332 0.006666666666666667 0.0225
3 0.5016666666666667 0.245 0.005833333333333334 0.024166666666666666
3 0.4925 0.24083333333333334 0.005833333333333334 0.020833333333333332
3 0.5575 0.24 0.005 0.019166666666666665
4 0.9275 0.43583333333333335 0.025833333333333333 0.0975