0 0.15833333333333333 0.4241666666666667 0.028333333333333332 0.08666666666666667
4 0.3466666666666667 0.31166666666666665 0.010833333333333334 0.04083333333333333
4 0.39666666666666667 0.32166666666666666 0.010833333333333334 0.049166666666666664
0 0.18916666666666668 0.6766666666666666 0.07 0.21416666666666667
0 0.21 0.4841666666666667 0.03666666666666667 0.12
4 0.4666666666666667 0.33666666666666667 0.015 0.06
4 0.5791666666666667 0.3725 0.020833333333333332 0.07916666666666666
4 0.6708333333333333 0.2816666666666667 0.008333333333333333 0.04083333333333333
4 0.785 0.5958333333333333 0.06 0.19083333333333333
0 0.11416666666666667 0.38666666666666666 0.021666666666666667 0.0625
0 0.08083333333333333 0.36666666666666664 0.016666666666666666 0.055
0 0.06333333333333334 0.3541666666666667 0.006666666666666667 0.041666666666666664
4 0.29583333333333334 0.30583333333333335 0.0075 0.0375
4 0.25 0.3025 0.0075 0.035
4 0.22 0.2966666666666667 0.008333333333333333 0.0325
4 0.21333333333333335 0.2916666666666667 0.005833333333333334 0.029166666666666667
0 0.8908333333333334 0.30333333333333334 0.015833333333333335 0.056666666666666664
4 0.8116666666666666 0.3458333333333333 0.020833333333333332 0.07083333333333333
0 0.795 0.27666666666666667 0.008333333333333333 0.041666666666666664
4 0.7141666666666666 0.30916666666666665 0.011666666666666667 0.0525
1 0.7508333333333334 0.255 0.009166666666666667 0.0525
1 0.765 0.2575 0.01 0.055
0 0.72 0.255 0.005 0.029166666666666667
0 0.68 0.24333333333333335 0.005 0.0225
1 0.655 0.2608333333333333 0.008333333333333333 0.055
1 0.6466666666666666 0.2575 0.006666666666666667 0.05416666666666667
4 0.6258333333333334 0.25916666666666666 0.005 0.0275
4 0.5933333333333334 0.25 0.006666666666666667 0.029166666666666667
4 0.5691666666666667 0.24583333333333332 0.005 0.025
4 0.5466666666666666 0.24583333333333332 0.0033333333333333335 0.0225
4 0.25583333333333336 0.2783333333333333 0.004166666666666667 0.025
4 0.3025 0.2683333333333333 0.004166666666666667 0.024166666666666666
4 0.35 0.25916666666666666 0.004166666666666667 0.0225
0 0.37916666666666665 0.25 0.0033333333333333335 0.014166666666666666
0 0.32916666666666666 0.255 0.0033333333333333335 0.016666666666666666
2 0.395 0.25333333333333335 0.004166666666666667 0.021666666666666667
2 0.41833333333333333 0.24416666666666667 0.004166666666666667 0.019166666666666665
2 0.435 0.25 0.004166666666666667 0.019166666666666665
2 0.4716666666666667 0.24666666666666667 0.0033333333333333335 0.018333333333333333
0 0.6316666666666667 0.23583333333333334 0.0033333333333333335 0.018333333333333333
0 0.5766666666666667 0.235 0.0033333333333333335 0.015833333333333335
0 0.5308333333333334 0.23583333333333334 0.0033333333333333335 0.015833333333333335
4 0.52 0.24416666666666667 0.0033333333333333335 0.019166666666666665
0 0.0875 0.31166666666666665 0.005 0.0275
0 0.15833333333333333 0.2966666666666667 0.004166666666666667 0.020833333333333332
0 0.27666666666666667 0.26416666666666666 0.004166666666666667 0.016666666666666666
2 0.4533333333333333 0.24083333333333334 0.0033333333333333335 0.018333333333333333
2 0.49833333333333335 0.23916666666666667 0.0033333333333333335 0.014166666666666666