0 0.295 0.3883333333333333 0.034166666666666665 0.115
0 0.4141666666666667 0.315 0.023333333333333334 0.08666666666666667
0 0.47583333333333333 0.28583333333333333 0.019166666666666665 0.0725
0 0.5258333333333334 0.26166666666666666 0.015833333333333335 0.06
0 0.5766666666666667 0.245 0.015 0.0525
0 0.6616666666666666 0.23083333333333333 0.014166666666666666 0.0525
0 0.74 0.21833333333333332 0.01 0.04833333333333333
0 0.8125 0.2125 0.011666666666666667 0.043333333333333335
0 0.8816666666666667 0.21 0.011666666666666667 0.043333333333333335
0 0.9366666666666666 0.20916666666666667 0.006666666666666667 0.043333333333333335
4 0.9291666666666667 0.3233333333333333 0.020833333333333332 0.09166666666666666
4 0.8883333333333333 0.39166666666666666 0.04 0.13
4 0.9058333333333334 0.5383333333333333 0.0675 0.1975