0 0.3125 0.43 0.03916666666666667 0.14166666666666666
0 0.44416666666666665 0.29833333333333334 0.02 0.08166666666666667
0 0.505 0.2575 0.013333333333333334 0.0675
0 0.5608333333333333 0.22916666666666666 0.011666666666666667 0.0525
0 0.6166666666666667 0.21833333333333332 0.011666666666666667 0.04833333333333333
0 0.6575 0.21666666666666667 0.01 0.04583333333333333
0 0.6983333333333334 0.21166666666666667 0.01 0.04583333333333333
0 0.7466666666666667 0.21 0.011666666666666667 0.04583333333333333
0 0.8475 0.21833333333333332 0.013333333333333334 0.04833333333333333
4 0.8866666666666667 0.32666666666666666 0.0325 0.10083333333333333
4 0.8616666666666667 0.36333333333333334 0.04083333333333333 0.1225
4 0.81 0.39666666666666667 0.041666666666666664 0.13916666666666666
4 0.8358333333333333 0.5658333333333333 0.0625 0.23333333333333334