4 0.45416666666666666 0.26916666666666667 0.006666666666666667 0.029166666666666667
4 0.7716666666666666 0.26416666666666666 0.005 0.02666666666666667
4 0.525 0.2775 0.008333333333333333 0.03166666666666667
4 0.7491666666666666 0.2833333333333333 0.009166666666666667 0.035833333333333335
4 0.76 0.275 0.008333333333333333 0.03333333333333333
4 0.5675 0.31 0.011666666666666667 0.04583333333333333
0 0.9008333333333334 0.3025 0.011666666666666667 0.03833333333333333
4 0.8116666666666666 0.32916666666666666 0.020833333333333332 0.06
4 0.6033333333333334 0.36916666666666664 0.019166666666666665 0.07416666666666667
0 0.24166666666666667 0.5108333333333334 0.035833333333333335 0.13
4 0.6941666666666667 0.5358333333333334 0.04583333333333333 0.15416666666666667
0 0.3616666666666667 0.3616666666666667 0.016666666666666666 0.065
0 0.3983333333333333 0.3075 0.009166666666666667 0.043333333333333335
0 0.35583333333333333 0.2875 0.008333333333333333 0.035833333333333335
0 0.33 0.2791666666666667 0.006666666666666667 0.029166666666666667
0 0.3175 0.2725 0.006666666666666667 0.02666666666666667
4 0.4866666666666667 0.2725 0.006666666666666667 0.03166666666666667
4 0.43166666666666664 0.2658333333333333 0.006666666666666667 0.029166666666666667
4 0.4125 0.26166666666666666 0.005 0.024166666666666666
4 0.4091666666666667 0.2575 0.004166666666666667 0.024166666666666666
4 0.4166666666666667 0.25333333333333335 0.005 0.024166666666666666
4 0.42833333333333334 0.24666666666666667 0.005 0.021666666666666667
4 0.43666666666666665 0.2425 0.004166666666666667 0.019166666666666665
1 0.8425 0.6533333333333333 0.1025 0.3541666666666667
4 0.4533333333333333 0.2425 0.004166666666666667 0.019166666666666665
4 0.4691666666666667 0.24 0.0033333333333333335 0.014166666666666666
4 0.5083333333333333 0.23666666666666666 0.0033333333333333335 0.016666666666666666
4 0.7625 0.30083333333333334 0.013333333333333334 0.043333333333333335
4 0.7375 0.255 0.006666666666666667 0.024166666666666666
4 0.7758333333333334 0.26916666666666667 0.0075 0.03166666666666667
0 0.78 0.255 0.005 0.019166666666666665
0 0.8441666666666666 0.26916666666666667 0.008333333333333333 0.029166666666666667
4 0.5325 0.23583333333333334 0.0033333333333333335 0.014166666666666666
4 0.5516666666666666 0.23416666666666666 0.004166666666666667 0.016666666666666666
4 0.7016666666666667 0.24833333333333332 0.006666666666666667 0.0225
4 0.6775 0.2425 0.005 0.019166666666666665
0 0.3516666666666667 0.25833333333333336 0.005833333333333334 0.024166666666666666
0 0.36666666666666664 0.25416666666666665 0.005 0.020833333333333332
0 0.37833333333333335 0.2475 0.005 0.021666666666666667