4 0.5516666666666666 0.2658333333333333 0.006666666666666667 0.03166666666666667
4 0.8625 0.26166666666666666 0.009166666666666667 0.03333333333333333
0 0.4558333333333333 0.28833333333333333 0.006666666666666667 0.03333333333333333
4 0.56 0.28583333333333333 0.01 0.03833333333333333
0 0.43916666666666665 0.31583333333333335 0.011666666666666667 0.043333333333333335
4 0.5775 0.3125 0.014166666666666666 0.0575
4 0.6083333333333333 0.35583333333333333 0.020833333333333332 0.07416666666666667
0 0.38083333333333336 0.4125 0.024166666666666666 0.08666666666666667
4 0.6533333333333333 0.42083333333333334 0.0275 0.11083333333333334
4 0.8133333333333334 0.6716666666666666 0.0675 0.23166666666666666
0 0.19416666666666665 0.7208333333333333 0.07166666666666667 0.22
0 0.9208333333333333 0.255 0.006666666666666667 0.03333333333333333
0 0.8716666666666667 0.245 0.005 0.024166666666666666
4 0.81 0.25 0.006666666666666667 0.029166666666666667
0 0.8225 0.23916666666666667 0.005 0.024166666666666666
0 0.79 0.23583333333333334 0.005 0.019166666666666665
0 0.46416666666666667 0.27166666666666667 0.005 0.029166666666666667
0 0.47333333333333333 0.25833333333333336 0.005 0.024166666666666666
0 0.48583333333333334 0.255 0.005 0.024166666666666666
0 0.5116666666666667 0.245 0.005 0.020833333333333332
0 0.5291666666666667 0.23833333333333334 0.004166666666666667 0.020833333333333332
0 0.5583333333333333 0.235 0.005 0.020833333333333332
0 0.6116666666666667 0.22833333333333333 0.004166666666666667 0.019166666666666665
0 0.5833333333333334 0.23166666666666666 0.0033333333333333335 0.016666666666666666
0 0.6433333333333333 0.23166666666666666 0.004166666666666667 0.018333333333333333
4 0.5633333333333334 0.24666666666666667 0.004166666666666667 0.024166666666666666
4 0.58 0.24416666666666667 0.004166666666666667 0.016666666666666666
4 0.6041666666666666 0.23833333333333334 0.005 0.020833333333333332
4 0.63 0.2375 0.004166666666666667 0.018333333333333333
4 0.6491666666666667 0.23583333333333334 0.004166666666666667 0.016666666666666666
4 0.6775 0.235 0.005 0.025
4 0.7125 0.23916666666666667 0.0075 0.029166666666666667
4 0.7516666666666667 0.24 0.006666666666666667 0.02666666666666667
4 0.5441666666666667 0.2225 0.004166666666666667 0.019166666666666665