0 0.175 0.3675 0.018333333333333333 0.0625
0 0.2225 0.4083333333333333 0.024166666666666666 0.08166666666666667
4 0.36833333333333335 0.30416666666666664 0.008333333333333333 0.043333333333333335
4 0.40166666666666667 0.26666666666666666 0.006666666666666667 0.029166666666666667
4 0.42333333333333334 0.32083333333333336 0.013333333333333334 0.0525
4 0.49333333333333335 0.26166666666666666 0.005833333333333334 0.03166666666666667
4 0.5333333333333333 0.2633333333333333 0.0075 0.03333333333333333
4 0.5783333333333334 0.27166666666666667 0.008333333333333333 0.03833333333333333
0 0.6258333333333334 0.24666666666666667 0.006666666666666667 0.03166666666666667
4 0.63 0.28583333333333333 0.01 0.043333333333333335
0 0.6825 0.25 0.006666666666666667 0.029166666666666667
0 0.20333333333333334 0.5033333333333333 0.04 0.12166666666666667
4 0.48583333333333334 0.3416666666666667 0.015 0.065
4 0.5983333333333334 0.3958333333333333 0.024166666666666666 0.095
4 0.6658333333333334 0.3025 0.011666666666666667 0.0525
4 0.7341666666666666 0.33416666666666667 0.019166666666666665 0.0725
4 0.8983333333333333 0.38916666666666666 0.03166666666666667 0.10083333333333333
4 0.8133333333333334 0.515 0.0525 0.16
0 0.08416666666666667 0.3725 0.020833333333333332 0.0625
4 0.12 0.3225 0.013333333333333334 0.04833333333333333
4 0.20916666666666667 0.3075 0.011666666666666667 0.043333333333333335
4 0.20333333333333334 0.26666666666666666 0.006666666666666667 0.024166666666666666
4 0.23583333333333334 0.26166666666666666 0.005833333333333334 0.02666666666666667
4 0.26166666666666666 0.25833333333333336 0.006666666666666667 0.021666666666666667
4 0.285 0.2575 0.005833333333333334 0.024166666666666666
4 0.2975 0.29583333333333334 0.009166666666666667 0.03833333333333333
4 0.31416666666666665 0.25833333333333336 0.005833333333333334 0.024166666666666666
1 0.33 0.2525 0.005833333333333334 0.03833333333333333
1 0.3358333333333333 0.255 0.006666666666666667 0.03833333333333333
4 0.345 0.26166666666666666 0.005833333333333334 0.02666666666666667
4 0.36666666666666664 0.26416666666666666 0.006666666666666667 0.029166666666666667
1 0.39166666666666666 0.24166666666666667 0.005833333333333334 0.03333333333333333
1 0.3983333333333333 0.2425 0.005 0.03333333333333333
4 0.4525 0.26416666666666666 0.0075 0.03333333333333333
0 0.7433333333333333 0.2658333333333333 0.011666666666666667 0.04083333333333333
0 0.8033333333333333 0.2791666666666667 0.014166666666666666 0.0525
0 0.8791666666666667 0.2991666666666667 0.020833333333333332 0.0625
0 0.5791666666666667 0.24 0.005 0.020833333333333332
2 0.07 0.28583333333333333 0.0075 0.03333333333333333
2 0.09 0.27666666666666667 0.006666666666666667 0.0275
2 0.13333333333333333 0.2783333333333333 0.005833333333333334 0.0225
0 0.5325 0.24166666666666667 0.004166666666666667 0.016666666666666666
0 0.49 0.24916666666666668 0.004166666666666667 0.019166666666666665
0 0.43916666666666665 0.25 0.005833333333333334 0.021666666666666667
0 0.41 0.24666666666666667 0.004166666666666667 0.019166666666666665
0 0.37833333333333335 0.24333333333333335 0.004166666666666667 0.018333333333333333
0 0.3541666666666667 0.2425 0.0033333333333333335 0.015833333333333335
0 0.3175 0.245 0.0033333333333333335 0.015833333333333335
0 0.20833333333333334 0.25916666666666666 0.004166666666666667 0.015833333333333335
4 0.12333333333333334 0.26666666666666666 0.0033333333333333335 0.024166666666666666
4 0.17666666666666667 0.2633333333333333 0.005 0.021666666666666667