2 0.8025 0.8141666666666667 0.06333333333333334 0.16416666666666666
2 0.6758333333333333 0.6533333333333333 0.04583333333333333 0.10583333333333333
4 0.7116666666666667 0.6466666666666666 0.04583333333333333 0.09666666666666666
2 0.6608333333333334 0.6116666666666667 0.025833333333333333 0.07333333333333333
1 0.6516666666666666 0.5766666666666667 0.02666666666666667 0.09083333333333334
1 0.6458333333333334 0.5716666666666667 0.0225 0.0825
2 0.09166666666666666 0.66 0.05583333333333333 0.16916666666666666
2 0.30916666666666665 0.5916666666666667 0.049166666666666664 0.09416666666666666
2 0.37416666666666665 0.57 0.035833333333333335 0.06916666666666667
1 0.41583333333333333 0.5441666666666667 0.03666666666666667 0.085
1 0.43333333333333335 0.5425 0.02 0.0825
2 0.45666666666666667 0.5525 0.021666666666666667 0.04833333333333333
0 0.48083333333333333 0.5516666666666666 0.019166666666666665 0.04083333333333333
0 0.2916666666666667 0.5766666666666667 0.03166666666666667 0.07916666666666666
2 0.16166666666666665 0.5533333333333333 0.041666666666666664 0.07833333333333334
4 0.6183333333333333 0.5733333333333334 0.015833333333333335 0.04416666666666667
2 0.6275 0.58 0.021666666666666667 0.049166666666666664