0 0.685 0.285 0.009166666666666667 0.035833333333333335
0 0.7641666666666667 0.285 0.009166666666666667 0.03833333333333333
0 0.6241666666666666 0.2966666666666667 0.01 0.04416666666666667
0 0.49416666666666664 0.3458333333333333 0.013333333333333334 0.0625
4 0.7633333333333333 0.3525 0.02 0.07333333333333333
4 0.9141666666666667 0.3475 0.023333333333333334 0.07666666666666666
4 0.7066666666666667 0.38333333333333336 0.016666666666666666 0.07916666666666666
0 0.43416666666666665 0.39666666666666667 0.019166666666666665 0.08166666666666667
0 0.19833333333333333 0.7183333333333334 0.07166666666666667 0.22583333333333333
0 0.57 0.31333333333333335 0.010833333333333334 0.051666666666666666
4 0.7191666666666666 0.48333333333333334 0.03833333333333333 0.1275
4 0.8433333333333334 0.3433333333333333 0.019166666666666665 0.0725
0 0.8566666666666667 0.2875 0.01 0.043333333333333335