0 0.39666666666666667 0.37 0.019166666666666665 0.07916666666666666
0 0.4975 0.35083333333333333 0.018333333333333333 0.0725
0 0.6675 0.35583333333333333 0.019166666666666665 0.07416666666666667
0 0.8116666666666666 0.375 0.0225 0.08666666666666667
0 0.16 0.5 0.04416666666666667 0.13916666666666666
0 0.8683333333333333 0.24583333333333332 0.005 0.0275
4 0.8733333333333333 0.24 0.005833333333333334 0.025
4 0.8183333333333334 0.23166666666666666 0.006666666666666667 0.025
4 0.7683333333333333 0.22916666666666666 0.005 0.0225
4 0.7175 0.22333333333333333 0.005 0.020833333333333332
4 0.6466666666666666 0.215 0.005 0.019166666666666665
0 0.5833333333333334 0.21416666666666667 0.004166666666666667 0.018333333333333333
0 0.5908333333333333 0.21416666666666667 0.0033333333333333335 0.016666666666666666
0 0.6308333333333334 0.22333333333333333 0.004166666666666667 0.016666666666666666
0 0.6725 0.22833333333333333 0.005 0.019166666666666665
0 0.7266666666666667 0.2325 0.005833333333333334 0.025
0 0.7866666666666666 0.24 0.005833333333333334 0.025
4 0.9091666666666667 0.23 0.005833333333333334 0.020833333333333332