4 0.7 0.57 0.0475 0.1775
4 0.525 0.3433333333333333 0.014166666666666666 0.0575
4 0.4875 0.3016666666666667 0.0075 0.03833333333333333
4 0.4741666666666667 0.2825 0.005833333333333334 0.029166666666666667
4 0.4675 0.27 0.005 0.025
4 0.46166666666666667 0.2625 0.005 0.0225
4 0.45666666666666667 0.2575 0.004166666666666667 0.018333333333333333
4 0.44916666666666666 0.25333333333333335 0.0033333333333333335 0.016666666666666666
4 0.435 0.25166666666666665 0.0033333333333333335 0.015833333333333335
4 0.4083333333333333 0.2525 0.0033333333333333335 0.016666666666666666
0 0.24583333333333332 0.5466666666666666 0.03833333333333333 0.14166666666666666
0 0.3408333333333333 0.3775 0.016666666666666666 0.0725
0 0.3616666666666667 0.32083333333333336 0.01 0.043333333333333335
0 0.37083333333333335 0.2941666666666667 0.006666666666666667 0.03166666666666667
0 0.37833333333333335 0.2825 0.005833333333333334 0.02666666666666667
0 0.39 0.2725 0.004166666666666667 0.019166666666666665
0 0.3958333333333333 0.265 0.004166666666666667 0.018333333333333333
0 0.37666666666666665 0.2633333333333333 0.0033333333333333335 0.019166666666666665
4 0.38 0.255 0.0033333333333333335 0.016666666666666666
0 0.3616666666666667 0.26416666666666666 0.005 0.019166666666666665
4 0.07666666666666666 0.335 0.01 0.035833333333333335
0 0.085 0.3491666666666667 0.008333333333333333 0.04
4 0.15416666666666667 0.31583333333333335 0.009166666666666667 0.02666666666666667
0 0.17583333333333334 0.325 0.0075 0.0325
4 0.19916666666666666 0.30083333333333334 0.0075 0.025
4 0.2275 0.29 0.005833333333333334 0.020833333333333332
0 0.24416666666666667 0.305 0.005 0.0275
4 0.2525 0.2808333333333333 0.005 0.020833333333333332
0 0.2783333333333333 0.2916666666666667 0.005 0.021666666666666667
4 0.2791666666666667 0.2733333333333333 0.004166666666666667 0.018333333333333333
0 0.29 0.28583333333333333 0.004166666666666667 0.0225
0 0.2991666666666667 0.2783333333333333 0.004166666666666667 0.020833333333333332
0 0.30666666666666664 0.2733333333333333 0.004166666666666667 0.018333333333333333
4 0.31583333333333335 0.26416666666666666 0.0033333333333333335 0.016666666666666666
0 0.32083333333333336 0.27166666666666667 0.004166666666666667 0.019166666666666665
3 0.09916666666666667 0.31333333333333335 0.009166666666666667 0.051666666666666666
3 0.1725 0.2991666666666667 0.005 0.029166666666666667
3 0.2075 0.2875 0.005833333333333334 0.0275