0 0.07916666666666666 0.42083333333333334 0.025833333333333333 0.07666666666666666
4 0.2725 0.32416666666666666 0.008333333333333333 0.043333333333333335
0 0.16666666666666666 0.4683333333333333 0.0275 0.10083333333333333
4 0.3541666666666667 0.32666666666666666 0.01 0.04833333333333333
4 0.43416666666666665 0.3308333333333333 0.01 0.04583333333333333
4 0.5258333333333334 0.36333333333333334 0.018333333333333333 0.0675
4 0.6558333333333334 0.41083333333333333 0.025833333333333333 0.09583333333333334
0 0.07833333333333334 0.7408333333333333 0.0375 0.17916666666666667
4 0.0675 0.3075 0.009166666666666667 0.03833333333333333
4 0.115 0.3283333333333333 0.011666666666666667 0.04666666666666667
4 0.13083333333333333 0.30333333333333334 0.009166666666666667 0.035
4 0.20166666666666666 0.3233333333333333 0.0125 0.050833333333333335
4 0.20416666666666666 0.2941666666666667 0.0075 0.029166666666666667
4 0.255 0.285 0.006666666666666667 0.029166666666666667
4 0.2966666666666667 0.2833333333333333 0.006666666666666667 0.024166666666666666
4 0.3375 0.2816666666666667 0.006666666666666667 0.02666666666666667
4 0.37666666666666665 0.2833333333333333 0.006666666666666667 0.03333333333333333
4 0.39666666666666667 0.2875 0.0075 0.03333333333333333
4 0.42833333333333334 0.2941666666666667 0.006666666666666667 0.035833333333333335
4 0.48083333333333333 0.2966666666666667 0.0075 0.03833333333333333
4 0.5516666666666666 0.2941666666666667 0.008333333333333333 0.03833333333333333
4 0.9325 0.3075 0.015 0.0525
4 0.8516666666666667 0.28583333333333333 0.01 0.041666666666666664
0 0.8466666666666667 0.25583333333333336 0.005833333333333334 0.02666666666666667
4 0.78 0.2725 0.01 0.035833333333333335
0 0.765 0.2525 0.0075 0.02666666666666667
4 0.7166666666666667 0.275 0.009166666666666667 0.03833333333333333
0 0.69 0.25333333333333335 0.005 0.021666666666666667
4 0.645 0.285 0.008333333333333333 0.03833333333333333
0 0.6416666666666667 0.2575 0.005 0.029166666666666667
0 0.5958333333333333 0.265 0.006666666666666667 0.03
0 0.55 0.26916666666666667 0.005833333333333334 0.03166666666666667
0 0.49833333333333335 0.2725 0.006666666666666667 0.0275
0 0.47333333333333333 0.2683333333333333 0.005 0.025
0 0.44916666666666666 0.2675 0.004166666666666667 0.0225
0 0.41583333333333333 0.26416666666666666 0.004166666666666667 0.019166666666666665
0 0.17416666666666666 0.285 0.0075 0.03166666666666667
0 0.24416666666666667 0.27666666666666667 0.0075 0.029166666666666667