4 0.26666666666666666 0.24416666666666667 0.005 0.024166666666666666
4 0.4975 0.25 0.0033333333333333335 0.019166666666666665
0 0.5366666666666666 0.24083333333333334 0.004166666666666667 0.013333333333333334
4 0.5775 0.245 0.005 0.014166666666666666
4 0.12583333333333332 0.255 0.005 0.019166666666666665
0 0.365 0.26916666666666667 0.005833333333333334 0.024166666666666666
0 0.38416666666666666 0.2608333333333333 0.006666666666666667 0.021666666666666667
4 0.7783333333333333 0.25833333333333336 0.006666666666666667 0.021666666666666667
0 0.8 0.255 0.004166666666666667 0.019166666666666665
4 0.8258333333333333 0.2708333333333333 0.0075 0.02666666666666667
0 0.30916666666666665 0.29083333333333333 0.008333333333333333 0.03333333333333333
4 0.4116666666666667 0.2866666666666667 0.008333333333333333 0.03
4 0.9058333333333334 0.28583333333333333 0.011666666666666667 0.03833333333333333
4 0.43416666666666665 0.29583333333333334 0.008333333333333333 0.035833333333333335
4 0.46416666666666667 0.30583333333333335 0.0125 0.041666666666666664
4 0.5125 0.32 0.011666666666666667 0.04833333333333333
0 0.2925 0.35083333333333333 0.015 0.0575
4 0.5791666666666667 0.3383333333333333 0.015 0.059166666666666666
0 0.31666666666666665 0.4275 0.025833333333333333 0.09166666666666666
4 0.7175 0.5 0.0425 0.13916666666666666
0 0.2725 0.32416666666666666 0.010833333333333334 0.0375
0 0.27 0.3075 0.0075 0.03833333333333333
0 0.3416666666666667 0.2775 0.0075 0.03166666666666667
4 0.4241666666666667 0.2708333333333333 0.006666666666666667 0.02666666666666667
4 0.4766666666666667 0.2525 0.005 0.019166666666666665
4 0.4558333333333333 0.25583333333333336 0.005833333333333334 0.021666666666666667
4 0.4425 0.26166666666666666 0.006666666666666667 0.024166666666666666
0 0.4025 0.255 0.005 0.019166666666666665
0 0.4166666666666667 0.25 0.005 0.019166666666666665
0 0.45916666666666667 0.245 0.005 0.019166666666666665
0 0.44083333333333335 0.2475 0.004166666666666667 0.019166666666666665
4 0.5208333333333334 0.25 0.005 0.019166666666666665
4 0.5466666666666666 0.2475 0.004166666666666667 0.016666666666666666
4 0.41333333333333333 0.2775 0.005 0.029166666666666667
4 0.6008333333333333 0.2425 0.0033333333333333335 0.018333333333333333
4 0.62 0.24 0.0033333333333333335 0.014166666666666666
4 0.6333333333333333 0.23833333333333334 0.0033333333333333335 0.016666666666666666
0 0.8583333333333333 0.26416666666666666 0.006666666666666667 0.024166666666666666
4 0.7416666666666667 0.25083333333333335 0.005833333333333334 0.019166666666666665
4 0.715 0.24416666666666667 0.0033333333333333335 0.016666666666666666
4 0.6791666666666667 0.23833333333333334 0.0033333333333333335 0.014166666666666666
4 0.6708333333333333 0.23583333333333334 0.0033333333333333335 0.014166666666666666
4 0.15166666666666667 0.25333333333333335 0.004166666666666667 0.019166666666666665
4 0.12083333333333333 0.21166666666666667 0.005833333333333334 0.02666666666666667
4 0.2275 0.23166666666666666 0.004166666666666667 0.016666666666666666
3 0.17833333333333334 0.43416666666666665 0.03 0.12
3 0.1775 0.33666666666666667 0.016666666666666666 0.07
3 0.22833333333333333 0.2975 0.008333333333333333 0.04
3 0.6625 0.355 0.02 0.0925
3 0.5883333333333334 0.30833333333333335 0.014166666666666666 0.06166666666666667
3 0.5183333333333333 0.28583333333333333 0.010833333333333334 0.04666666666666667
3 0.48583333333333334 0.275 0.009166666666666667 0.03833333333333333
3 0.4666666666666667 0.26166666666666666 0.005833333333333334 0.0275
3 0.4708333333333333 0.25333333333333335 0.005833333333333334 0.029166666666666667
0 0.2783333333333333 0.24416666666666667 0.005833333333333334 0.019166666666666665
3 0.7341666666666666 0.24 0.008333333333333333 0.0375
3 0.6658333333333334 0.22583333333333333 0.005833333333333334 0.029166666666666667
2 0.18583333333333332 0.2425 0.005833333333333334 0.02666666666666667
2 0.21166666666666667 0.24 0.004166666666666667 0.024166666666666666
3 0.44666666666666666 0.24 0.004166666666666667 0.016666666666666666
3 0.4766666666666667 0.2375 0.0033333333333333335 0.018333333333333333
4 0.6275 0.23583333333333334 0.0025 0.010833333333333334
4 0.6166666666666667 0.23166666666666666 0.0033333333333333335 0.013333333333333334
0 0.5583333333333333 0.24083333333333334 0.0033333333333333335 0.013333333333333334
3 0.5241666666666667 0.23 0.0033333333333333335 0.015833333333333335
3 0.5616666666666666 0.23333333333333334 0.0033333333333333335 0.016666666666666666
3 0.5541666666666667 0.23416666666666666 0.0025 0.014166666666666666
3 0.5591666666666667 0.22833333333333333 0.0025 0.011666666666666667
3 0.5566666666666666 0.2275 0.0025 0.011666666666666667
0 0.5133333333333333 0.2425 0.0033333333333333335 0.014166666666666666
0 0.49166666666666664 0.24416666666666667 0.0025 0.011666666666666667
0 0.5841666666666666 0.23666666666666666 0.0033333333333333335 0.014166666666666666
0 0.5783333333333334 0.23166666666666666 0.0025 0.01
0 0.7683333333333333 0.24916666666666668 0.0033333333333333335 0.015833333333333335
0 0.7241666666666666 0.24083333333333334 0.0033333333333333335 0.010833333333333334
0 0.7091666666666666 0.2375 0.0025 0.008333333333333333
0 0.745 0.24333333333333335 0.0025 0.013333333333333334
3 0.505 0.23416666666666666 0.0025 0.016666666666666666
3 0.5183333333333333 0.23166666666666666 0.0025 0.014166666666666666