0 0.2941666666666667 0.35083333333333333 0.014166666666666666 0.0525
0 0.35583333333333333 0.3025 0.01 0.043333333333333335
0 0.41583333333333333 0.28 0.006666666666666667 0.03333333333333333
0 0.26916666666666667 0.41583333333333333 0.025 0.08666666666666667
4 0.5166666666666667 0.3416666666666667 0.015 0.0625
4 0.5658333333333333 0.29083333333333333 0.01 0.043333333333333335
4 0.6325 0.2816666666666667 0.01 0.043333333333333335
4 0.7641666666666667 0.2816666666666667 0.011666666666666667 0.04833333333333333
0 0.28 0.5566666666666666 0.043333333333333335 0.16083333333333333
4 0.6366666666666667 0.4166666666666667 0.0275 0.10333333333333333
0 0.48 0.26416666666666666 0.006666666666666667 0.03333333333333333
4 0.505 0.3075 0.01 0.0525
0 0.5475 0.2575 0.006666666666666667 0.03333333333333333
0 0.5891666666666666 0.2525 0.006666666666666667 0.029166666666666667
0 0.6816666666666666 0.255 0.0075 0.03833333333333333
0 0.7608333333333334 0.25333333333333335 0.008333333333333333 0.03833333333333333
0 0.8741666666666666 0.245 0.01 0.043333333333333335
4 0.8833333333333333 0.29 0.016666666666666666 0.06