0 0.68 0.28833333333333333 0.01 0.04083333333333333
0 0.76 0.2833333333333333 0.01 0.035833333333333335
0 0.6183333333333333 0.30083333333333334 0.010833333333333334 0.043333333333333335
0 0.5633333333333334 0.3175 0.0125 0.04833333333333333
4 0.8466666666666667 0.35 0.021666666666666667 0.0725
4 0.9166666666666666 0.35083333333333333 0.0225 0.0725
0 0.485 0.35583333333333333 0.016666666666666666 0.0625
4 0.765 0.3591666666666667 0.0225 0.07416666666666667
0 0.4191666666666667 0.41083333333333333 0.020833333333333332 0.07416666666666667
4 0.7083333333333334 0.39666666666666667 0.0225 0.08666666666666667
4 0.7258333333333333 0.51 0.03833333333333333 0.135
0 0.8533333333333334 0.29083333333333333 0.0125 0.050833333333333335
0 0.12333333333333334 0.7591666666666667 0.041666666666666664 0.14583333333333334