4 0.9033333333333333 0.5908333333333333 0.0475 0.07916666666666666
2 0.7666666666666667 0.6841666666666667 0.07666666666666666 0.14083333333333334
2 0.7633333333333333 0.5833333333333334 0.0375 0.07166666666666667
0 0.6408333333333334 0.6808333333333333 0.06833333333333333 0.12916666666666668
1 0.6591666666666667 0.5583333333333333 0.04416666666666667 0.0925
1 0.6241666666666666 0.5558333333333333 0.03666666666666667 0.08833333333333333
2 0.5775 0.5708333333333333 0.02666666666666667 0.05333333333333334
4 0.5341666666666667 0.5691666666666667 0.023333333333333334 0.05
2 0.5508333333333333 0.6383333333333333 0.04833333333333333 0.1
2 0.43916666666666665 0.7425 0.08916666666666667 0.17083333333333334
1 0.4425 0.55 0.013333333333333334 0.0275
1 0.4166666666666667 0.5475 0.011666666666666667 0.024166666666666666