4 0.465 0.255 0.004166666666666667 0.019166666666666665
4 0.4891666666666667 0.2575 0.004166666666666667 0.019166666666666665
4 0.5175 0.26 0.005 0.024166666666666666
0 0.7633333333333333 0.26916666666666667 0.005 0.024166666666666666
0 0.43416666666666665 0.2733333333333333 0.005833333333333334 0.0275
4 0.5441666666666667 0.2725 0.006666666666666667 0.029166666666666667
4 0.5575 0.2925 0.008333333333333333 0.0375
4 0.6841666666666667 0.2775 0.006666666666666667 0.03166666666666667
0 0.7825 0.2791666666666667 0.006666666666666667 0.029166666666666667
0 0.425 0.2941666666666667 0.0075 0.035
4 0.7475 0.2925 0.010833333333333334 0.04
0 0.40166666666666667 0.32666666666666666 0.011666666666666667 0.04416666666666667
4 0.5766666666666667 0.32416666666666666 0.0125 0.049166666666666664
4 0.8558333333333333 0.3175 0.015 0.050833333333333335
1 0.37416666666666665 0.3375 0.015 0.09166666666666666
4 0.6341666666666667 0.395 0.0225 0.08333333333333333
0 0.33 0.41 0.025 0.08166666666666667
0 0.8441666666666666 0.2941666666666667 0.01 0.035833333333333335
1 0.36083333333333334 0.35083333333333333 0.024166666666666666 0.10333333333333333
1 0.5966666666666667 0.32416666666666666 0.013333333333333334 0.09
1 0.6083333333333333 0.3333333333333333 0.020833333333333332 0.095
0 0.37416666666666665 0.26166666666666666 0.004166666666666667 0.021666666666666667
0 0.3616666666666667 0.25916666666666666 0.004166666666666667 0.020833333333333332
4 0.4475 0.25333333333333335 0.004166666666666667 0.018333333333333333
4 0.43 0.25083333333333335 0.0033333333333333335 0.016666666666666666
4 0.4266666666666667 0.24916666666666668 0.0033333333333333335 0.016666666666666666
4 0.43916666666666665 0.2425 0.0033333333333333335 0.014166666666666666
4 0.445 0.24 0.0025 0.014166666666666666
4 0.67 0.2658333333333333 0.005 0.0275
4 0.6725 0.25916666666666666 0.004166666666666667 0.025
4 0.7016666666666667 0.25333333333333335 0.005 0.021666666666666667
4 0.7058333333333333 0.25 0.004166666666666667 0.019166666666666665
0 0.7758333333333334 0.2633333333333333 0.005 0.021666666666666667
0 0.7575 0.25333333333333335 0.004166666666666667 0.018333333333333333
3 0.6683333333333333 0.30083333333333334 0.013333333333333334 0.0575
3 0.6475 0.25333333333333335 0.005833333333333334 0.03
3 0.8158333333333333 0.38916666666666666 0.034166666666666665 0.11416666666666667
3 0.91 0.3275 0.024166666666666666 0.07333333333333333
3 0.8833333333333333 0.28833333333333333 0.013333333333333334 0.04583333333333333
3 0.8725 0.285 0.009166666666666667 0.04083333333333333
3 0.5225 0.25083333333333335 0.005833333333333334 0.02666666666666667
0 0.3983333333333333 0.2658333333333333 0.004166666666666667 0.0225