4 0.8483333333333334 0.23333333333333334 0.008333333333333333 0.03166666666666667
4 0.89 0.23833333333333334 0.008333333333333333 0.029166666666666667
4 0.93 0.2475 0.0075 0.029166666666666667
0 0.5633333333333334 0.28583333333333333 0.01 0.03833333333333333
4 0.7183333333333334 0.29833333333333334 0.013333333333333334 0.0525
0 0.5491666666666667 0.31333333333333335 0.011666666666666667 0.0525
4 0.7441666666666666 0.3333333333333333 0.015 0.06
0 0.5133333333333333 0.37583333333333335 0.019166666666666665 0.07916666666666666
4 0.7925 0.4583333333333333 0.035833333333333335 0.1225
0 0.4216666666666667 0.47583333333333333 0.03 0.12
1 0.6916666666666667 0.26416666666666666 0.011666666666666667 0.0625
0 0.5983333333333334 0.2525 0.005 0.02666666666666667
0 0.6058333333333333 0.245 0.005 0.024166666666666666
0 0.19666666666666666 0.7316666666666667 0.0675 0.19833333333333333
0 0.5925 0.26166666666666666 0.005 0.029166666666666667
4 0.6816666666666666 0.255 0.006666666666666667 0.03166666666666667
4 0.68 0.24166666666666667 0.005 0.03333333333333333
4 0.7366666666666667 0.23416666666666666 0.008333333333333333 0.02666666666666667
4 0.7725 0.23333333333333334 0.004166666666666667 0.019166666666666665
4 0.8116666666666666 0.235 0.004166666666666667 0.020833333333333332
4 0.9008333333333334 0.7766666666666666 0.0325 0.11083333333333334
4 0.7033333333333334 0.23333333333333334 0.005 0.024166666666666666
1 0.5875 0.26166666666666666 0.005 0.055
1 0.5833333333333334 0.265 0.006666666666666667 0.056666666666666664
0 0.6108333333333333 0.23833333333333334 0.0033333333333333335 0.016666666666666666
0 0.6166666666666667 0.2375 0.0033333333333333335 0.015833333333333335
0 0.6266666666666667 0.235 0.004166666666666667 0.015833333333333335
0 0.6425 0.23166666666666666 0.0033333333333333335 0.011666666666666667
0 0.6591666666666667 0.22833333333333333 0.0033333333333333335 0.011666666666666667
0 0.6958333333333333 0.2275 0.0033333333333333335 0.010833333333333334
0 0.7216666666666667 0.22583333333333333 0.0033333333333333335 0.016666666666666666
0 0.7558333333333334 0.22583333333333333 0.005 0.016666666666666666
0 0.7991666666666667 0.22833333333333333 0.004166666666666667 0.016666666666666666
0 0.8208333333333333 0.2275 0.004166666666666667 0.013333333333333334
0 0.8425 0.22916666666666666 0.004166666666666667 0.018333333333333333
0 0.8691666666666666 0.23166666666666666 0.004166666666666667 0.016666666666666666
0 0.9083333333333333 0.23416666666666666 0.005 0.016666666666666666
0 0.9333333333333333 0.23583333333333334 0.005833333333333334 0.024166666666666666