4 0.6875 0.4275 0.029166666666666667 0.10333333333333333
4 0.5925 0.30416666666666664 0.01 0.04583333333333333
4 0.57 0.275 0.008333333333333333 0.03333333333333333
4 0.5591666666666667 0.25833333333333336 0.005 0.024166666666666666
4 0.5525 0.25083333333333335 0.004166666666666667 0.021666666666666667
4 0.5483333333333333 0.245 0.005 0.019166666666666665
4 0.545 0.2425 0.0033333333333333335 0.014166666666666666
0 0.335 0.4325 0.025833333333333333 0.09583333333333334
0 0.43833333333333335 0.3125 0.01 0.03833333333333333
0 0.46 0.2816666666666667 0.006666666666666667 0.029166666666666667
0 0.4708333333333333 0.26166666666666666 0.005 0.019166666666666665
0 0.47583333333333333 0.255 0.005 0.019166666666666665
4 0.0725 0.34833333333333333 0.011666666666666667 0.04083333333333333
0 0.12166666666666667 0.35833333333333334 0.014166666666666666 0.04583333333333333
4 0.16833333333333333 0.32416666666666666 0.010833333333333334 0.03333333333333333
0 0.24 0.3225 0.011666666666666667 0.03833333333333333
4 0.24416666666666667 0.305 0.008333333333333333 0.029166666666666667
4 0.2725 0.29333333333333333 0.006666666666666667 0.024166666666666666
4 0.29083333333333333 0.2833333333333333 0.005833333333333334 0.021666666666666667
0 0.31083333333333335 0.29833333333333334 0.009166666666666667 0.03333333333333333
0 0.3491666666666667 0.2875 0.0075 0.029166666666666667
0 0.365 0.2791666666666667 0.005833333333333334 0.024166666666666666
0 0.3725 0.27166666666666667 0.005833333333333334 0.024166666666666666
4 0.27416666666666667 0.2816666666666667 0.005 0.021666666666666667
4 0.295 0.2675 0.004166666666666667 0.018333333333333333
4 0.31 0.26166666666666666 0.004166666666666667 0.011666666666666667
4 0.32916666666666666 0.2575 0.0033333333333333335 0.013333333333333334
0 0.3416666666666667 0.2658333333333333 0.004166666666666667 0.015833333333333335
0 0.33666666666666667 0.265 0.004166666666666667 0.018333333333333333
0 0.35583333333333333 0.2675 0.005 0.018333333333333333
0 0.37416666666666665 0.2525 0.004166666666666667 0.016666666666666666
0 0.3525 0.25583333333333336 0.004166666666666667 0.019166666666666665
4 0.4225 0.2425 0.004166666666666667 0.014166666666666666
0 0.41833333333333333 0.24583333333333332 0.0033333333333333335 0.015833333333333335
4 0.5375 0.2425 0.0033333333333333335 0.014166666666666666
4 0.5216666666666666 0.24 0.0033333333333333335 0.013333333333333334
4 0.5025 0.23833333333333334 0.0033333333333333335 0.013333333333333334
0 0.4816666666666667 0.24583333333333332 0.004166666666666667 0.018333333333333333