0 0.17583333333333334 0.7266666666666667 0.07166666666666667 0.20833333333333334
0 0.37416666666666665 0.3958333333333333 0.021666666666666667 0.08416666666666667
0 0.3908333333333333 0.33416666666666667 0.014166666666666666 0.0575
0 0.36916666666666664 0.31 0.011666666666666667 0.04833333333333333
0 0.315 0.305 0.01 0.043333333333333335
0 0.21083333333333334 0.32 0.013333333333333334 0.04833333333333333
0 0.11333333333333333 0.3433333333333333 0.013333333333333334 0.0525
4 0.1225 0.3075 0.011666666666666667 0.03833333333333333
4 0.2175 0.28833333333333333 0.008333333333333333 0.03333333333333333
4 0.2866666666666667 0.2791666666666667 0.008333333333333333 0.03166666666666667
4 0.355 0.27416666666666667 0.006666666666666667 0.029166666666666667
4 0.4075 0.2708333333333333 0.0075 0.03166666666666667
4 0.45666666666666667 0.27416666666666667 0.008333333333333333 0.03333333333333333
4 0.7908333333333334 0.63 0.058333333333333334 0.21166666666666667
4 0.5941666666666666 0.35583333333333333 0.018333333333333333 0.0725
4 0.55 0.3025 0.010833333333333334 0.04833333333333333
4 0.5033333333333333 0.2816666666666667 0.008333333333333333 0.03833333333333333