0 0.44416666666666665 0.39166666666666666 0.024166666666666666 0.08416666666666667
0 0.56 0.32916666666666666 0.015 0.0625
0 0.6766666666666666 0.3075 0.01 0.043333333333333335
0 0.7825 0.28833333333333333 0.008333333333333333 0.043333333333333335
0 0.8216666666666667 0.28 0.01 0.03833333333333333
4 0.855 0.44 0.034166666666666665 0.11083333333333334
0 0.235 0.7016666666666667 0.06333333333333334 0.23083333333333333
4 0.895 0.565 0.056666666666666664 0.17083333333333334
1 0.73 0.28583333333333333 0.014166666666666666 0.0675
1 0.75 0.2816666666666667 0.013333333333333334 0.0675
0 0.8283333333333334 0.26666666666666666 0.008333333333333333 0.03333333333333333
0 0.8158333333333333 0.25833333333333336 0.005833333333333334 0.02666666666666667
0 0.855 0.2475 0.006666666666666667 0.029166666666666667
0 0.8883333333333333 0.24666666666666667 0.0075 0.024166666666666666
1 0.91 0.3308333333333333 0.0275 0.10833333333333334
1 0.9316666666666666 0.3233333333333333 0.016666666666666666 0.09833333333333333
4 0.865 0.37416666666666665 0.021666666666666667 0.08166666666666667