0 0.8891666666666667 0.28833333333333333 0.011666666666666667 0.03833333333333333
0 0.9241666666666667 0.2791666666666667 0.011666666666666667 0.03833333333333333
0 0.8283333333333334 0.305 0.013333333333333334 0.04833333333333333
0 0.685 0.32666666666666666 0.014166666666666666 0.0525
0 0.755 0.315 0.015 0.0525
0 0.6133333333333333 0.35333333333333333 0.015833333333333335 0.06
0 0.5591666666666667 0.38333333333333336 0.020833333333333332 0.07416666666666667
4 0.9291666666666667 0.40166666666666667 0.018333333333333333 0.09166666666666666
0 0.4741666666666667 0.4675 0.029166666666666667 0.10833333333333334
4 0.9033333333333333 0.5141666666666667 0.041666666666666664 0.135
0 0.305 0.6608333333333334 0.025833333333333333 0.13333333333333333