1 0.9058333333333334 0.6433333333333333 0.0675 0.37416666666666665
0 0.39 0.3433333333333333 0.025 0.09583333333333334
0 0.4825 0.2658333333333333 0.015 0.0625
0 0.5333333333333333 0.23583333333333334 0.011666666666666667 0.0525
0 0.585 0.21666666666666667 0.010833333333333334 0.04416666666666667
0 0.6366666666666667 0.20833333333333334 0.009166666666666667 0.041666666666666664
0 0.6766666666666666 0.2075 0.009166666666666667 0.04
0 0.7158333333333333 0.2025 0.01 0.04
0 0.7641666666666667 0.20333333333333334 0.01 0.03833333333333333
0 0.8666666666666667 0.21083333333333334 0.01 0.041666666666666664
4 0.87 0.29833333333333334 0.0275 0.08666666666666667
4 0.8383333333333334 0.32166666666666666 0.03166666666666667 0.0975
4 0.7866666666666666 0.3375 0.02666666666666667 0.10583333333333333
4 0.7741666666666667 0.43166666666666664 0.043333333333333335 0.15416666666666667
1 0.08083333333333333 0.6758333333333333 0.04 0.30916666666666665