0 0.9266666666666666 0.24833333333333332 0.0075 0.0275
4 0.885 0.26166666666666666 0.01 0.035833333333333335
1 0.4975 0.2783333333333333 0.011666666666666667 0.059166666666666666
4 0.935 0.2725 0.01 0.041666666666666664
0 0.47333333333333333 0.31166666666666665 0.010833333333333334 0.04833333333333333
0 0.45416666666666666 0.3491666666666667 0.013333333333333334 0.06333333333333334
4 0.675 0.3575 0.015833333333333335 0.07333333333333333
0 0.3908333333333333 0.4725 0.029166666666666667 0.1175
4 0.7783333333333333 0.5783333333333334 0.055 0.18
4 0.6408333333333334 0.31166666666666665 0.011666666666666667 0.05416666666666667
1 0.61 0.275 0.010833333333333334 0.065
4 0.8375 0.25083333333333335 0.008333333333333333 0.03166666666666667
4 0.7991666666666667 0.24666666666666667 0.0075 0.02666666666666667
4 0.5975 0.26166666666666666 0.006666666666666667 0.0325
0 0.5208333333333334 0.25333333333333335 0.004166666666666667 0.020833333333333332
0 0.5133333333333333 0.26416666666666666 0.004166666666666667 0.020833333333333332
4 0.7666666666666667 0.24166666666666667 0.005833333333333334 0.02666666666666667
0 0.5066666666666667 0.2725 0.005833333333333334 0.03333333333333333
4 0.6041666666666666 0.2725 0.005 0.04
4 0.5925 0.25166666666666665 0.005833333333333334 0.025
4 0.6141666666666666 0.2375 0.0033333333333333335 0.018333333333333333
4 0.6433333333333333 0.23583333333333334 0.005 0.019166666666666665
4 0.6733333333333333 0.23583333333333334 0.005 0.019166666666666665
4 0.7058333333333333 0.23583333333333334 0.005 0.019166666666666665
4 0.735 0.2375 0.005833333333333334 0.0225
0 0.8883333333333333 0.24083333333333334 0.005833333333333334 0.0275
0 0.8416666666666667 0.2375 0.005833333333333334 0.020833333333333332
0 0.8225 0.23333333333333334 0.005 0.019166666666666665
0 0.795 0.23333333333333334 0.0033333333333333335 0.019166666666666665
0 0.7758333333333334 0.23333333333333334 0.005 0.016666666666666666
0 0.7475 0.23166666666666666 0.0033333333333333335 0.013333333333333334
0 0.7275 0.23166666666666666 0.004166666666666667 0.015833333333333335
0 0.7108333333333333 0.22916666666666666 0.0025 0.011666666666666667
0 0.6933333333333334 0.22833333333333333 0.004166666666666667 0.014166666666666666
0 0.6591666666666667 0.22916666666666666 0.0033333333333333335 0.013333333333333334
0 0.63 0.23083333333333333 0.0033333333333333335 0.016666666666666666
0 0.5733333333333334 0.23416666666666666 0.0033333333333333335 0.014166666666666666
0 0.5566666666666666 0.23666666666666666 0.004166666666666667 0.016666666666666666
0 0.5416666666666666 0.23916666666666667 0.004166666666666667 0.016666666666666666
0 0.5316666666666666 0.2425 0.0033333333333333335 0.016666666666666666
0 0.5258333333333334 0.245 0.0033333333333333335 0.018333333333333333
0 0.14 0.7575 0.03916666666666667 0.14666666666666667
4 0.5916666666666667 0.2425 0.004166666666666667 0.0225
1 0.5016666666666667 0.27166666666666667 0.005833333333333334 0.0525