4 0.6508333333333334 0.45916666666666667 0.0325 0.11083333333333334
4 0.5741666666666667 0.3725 0.020833333333333332 0.07416666666666667
4 0.5008333333333334 0.32666666666666666 0.014166666666666666 0.0525
4 0.44166666666666665 0.30666666666666664 0.011666666666666667 0.043333333333333335
4 0.39416666666666667 0.29833333333333334 0.01 0.03833333333333333
4 0.3375 0.29583333333333334 0.010833333333333334 0.03333333333333333
4 0.2833333333333333 0.29833333333333334 0.01 0.03333333333333333
4 0.22833333333333333 0.3025 0.01 0.03333333333333333
4 0.1475 0.3175 0.01 0.03333333333333333
4 0.06666666666666667 0.33166666666666667 0.011666666666666667 0.03333333333333333
0 0.12916666666666668 0.35 0.015 0.04583333333333333
0 0.21333333333333335 0.33916666666666667 0.015 0.04833333333333333
0 0.2633333333333333 0.3425 0.015 0.050833333333333335
0 0.2825 0.35833333333333334 0.015833333333333335 0.0575
0 0.2825 0.405 0.023333333333333334 0.07916666666666666
0 0.1325 0.5725 0.0525 0.14916666666666667