0 0.3566666666666667 0.4575 0.030833333333333334 0.10916666666666666
0 0.4025 0.35 0.011666666666666667 0.0575
0 0.41833333333333333 0.31 0.008333333333333333 0.043333333333333335
0 0.4275 0.28 0.005833333333333334 0.029166666666666667
0 0.435 0.2658333333333333 0.005 0.02666666666666667
4 0.6925 0.5208333333333334 0.04083333333333333 0.1475
4 0.5958333333333333 0.37833333333333335 0.020833333333333332 0.08166666666666667
4 0.5541666666666667 0.31666666666666665 0.011666666666666667 0.051666666666666666
4 0.5316666666666666 0.2875 0.008333333333333333 0.03833333333333333
4 0.52 0.2708333333333333 0.006666666666666667 0.03166666666666667
4 0.5125 0.2608333333333333 0.005 0.02666666666666667
4 0.5083333333333333 0.2525 0.0033333333333333335 0.024166666666666666
4 0.5033333333333333 0.245 0.004166666666666667 0.021666666666666667
4 0.49833333333333335 0.24166666666666667 0.0033333333333333335 0.019166666666666665
4 0.49416666666666664 0.23583333333333334 0.0033333333333333335 0.019166666666666665
4 0.48083333333333333 0.23583333333333334 0.0033333333333333335 0.019166666666666665
0 0.1175 0.335 0.015 0.043333333333333335
4 0.11666666666666667 0.30666666666666664 0.01 0.035833333333333335
0 0.20333333333333334 0.3025 0.008333333333333333 0.035833333333333335
0 0.24833333333333332 0.285 0.008333333333333333 0.029166666666666667
1 0.26916666666666667 0.2708333333333333 0.0075 0.043333333333333335
1 0.27666666666666667 0.2683333333333333 0.0075 0.043333333333333335
0 0.30916666666666665 0.2633333333333333 0.005 0.024166666666666666
0 0.3358333333333333 0.255 0.005 0.019166666666666665