0 0.3425 0.5241666666666667 0.035833333333333335 0.13916666666666666
0 0.49 0.41583333333333333 0.02666666666666667 0.09166666666666666
0 0.5808333333333333 0.35833333333333334 0.018333333333333333 0.0675
0 0.6441666666666667 0.3283333333333333 0.015 0.0525
0 0.6891666666666667 0.3125 0.013333333333333334 0.04833333333333333
0 0.72 0.305 0.011666666666666667 0.043333333333333335
0 0.7358333333333333 0.29083333333333333 0.011666666666666667 0.03833333333333333
0 0.7116666666666667 0.2791666666666667 0.009166666666666667 0.03333333333333333
0 0.64 0.26166666666666666 0.006666666666666667 0.025
0 0.7208333333333333 0.245 0.006666666666666667 0.02666666666666667
0 0.6216666666666667 0.2575 0.0075 0.024166666666666666
0 0.5941666666666666 0.25416666666666665 0.006666666666666667 0.0225
0 0.5383333333333333 0.25333333333333335 0.005833333333333334 0.021666666666666667
0 0.5075 0.2525 0.005 0.019166666666666665
0 0.46416666666666667 0.24916666666666668 0.004166666666666667 0.018333333333333333
0 0.09333333333333334 0.3641666666666667 0.0175 0.04583333333333333
0 0.46 0.2475 0.0033333333333333335 0.016666666666666666
4 0.08083333333333333 0.33166666666666667 0.011666666666666667 0.03333333333333333
0 0.4558333333333333 0.245 0.0025 0.014166666666666666
4 0.15666666666666668 0.30416666666666664 0.008333333333333333 0.02666666666666667
0 0.4525 0.24333333333333335 0.0025 0.015833333333333335
0 0.18166666666666667 0.3225 0.011666666666666667 0.03333333333333333
0 0.45 0.24166666666666667 0.0033333333333333335 0.014166666666666666
4 0.21666666666666667 0.28583333333333333 0.006666666666666667 0.024166666666666666
0 0.09333333333333334 0.3641666666666667 0.015833333333333335 0.04583333333333333
0 0.23666666666666666 0.29833333333333334 0.004166666666666667 0.024166666666666666
0 0.18166666666666667 0.3225 0.011666666666666667 0.03333333333333333
4 0.25833333333333336 0.2775 0.005 0.019166666666666665
0 0.2816666666666667 0.2816666666666667 0.006666666666666667 0.019166666666666665
0 0.32416666666666666 0.2708333333333333 0.005 0.021666666666666667
4 0.2816666666666667 0.26 0.0033333333333333335 0.014166666666666666
0 0.36083333333333334 0.2608333333333333 0.004166666666666667 0.016666666666666666
4 0.3075 0.2658333333333333 0.004166666666666667 0.018333333333333333
0 0.38333333333333336 0.255 0.0033333333333333335 0.014166666666666666
0 0.3933333333333333 0.25 0.0025 0.014166666666666666
4 0.33 0.26 0.0033333333333333335 0.014166666666666666
0 0.3908333333333333 0.24833333333333332 0.0025 0.015833333333333335
0 0.35333333333333333 0.2475 0.0033333333333333335 0.014166666666666666
4 0.9083333333333333 0.5725 0.050833333333333335 0.16333333333333333
4 0.9141666666666667 0.29333333333333333 0.011666666666666667 0.03833333333333333
4 0.8475 0.2816666666666667 0.008333333333333333 0.03333333333333333
4 0.7766666666666666 0.2683333333333333 0.006666666666666667 0.02666666666666667
4 0.7358333333333333 0.26166666666666666 0.006666666666666667 0.024166666666666666
4 0.7033333333333334 0.2575 0.005 0.024166666666666666
4 0.6791666666666667 0.2525 0.005 0.019166666666666665
4 0.6558333333333334 0.25 0.004166666666666667 0.019166666666666665
4 0.6266666666666667 0.245 0.0033333333333333335 0.019166666666666665
4 0.5208333333333334 0.24416666666666667 0.0033333333333333335 0.014166666666666666
0 0.5633333333333334 0.25333333333333335 0.004166666666666667 0.020833333333333332
4 0.5591666666666667 0.245 0.0033333333333333335 0.016666666666666666
4 0.5058333333333334 0.24 0.0025 0.014166666666666666
4 0.4975 0.23833333333333334 0.0025 0.011666666666666667
4 0.4875 0.23583333333333334 0.0025 0.011666666666666667
1 0.4925 0.23416666666666666 0.0025 0.016666666666666666
1 0.49083333333333334 0.23416666666666666 0.0016666666666666668 0.016666666666666666
3 0.4716666666666667 0.2575 0.0075 0.016666666666666666
3 0.4225 0.24916666666666668 0.006666666666666667 0.015833333333333335
3 0.41583333333333333 0.24416666666666667 0.005833333333333334 0.014166666666666666
3 0.6708333333333333 0.275 0.008333333333333333 0.04
3 0.4791666666666667 0.25 0.004166666666666667 0.02666666666666667