4 0.9025 0.7491666666666666 0.04083333333333333 0.1625
4 0.5008333333333334 0.47333333333333333 0.019166666666666665 0.11083333333333334
4 0.3725 0.39416666666666667 0.020833333333333332 0.07666666666666666
4 0.3566666666666667 0.33666666666666667 0.013333333333333334 0.04833333333333333
4 0.385 0.3025 0.008333333333333333 0.03833333333333333
4 0.4091666666666667 0.2833333333333333 0.008333333333333333 0.029166666666666667
4 0.41833333333333333 0.27666666666666667 0.005833333333333334 0.024166666666666666
4 0.4191666666666667 0.26416666666666666 0.005 0.024166666666666666
4 0.4008333333333333 0.26166666666666666 0.005 0.024166666666666666
4 0.385 0.2608333333333333 0.005 0.021666666666666667
4 0.36666666666666664 0.26 0.005 0.019166666666666665
4 0.3475 0.2608333333333333 0.005 0.019166666666666665
4 0.3175 0.26166666666666666 0.004166666666666667 0.019166666666666665
0 0.31666666666666665 0.2816666666666667 0.006666666666666667 0.024166666666666666
0 0.3016666666666667 0.2916666666666667 0.0075 0.029166666666666667
0 0.3075 0.27666666666666667 0.005833333333333334 0.024166666666666666
0 0.2833333333333333 0.275 0.005833333333333334 0.024166666666666666
4 0.2891666666666667 0.26416666666666666 0.005 0.019166666666666665
0 0.255 0.27666666666666667 0.006666666666666667 0.024166666666666666
0 0.25416666666666665 0.31 0.01 0.035833333333333335
0 0.20833333333333334 0.33166666666666667 0.013333333333333334 0.043333333333333335
0 0.2175 0.2825 0.006666666666666667 0.024166666666666666
4 0.22083333333333333 0.2725 0.005 0.019166666666666665
4 0.1675 0.2816666666666667 0.005 0.021666666666666667
0 0.1775 0.29083333333333333 0.006666666666666667 0.02666666666666667
4 0.12916666666666668 0.28833333333333333 0.006666666666666667 0.024166666666666666
0 0.1225 0.3025 0.008333333333333333 0.029166666666666667
0 0.13166666666666665 0.3825 0.020833333333333332 0.065