4 0.8558333333333333 0.715 0.08083333333333333 0.22833333333333333
4 0.6783333333333333 0.4791666666666667 0.034166666666666665 0.1225
4 0.58 0.375 0.020833333333333332 0.07666666666666666
4 0.5075 0.33666666666666667 0.015 0.0575
4 0.4375 0.315 0.010833333333333334 0.043333333333333335
4 0.38416666666666666 0.2966666666666667 0.009166666666666667 0.03833333333333333
4 0.4041666666666667 0.27666666666666667 0.006666666666666667 0.029166666666666667
4 0.42083333333333334 0.26416666666666666 0.005833333333333334 0.024166666666666666
1 0.4266666666666667 0.255 0.005 0.03333333333333333
1 0.43083333333333335 0.2525 0.0033333333333333335 0.029166666666666667
4 0.43333333333333335 0.25333333333333335 0.004166666666666667 0.021666666666666667
4 0.4425 0.2475 0.0033333333333333335 0.014166666666666666
4 0.4533333333333333 0.23833333333333334 0.0033333333333333335 0.014166666666666666
0 0.22666666666666666 0.7233333333333334 0.0675 0.215
0 0.30083333333333334 0.48583333333333334 0.03666666666666667 0.12
0 0.26166666666666666 0.41583333333333333 0.024166666666666666 0.09166666666666666
0 0.23583333333333334 0.385 0.0225 0.07416666666666667
0 0.20416666666666666 0.35833333333333334 0.018333333333333333 0.0575
0 0.19166666666666668 0.3375 0.014166666666666666 0.043333333333333335
0 0.2175 0.315 0.011666666666666667 0.035833333333333335
0 0.2575 0.30083333333333334 0.009166666666666667 0.03333333333333333
0 0.2925 0.2875 0.008333333333333333 0.029166666666666667
0 0.31083333333333335 0.2791666666666667 0.0075 0.024166666666666666
0 0.3425 0.26666666666666666 0.005 0.019166666666666665
1 0.3466666666666667 0.2575 0.005 0.03333333333333333
0 0.36083333333333334 0.2575 0.005 0.019166666666666665
0 0.38 0.25 0.004166666666666667 0.019166666666666665
4 0.09166666666666666 0.2941666666666667 0.005833333333333334 0.02666666666666667
4 0.0975 0.29833333333333334 0.006666666666666667 0.024166666666666666
4 0.105 0.29 0.005 0.021666666666666667
4 0.11916666666666667 0.2833333333333333 0.005 0.019166666666666665
0 0.08416666666666667 0.3125 0.01 0.03333333333333333
0 0.16583333333333333 0.29583333333333334 0.008333333333333333 0.02666666666666667
0 0.21083333333333334 0.2816666666666667 0.006666666666666667 0.024166666666666666
0 0.21833333333333332 0.275 0.006666666666666667 0.021666666666666667
4 0.13916666666666666 0.2791666666666667 0.0075 0.018333333333333333
4 0.16833333333333333 0.27416666666666667 0.005833333333333334 0.016666666666666666
4 0.20083333333333334 0.26666666666666666 0.005 0.019166666666666665
1 0.35 0.25833333333333336 0.005833333333333334 0.03166666666666667
4 0.4575 0.23416666666666666 0.0033333333333333335 0.013333333333333334
4 0.4625 0.23 0.0033333333333333335 0.013333333333333334
0 0.275 0.25583333333333336 0.005 0.016666666666666666
0 0.24166666666666667 0.2625 0.004166666666666667 0.013333333333333334
0 0.30416666666666664 0.24916666666666668 0.0033333333333333335 0.016666666666666666