0 0.6941666666666667 0.26416666666666666 0.008333333333333333 0.03333333333333333
0 0.6783333333333333 0.28 0.01 0.04083333333333333
4 0.8566666666666667 0.2833333333333333 0.011666666666666667 0.043333333333333335
0 0.6458333333333334 0.31 0.011666666666666667 0.0525
4 0.8675 0.30916666666666665 0.015833333333333335 0.056666666666666664
0 0.59 0.34 0.014166666666666666 0.065
4 0.8525 0.36833333333333335 0.024166666666666666 0.085
0 0.515 0.38666666666666666 0.020833333333333332 0.07916666666666666
4 0.8033333333333333 0.45666666666666667 0.03333333333333333 0.1225
0 0.4075 0.4866666666666667 0.03333333333333333 0.1225
0 0.26166666666666666 0.6725 0.06583333333333333 0.2125
1 0.7183333333333334 0.24916666666666668 0.01 0.04833333333333333
1 0.8391666666666666 0.255 0.014166666666666666 0.0625
0 0.7283333333333334 0.25 0.005833333333333334 0.02666666666666667
0 0.7375 0.24083333333333334 0.005833333333333334 0.0225
0 0.7483333333333333 0.235 0.005 0.020833333333333332
0 0.7558333333333334 0.23 0.004166666666666667 0.0225
0 0.7633333333333333 0.22916666666666666 0.004166666666666667 0.0225
0 0.7775 0.22583333333333333 0.005 0.021666666666666667
0 0.8 0.22333333333333333 0.005 0.021666666666666667
0 0.8241666666666667 0.22166666666666668 0.005833333333333334 0.0225
4 0.8825 0.23083333333333333 0.006666666666666667 0.024166666666666666
0 0.8766666666666667 0.2225 0.005833333333333334 0.021666666666666667
4 0.845 0.23333333333333334 0.005 0.024166666666666666
4 0.9333333333333333 0.23166666666666666 0.006666666666666667 0.024166666666666666
0 0.9175 0.22333333333333333 0.006666666666666667 0.024166666666666666