2 0.9091666666666667 0.6591666666666667 0.05416666666666667 0.19833333333333333
2 0.48083333333333333 0.5841666666666666 0.06666666666666667 0.12833333333333333
0 0.36833333333333335 0.6166666666666667 0.06666666666666667 0.125
2 0.15 0.8166666666666667 0.09583333333333334 0.16
2 0.285 0.5708333333333333 0.05583333333333333 0.10333333333333333
1 0.18083333333333335 0.5308333333333334 0.06416666666666666 0.12666666666666668
1 0.13916666666666666 0.515 0.03833333333333333 0.09416666666666666
2 0.115 0.5266666666666666 0.02666666666666667 0.058333333333333334
0 0.11 0.5183333333333333 0.034166666666666665 0.06416666666666666
2 0.6441666666666667 0.3958333333333333 0.04083333333333333 0.07666666666666666
4 0.6108333333333333 0.3858333333333333 0.035833333333333335 0.07083333333333333
2 0.5016666666666667 0.40166666666666667 0.034166666666666665 0.06666666666666667
1 0.4083333333333333 0.3933333333333333 0.0425 0.09333333333333334
1 0.37666666666666665 0.3958333333333333 0.03833333333333333 0.09083333333333334
2 0.3283333333333333 0.4225 0.03 0.056666666666666664
4 0.285 0.42833333333333334 0.029166666666666667 0.05333333333333334