0 0.13333333333333333 0.41333333333333333 0.0275 0.08166666666666667
4 0.23083333333333333 0.31583333333333335 0.010833333333333334 0.04083333333333333
4 0.29 0.3125 0.01 0.043333333333333335
4 0.345 0.3175 0.01 0.04583333333333333
0 0.215 0.43583333333333335 0.03166666666666667 0.0975
4 0.5066666666666667 0.33666666666666667 0.015 0.06
4 0.6083333333333333 0.2833333333333333 0.008333333333333333 0.03833333333333333
0 0.25833333333333336 0.515 0.04 0.13583333333333333
4 0.6208333333333333 0.41333333333333333 0.0275 0.09833333333333333
4 0.8733333333333333 0.7083333333333334 0.08083333333333333 0.24416666666666667
4 0.41333333333333333 0.3225 0.011666666666666667 0.0525
4 0.17083333333333334 0.3175 0.011666666666666667 0.043333333333333335
4 0.1275 0.32 0.01 0.03833333333333333
4 0.11416666666666667 0.315 0.008333333333333333 0.03333333333333333
4 0.9083333333333333 0.34833333333333333 0.0275 0.08166666666666667
0 0.8433333333333334 0.2875 0.015 0.04833333333333333
4 0.7766666666666666 0.31833333333333336 0.02 0.0625
0 0.7225 0.27166666666666667 0.01 0.03833333333333333
4 0.6675 0.30083333333333334 0.011666666666666667 0.050833333333333335
0 0.6691666666666667 0.26 0.0075 0.03333333333333333
1 0.6483333333333333 0.245 0.008333333333333333 0.04583333333333333
1 0.6391666666666667 0.2425 0.006666666666666667 0.043333333333333335
0 0.6191666666666666 0.2475 0.005 0.024166666666666666
4 0.5775 0.26916666666666667 0.006666666666666667 0.03333333333333333
1 0.5666666666666667 0.255 0.008333333333333333 0.04833333333333333
1 0.5608333333333333 0.25333333333333335 0.006666666666666667 0.04583333333333333
4 0.5441666666666667 0.2525 0.005833333333333334 0.029166666666666667
4 0.5166666666666667 0.25 0.005 0.024166666666666666
4 0.495 0.2475 0.005 0.024166666666666666
4 0.4741666666666667 0.24666666666666667 0.005 0.024166666666666666
4 0.45 0.2475 0.005 0.024166666666666666
4 0.27416666666666667 0.2708333333333333 0.006666666666666667 0.029166666666666667
4 0.21916666666666668 0.2833333333333333 0.0075 0.03333333333333333
4 0.16166666666666665 0.29833333333333334 0.0075 0.029166666666666667
2 0.3233333333333333 0.26166666666666666 0.005 0.024166666666666666
2 0.365 0.25666666666666665 0.005 0.0225
2 0.4025 0.2525 0.005 0.021666666666666667
0 0.06333333333333334 0.4083333333333333 0.0075 0.041666666666666664
0 0.105 0.305 0.0075 0.03
0 0.1825 0.285 0.006666666666666667 0.02666666666666667
0 0.24666666666666667 0.2708333333333333 0.005833333333333334 0.024166666666666666
0 0.30416666666666664 0.26 0.004166666666666667 0.018333333333333333
2 0.3466666666666667 0.25333333333333335 0.005 0.019166666666666665
2 0.38333333333333336 0.24833333333333332 0.005 0.018333333333333333
2 0.4275 0.2425 0.004166666666666667 0.016666666666666666
0 0.59 0.24 0.004166666666666667 0.019166666666666665
0 0.55 0.2375 0.005 0.018333333333333333
0 0.5008333333333334 0.2375 0.004166666666666667 0.015833333333333335
0 0.4583333333333333 0.23833333333333334 0.004166666666666667 0.018333333333333333