0 0.10083333333333333 0.39916666666666667 0.029166666666666667 0.07416666666666667
0 0.18666666666666668 0.41 0.03 0.09333333333333334
4 0.30666666666666664 0.31166666666666665 0.010833333333333334 0.04583333333333333
4 0.37416666666666665 0.31583333333333335 0.011666666666666667 0.050833333333333335
0 0.23583333333333334 0.46416666666666667 0.03166666666666667 0.10583333333333333
4 0.46 0.32416666666666666 0.0125 0.059166666666666666
4 0.5575 0.2816666666666667 0.010833333333333334 0.041666666666666664
0 0.6575 0.27166666666666667 0.008333333333333333 0.03833333333333333
4 0.78 0.3258333333333333 0.016666666666666666 0.06
4 0.5475 0.3825 0.021666666666666667 0.08166666666666667
4 0.675 0.5375 0.041666666666666664 0.16
4 0.06916666666666667 0.32 0.010833333333333334 0.04083333333333333
4 0.12083333333333333 0.32 0.011666666666666667 0.043333333333333335
4 0.1875 0.315 0.011666666666666667 0.043333333333333335
4 0.25166666666666665 0.31 0.010833333333333334 0.04833333333333333
4 0.9075 0.36333333333333334 0.0275 0.08666666666666667
0 0.845 0.2941666666666667 0.015 0.050833333333333335
0 0.7483333333333333 0.2833333333333333 0.011666666666666667 0.04833333333333333
4 0.6891666666666667 0.30916666666666665 0.014166666666666666 0.055
4 0.6041666666666666 0.29583333333333334 0.011666666666666667 0.04833333333333333
0 0.6133333333333333 0.26166666666666666 0.008333333333333333 0.03333333333333333
1 0.5983333333333334 0.25 0.008333333333333333 0.043333333333333335
1 0.5908333333333333 0.2475 0.008333333333333333 0.04833333333333333
0 0.5733333333333334 0.25 0.005833333333333334 0.024166666666666666
0 0.5466666666666666 0.24416666666666667 0.005 0.021666666666666667
4 0.5316666666666666 0.27166666666666667 0.006666666666666667 0.03333333333333333
1 0.5166666666666667 0.2525 0.005833333333333334 0.043333333333333335
1 0.5216666666666666 0.25583333333333336 0.0075 0.04833333333333333
4 0.5025 0.255 0.008333333333333333 0.02666666666666667
4 0.4766666666666667 0.25083333333333335 0.005833333333333334 0.025
4 0.45666666666666667 0.24833333333333332 0.006666666666666667 0.025
4 0.43666666666666665 0.24916666666666668 0.005 0.020833333333333332
4 0.41333333333333333 0.24916666666666668 0.004166666666666667 0.021666666666666667
2 0.2825 0.26166666666666666 0.005833333333333334 0.0225
2 0.3075 0.25333333333333335 0.005833333333333334 0.0225
2 0.32666666666666666 0.2575 0.005833333333333334 0.021666666666666667
2 0.345 0.24666666666666667 0.005 0.020833333333333332
2 0.365 0.25416666666666665 0.005 0.020833333333333332
2 0.3908333333333333 0.24 0.005 0.024166666666666666
0 0.26166666666666666 0.26166666666666666 0.006666666666666667 0.019166666666666665
4 0.22916666666666666 0.2733333333333333 0.0075 0.0225
0 0.1975 0.2733333333333333 0.005833333333333334 0.020833333333333332
4 0.16833333333333333 0.2875 0.009166666666666667 0.03166666666666667
4 0.10583333333333333 0.3025 0.010833333333333334 0.03333333333333333
0 0.12583333333333332 0.28833333333333333 0.0075 0.021666666666666667
0 0.4216666666666667 0.2425 0.0033333333333333335 0.013333333333333334
0 0.4633333333333333 0.24 0.0025 0.014166666666666666
0 0.0725 0.7708333333333334 0.024166666666666666 0.1225