4 0.6433333333333333 0.5008333333333334 0.035833333333333335 0.1325
4 0.5266666666666666 0.40166666666666667 0.0225 0.08666666666666667
4 0.445 0.37 0.019166666666666665 0.0675
4 0.37333333333333335 0.35333333333333333 0.015 0.055
4 0.305 0.345 0.015833333333333335 0.0525
4 0.21666666666666667 0.3458333333333333 0.014166666666666666 0.04833333333333333
4 0.21416666666666667 0.32666666666666666 0.01 0.03333333333333333
4 0.21916666666666668 0.31 0.006666666666666667 0.03333333333333333
4 0.2683333333333333 0.29833333333333334 0.0075 0.029166666666666667
4 0.3125 0.2833333333333333 0.006666666666666667 0.024166666666666666
4 0.3491666666666667 0.275 0.005 0.024166666666666666
4 0.37833333333333335 0.26416666666666666 0.0033333333333333335 0.019166666666666665
4 0.37083333333333335 0.2575 0.004166666666666667 0.019166666666666665
4 0.36083333333333334 0.2575 0.004166666666666667 0.016666666666666666
4 0.3433333333333333 0.25583333333333336 0.004166666666666667 0.016666666666666666
4 0.31916666666666665 0.255 0.0033333333333333335 0.014166666666666666
0 0.12666666666666668 0.73 0.065 0.20083333333333334
0 0.13833333333333334 0.5458333333333333 0.043333333333333335 0.13916666666666666
0 0.0775 0.46416666666666667 0.030833333333333334 0.09166666666666666
0 0.10583333333333333 0.32666666666666666 0.01 0.03333333333333333
0 0.16666666666666666 0.305 0.008333333333333333 0.029166666666666667
0 0.225 0.29083333333333333 0.005833333333333334 0.024166666666666666
0 0.2708333333333333 0.26666666666666666 0.004166666666666667 0.014166666666666666
0 0.2966666666666667 0.26666666666666666 0.0033333333333333335 0.016666666666666666
0 0.3 0.27416666666666667 0.004166666666666667 0.019166666666666665
0 0.31 0.26666666666666666 0.0033333333333333335 0.019166666666666665
4 0.29333333333333333 0.25666666666666665 0.0033333333333333335 0.013333333333333334
4 0.30583333333333335 0.25 0.0033333333333333335 0.014166666666666666
0 0.23166666666666666 0.2625 0.0033333333333333335 0.013333333333333334
0 0.24166666666666667 0.265 0.0033333333333333335 0.015833333333333335
0 0.1025 0.2941666666666667 0.005 0.016666666666666666
0 0.1475 0.2808333333333333 0.004166666666666667 0.015833333333333335
0 0.06166666666666667 0.31083333333333335 0.004166666666666667 0.018333333333333333
4 0.3308333333333333 0.24666666666666667 0.0033333333333333335 0.013333333333333334