0 0.6183333333333333 0.24416666666666667 0.0075 0.029166666666666667
0 0.7641666666666667 0.24416666666666667 0.006666666666666667 0.029166666666666667
0 0.8483333333333334 0.25083333333333335 0.008333333333333333 0.025
0 0.5083333333333333 0.2683333333333333 0.005833333333333334 0.029166666666666667
0 0.535 0.26 0.005 0.029166666666666667
4 0.6083333333333333 0.26916666666666667 0.0075 0.03333333333333333
4 0.7008333333333333 0.2608333333333333 0.008333333333333333 0.03333333333333333
4 0.8133333333333334 0.26666666666666666 0.010833333333333334 0.03833333333333333
0 0.9366666666666666 0.26166666666666666 0.006666666666666667 0.03333333333333333
0 0.4608333333333333 0.28583333333333333 0.01 0.03833333333333333
0 0.48083333333333333 0.2775 0.0075 0.03166666666666667
4 0.5775 0.29083333333333333 0.01 0.043333333333333335
4 0.8866666666666667 0.27416666666666667 0.013333333333333334 0.04833333333333333
0 0.44583333333333336 0.3 0.011666666666666667 0.041666666666666664
4 0.59 0.32 0.013333333333333334 0.0525
0 0.42583333333333334 0.335 0.014166666666666666 0.0575
4 0.6266666666666667 0.38666666666666666 0.023333333333333334 0.08916666666666667
0 0.28833333333333333 0.5658333333333333 0.043333333333333335 0.16583333333333333
4 0.7366666666666667 0.57 0.051666666666666666 0.17583333333333334
0 0.38416666666666666 0.39666666666666667 0.02 0.08416666666666667
0 0.585 0.2525 0.005 0.029166666666666667
4 0.6525 0.26416666666666666 0.008333333333333333 0.03166666666666667
4 0.755 0.26166666666666666 0.008333333333333333 0.03333333333333333
1 0.08083333333333333 0.7258333333333333 0.041666666666666664 0.20916666666666667
1 0.9083333333333333 0.695 0.06166666666666667 0.2725
0 0.66 0.24666666666666667 0.006666666666666667 0.025
0 0.7116666666666667 0.24333333333333335 0.006666666666666667 0.0275
0 0.7358333333333333 0.245 0.005 0.019166666666666665
0 0.7958333333333333 0.24666666666666667 0.0075 0.0275
0 0.8858333333333334 0.25583333333333336 0.010833333333333334 0.035833333333333335