0 0.1475 0.585 0.055 0.16083333333333333
0 0.13583333333333333 0.45416666666666666 0.029166666666666667 0.09166666666666666
4 0.365 0.3333333333333333 0.009166666666666667 0.04583333333333333
4 0.4066666666666667 0.30916666666666665 0.008333333333333333 0.029166666666666667
4 0.4475 0.34833333333333333 0.013333333333333334 0.0525
4 0.7633333333333333 0.315 0.010833333333333334 0.0525
4 0.5383333333333333 0.3675 0.016666666666666666 0.0625
4 0.7741666666666667 0.3458333333333333 0.0175 0.06333333333333334
4 0.6858333333333333 0.4625 0.0325 0.11666666666666667
4 0.10666666666666667 0.35333333333333333 0.013333333333333334 0.04833333333333333
4 0.08833333333333333 0.3258333333333333 0.011666666666666667 0.03333333333333333
0 0.13416666666666666 0.30666666666666664 0.008333333333333333 0.02666666666666667
4 0.1525 0.315 0.009166666666666667 0.03166666666666667
4 0.1925 0.3433333333333333 0.013333333333333334 0.041666666666666664
4 0.20666666666666667 0.30666666666666664 0.0075 0.03166666666666667
4 0.25666666666666665 0.3016666666666667 0.008333333333333333 0.03333333333333333
4 0.2866666666666667 0.33666666666666667 0.0125 0.04833333333333333
4 0.2991666666666667 0.305 0.008333333333333333 0.03333333333333333
4 0.3233333333333333 0.305 0.006666666666666667 0.03333333333333333
4 0.35583333333333333 0.31 0.006666666666666667 0.029166666666666667
4 0.7341666666666666 0.28833333333333333 0.008333333333333333 0.04083333333333333
4 0.6925 0.2791666666666667 0.006666666666666667 0.03
4 0.6491666666666667 0.2758333333333333 0.006666666666666667 0.0275
0 0.9216666666666666 0.30666666666666664 0.0125 0.050833333333333335
0 0.8641666666666666 0.28 0.008333333333333333 0.035833333333333335
0 0.8166666666666667 0.27416666666666667 0.0075 0.03333333333333333
0 0.7558333333333334 0.2658333333333333 0.005833333333333334 0.024166666666666666
0 0.6991666666666667 0.26166666666666666 0.005 0.019166666666666665
4 0.6041666666666666 0.2791666666666667 0.006666666666666667 0.03
4 0.5466666666666666 0.29083333333333333 0.006666666666666667 0.03166666666666667
4 0.47 0.30083333333333334 0.008333333333333333 0.03333333333333333
0 0.5091666666666667 0.28 0.005833333333333334 0.02666666666666667
0 0.4216666666666667 0.28833333333333333 0.005 0.024166666666666666
0 0.3983333333333333 0.28833333333333333 0.005833333333333334 0.024166666666666666
0 0.3725 0.28583333333333333 0.006666666666666667 0.024166666666666666
0 0.645 0.2608333333333333 0.005 0.021666666666666667
0 0.5891666666666666 0.2625 0.005 0.020833333333333332
0 0.5491666666666667 0.2725 0.004166666666666667 0.0225
0 0.47 0.2841666666666667 0.005 0.025
0 0.19416666666666665 0.2975 0.0075 0.025
0 0.25 0.2875 0.005833333333333334 0.0225
0 0.295 0.2833333333333333 0.004166666666666667 0.019166666666666665
0 0.3383333333333333 0.2816666666666667 0.004166666666666667 0.019166666666666665