4 0.41583333333333333 0.26666666666666666 0.006666666666666667 0.024166666666666666
4 0.515 0.26416666666666666 0.006666666666666667 0.024166666666666666
4 0.5475 0.26666666666666666 0.006666666666666667 0.02666666666666667
0 0.615 0.26166666666666666 0.006666666666666667 0.024166666666666666
0 0.6558333333333334 0.26916666666666667 0.006666666666666667 0.02666666666666667
0 0.23083333333333333 0.29083333333333333 0.006666666666666667 0.024166666666666666
4 0.3016666666666667 0.29333333333333333 0.008333333333333333 0.029166666666666667
4 0.3383333333333333 0.2808333333333333 0.006666666666666667 0.03
0 0.705 0.2791666666666667 0.008333333333333333 0.029166666666666667
0 0.18333333333333332 0.305 0.01 0.03166666666666667
4 0.6458333333333334 0.2966666666666667 0.0075 0.03833333333333333
0 0.7816666666666666 0.2966666666666667 0.008333333333333333 0.04
0 0.135 0.32416666666666666 0.013333333333333334 0.03833333333333333
4 0.2833333333333333 0.31583333333333335 0.010833333333333334 0.035833333333333335
4 0.32 0.32666666666666666 0.0125 0.04833333333333333
0 0.1025 0.3416666666666667 0.014166666666666666 0.04583333333333333
4 0.3908333333333333 0.33916666666666667 0.015 0.0575
4 0.7433333333333333 0.33416666666666667 0.016666666666666666 0.0575
4 0.46416666666666667 0.35833333333333334 0.019166666666666665 0.0675
0 0.0925 0.38666666666666666 0.0275 0.0625
4 0.5475 0.38333333333333336 0.021666666666666667 0.07916666666666666
0 0.13333333333333333 0.4141666666666667 0.03 0.07833333333333334
0 0.21333333333333335 0.44916666666666666 0.028333333333333332 0.10083333333333333
4 0.6375 0.4475 0.03 0.115
0 0.2275 0.5933333333333334 0.045 0.17333333333333334
4 0.8133333333333334 0.6166666666666667 0.06333333333333334 0.195
0 0.07416666666666667 0.3625 0.0175 0.051666666666666666
0 0.2683333333333333 0.2816666666666667 0.005833333333333334 0.025
0 0.3125 0.27166666666666667 0.005833333333333334 0.024166666666666666
0 0.3566666666666667 0.265 0.006666666666666667 0.0225
0 0.3975 0.25833333333333336 0.005 0.021666666666666667
0 0.43416666666666665 0.255 0.005 0.019166666666666665
0 0.4691666666666667 0.255 0.005 0.019166666666666665
0 0.51 0.25416666666666665 0.005 0.018333333333333333
0 0.545 0.255 0.004166666666666667 0.021666666666666667
4 0.2783333333333333 0.305 0.004166666666666667 0.029166666666666667
4 0.37833333333333335 0.2708333333333333 0.004166666666666667 0.0275
3 0.415 0.3325 0.0125 0.07333333333333333
3 0.4091666666666667 0.29 0.006666666666666667 0.04083333333333333
3 0.4533333333333333 0.26166666666666666 0.006666666666666667 0.0325
3 0.485 0.26916666666666667 0.009166666666666667 0.03833333333333333
3 0.5358333333333334 0.2808333333333333 0.008333333333333333 0.04416666666666667
3 0.5708333333333333 0.2725 0.0075 0.03833333333333333
3 0.5808333333333333 0.27416666666666667 0.008333333333333333 0.043333333333333335
3 0.595 0.31083333333333335 0.015 0.06166666666666667
3 0.6375 0.2966666666666667 0.01 0.0525
3 0.755 0.39666666666666667 0.03333333333333333 0.115
3 0.37583333333333335 0.2816666666666667 0.008333333333333333 0.03833333333333333
3 0.7758333333333334 0.3458333333333333 0.025 0.08083333333333333