0 0.69 0.2833333333333333 0.01 0.035833333333333335
0 0.7525 0.2791666666666667 0.008333333333333333 0.03333333333333333
0 0.8358333333333333 0.2816666666666667 0.01 0.03333333333333333
0 0.5775 0.3075 0.011666666666666667 0.043333333333333335
4 0.805 0.32916666666666666 0.016666666666666666 0.0575
4 0.8875 0.3283333333333333 0.019166666666666665 0.06
4 0.7466666666666667 0.3416666666666667 0.015833333333333335 0.0575
4 0.7316666666666667 0.3825 0.021666666666666667 0.08166666666666667
0 0.44916666666666666 0.4191666666666667 0.024166666666666666 0.09166666666666666
4 0.78 0.5216666666666666 0.0425 0.15416666666666667
0 0.36916666666666664 0.5291666666666667 0.0375 0.14916666666666667
0 0.5366666666666666 0.33416666666666667 0.013333333333333334 0.0575
0 0.64 0.29333333333333333 0.009166666666666667 0.043333333333333335
0 0.9358333333333333 0.29083333333333333 0.008333333333333333 0.043333333333333335