0 0.6258333333333334 0.30666666666666664 0.01 0.04083333333333333
0 0.6775 0.29833333333333334 0.009166666666666667 0.03833333333333333
0 0.7483333333333333 0.29333333333333333 0.011666666666666667 0.03833333333333333
0 0.8441666666666666 0.2966666666666667 0.015 0.04583333333333333
0 0.5625 0.32666666666666666 0.013333333333333334 0.049166666666666664
0 0.49 0.36333333333333334 0.018333333333333333 0.065
4 0.865 0.3675 0.03 0.08166666666666667
4 0.7783333333333333 0.385 0.025833333333333333 0.08166666666666667
0 0.4225 0.41083333333333333 0.025833333333333333 0.08416666666666667
4 0.7391666666666666 0.4275 0.029166666666666667 0.10583333333333333
0 0.3075 0.5241666666666667 0.0425 0.14416666666666667
4 0.8025 0.5816666666666667 0.049166666666666664 0.1875