4 0.8166666666666667 0.7608333333333334 0.05416666666666667 0.09416666666666666
0 0.4275 0.6266666666666667 0.0275 0.056666666666666664
0 0.465 0.5758333333333333 0.015833333333333335 0.034166666666666665
0 0.4608333333333333 0.5516666666666666 0.010833333333333334 0.023333333333333334
0 0.1925 0.8033333333333333 0.07416666666666667 0.11083333333333334
0 0.3441666666666667 0.5008333333333334 0.005833333333333334 0.014166666666666666
0 0.395 0.5033333333333333 0.006666666666666667 0.013333333333333334
0 0.43166666666666664 0.5083333333333333 0.006666666666666667 0.014166666666666666
2 0.24 0.4925 0.006666666666666667 0.013333333333333334
2 0.2758333333333333 0.48833333333333334 0.005 0.010833333333333334
0 0.4633333333333333 0.52 0.01 0.018333333333333333
0 0.4533333333333333 0.5133333333333333 0.008333333333333333 0.015
4 0.5033333333333333 0.5108333333333334 0.004166666666666667 0.01
4 0.3541666666666667 0.49583333333333335 0.004166666666666667 0.01
4 0.5316666666666666 0.5166666666666667 0.005 0.010833333333333334
4 0.55 0.5258333333333334 0.005833333333333334 0.011666666666666667
4 0.6133333333333333 0.5575 0.015 0.030833333333333334
4 0.74 0.6425 0.028333333333333332 0.05333333333333334
4 0.6666666666666666 0.5858333333333333 0.014166666666666666 0.034166666666666665
4 0.5841666666666666 0.5408333333333334 0.008333333333333333 0.016666666666666666
4 0.47 0.505 0.004166666666666667 0.01
4 0.43583333333333335 0.5016666666666667 0.004166666666666667 0.009166666666666667
0 0.46416666666666667 0.5333333333333333 0.0075 0.018333333333333333
4 0.39916666666666667 0.49916666666666665 0.0033333333333333335 0.008333333333333333