0 0.2475 0.6283333333333333 0.06 0.195
0 0.42583333333333334 0.395 0.0175 0.08333333333333333
0 0.4558333333333333 0.33416666666666667 0.01 0.043333333333333335
4 0.7008333333333333 0.47333333333333333 0.029166666666666667 0.1225
4 0.6616666666666666 0.36833333333333335 0.018333333333333333 0.06833333333333333
4 0.6133333333333333 0.31416666666666665 0.0125 0.051666666666666666
4 0.575 0.2891666666666667 0.008333333333333333 0.04
4 0.07 0.3125 0.01 0.03833333333333333
0 0.13666666666666666 0.32083333333333336 0.009166666666666667 0.04083333333333333
4 0.14416666666666667 0.29333333333333333 0.006666666666666667 0.03166666666666667
0 0.195 0.2991666666666667 0.008333333333333333 0.03333333333333333
4 0.2025 0.2791666666666667 0.006666666666666667 0.025
0 0.24 0.28583333333333333 0.006666666666666667 0.029166666666666667
0 0.4525 0.30333333333333334 0.006666666666666667 0.035