4 0.115 0.6716666666666666 0.05 0.09583333333333334
4 0.2841666666666667 0.5441666666666667 0.029166666666666667 0.05
4 0.3925 0.49416666666666664 0.015833333333333335 0.035833333333333335
4 0.5108333333333334 0.46416666666666667 0.013333333333333334 0.02666666666666667
4 0.5983333333333334 0.4483333333333333 0.011666666666666667 0.025
0 0.6875 0.5783333333333334 0.035 0.06833333333333333
0 0.6833333333333333 0.5058333333333334 0.023333333333333334 0.043333333333333335
0 0.76 0.4766666666666667 0.018333333333333333 0.035833333333333335
4 0.72 0.43666666666666665 0.010833333333333334 0.024166666666666666
0 0.8791666666666667 0.45916666666666667 0.018333333333333333 0.03333333333333333
4 0.8575 0.42583333333333334 0.008333333333333333 0.021666666666666667