0 0.6183333333333333 0.28833333333333333 0.010833333333333334 0.03833333333333333
0 0.6675 0.2816666666666667 0.01 0.035833333333333335
0 0.7291666666666666 0.27416666666666667 0.011666666666666667 0.03833333333333333
0 0.8083333333333333 0.27416666666666667 0.011666666666666667 0.04083333333333333
0 0.8991666666666667 0.2791666666666667 0.011666666666666667 0.043333333333333335
0 0.5433333333333333 0.31 0.011666666666666667 0.04583333333333333
0 0.4975 0.32416666666666666 0.014166666666666666 0.050833333333333335
4 0.7575 0.32416666666666666 0.016666666666666666 0.0575
4 0.8475 0.3225 0.016666666666666666 0.0575
4 0.69 0.3475 0.016666666666666666 0.07
0 0.445 0.3591666666666667 0.018333333333333333 0.07
0 0.39416666666666667 0.40166666666666667 0.021666666666666667 0.08166666666666667
4 0.6683333333333333 0.44 0.0275 0.11083333333333334
0 0.3333333333333333 0.4816666666666667 0.035833333333333335 0.13
4 0.84 0.7325 0.06666666666666667 0.19583333333333333
0 0.8491666666666666 0.27666666666666667 0.01 0.03833333333333333