0 0.2608333333333333 0.3825 0.018333333333333333 0.07083333333333333
0 0.26916666666666667 0.3375 0.011666666666666667 0.04833333333333333
0 0.3225 0.2966666666666667 0.008333333333333333 0.035833333333333335
0 0.37916666666666665 0.2758333333333333 0.006666666666666667 0.03
0 0.44083333333333335 0.26 0.005 0.025
4 0.465 0.295 0.01 0.041666666666666664
0 0.5033333333333333 0.25333333333333335 0.005 0.0225
4 0.5183333333333333 0.2808333333333333 0.009166666666666667 0.0375
0 0.5416666666666666 0.2475 0.005833333333333334 0.024166666666666666
0 0.2916666666666667 0.46416666666666667 0.0325 0.11083333333333334
4 0.475 0.31916666666666665 0.0125 0.051666666666666666
4 0.5675 0.36333333333333334 0.019166666666666665 0.07666666666666666
4 0.7275 0.51 0.043333333333333335 0.15166666666666667
0 0.28 0.6458333333333334 0.059166666666666666 0.19916666666666666
4 0.575 0.2708333333333333 0.009166666666666667 0.04
0 0.6208333333333333 0.24833333333333332 0.006666666666666667 0.03
4 0.6791666666666667 0.2683333333333333 0.008333333333333333 0.041666666666666664
0 0.6841666666666667 0.24833333333333332 0.008333333333333333 0.0275
4 0.7641666666666667 0.2708333333333333 0.011666666666666667 0.04416666666666667
0 0.7708333333333334 0.23833333333333334 0.006666666666666667 0.025
0 0.8508333333333333 0.23416666666666666 0.008333333333333333 0.03
4 0.8841666666666667 0.2608333333333333 0.0125 0.043333333333333335
0 0.9108333333333334 0.23166666666666666 0.008333333333333333 0.029166666666666667