4 0.6175 0.45666666666666667 0.03 0.115
4 0.5516666666666666 0.3458333333333333 0.015 0.0625
4 0.5 0.315 0.011666666666666667 0.04833333333333333
4 0.43333333333333335 0.3025 0.010833333333333334 0.043333333333333335
4 0.3616666666666667 0.305 0.008333333333333333 0.03833333333333333
4 0.27166666666666667 0.315 0.01 0.03833333333333333
4 0.17666666666666667 0.33416666666666667 0.013333333333333334 0.043333333333333335
0 0.12666666666666668 0.4083333333333333 0.024166666666666666 0.07666666666666666
0 0.22666666666666666 0.38916666666666666 0.0125 0.0725
0 0.255 0.40166666666666667 0.015 0.07416666666666667
0 0.2658333333333333 0.4375 0.025833333333333333 0.08916666666666667
0 0.2425 0.5216666666666666 0.04083333333333333 0.13