4 0.6166666666666667 0.4325 0.0275 0.10583333333333333
4 0.5458333333333333 0.33166666666666667 0.013333333333333334 0.055
4 0.5275 0.2966666666666667 0.01 0.04083333333333333
4 0.5183333333333333 0.2775 0.006666666666666667 0.03166666666666667
4 0.5108333333333334 0.26416666666666666 0.005 0.024166666666666666
4 0.5058333333333334 0.26 0.005 0.024166666666666666
4 0.4975 0.25333333333333335 0.004166666666666667 0.019166666666666665
4 0.4816666666666667 0.25 0.004166666666666667 0.019166666666666665
4 0.455 0.25083333333333335 0.005 0.019166666666666665
0 0.43833333333333335 0.26416666666666666 0.005 0.024166666666666666
0 0.43 0.27416666666666667 0.006666666666666667 0.02666666666666667
0 0.415 0.28583333333333333 0.0075 0.03333333333333333
0 0.4033333333333333 0.305 0.008333333333333333 0.03833333333333333
0 0.3825 0.3458333333333333 0.0125 0.055
0 0.4191666666666667 0.2608333333333333 0.005 0.021666666666666667
4 0.4241666666666667 0.2525 0.004166666666666667 0.014166666666666666
0 0.4041666666666667 0.2608333333333333 0.005 0.021666666666666667
4 0.39 0.255 0.005 0.019166666666666665
0 0.38166666666666665 0.26166666666666666 0.004166666666666667 0.024166666666666666
0 0.085 0.35583333333333333 0.010833333333333334 0.04833333333333333
4 0.09833333333333333 0.33166666666666667 0.009166666666666667 0.03833333333333333
4 0.18 0.31333333333333335 0.008333333333333333 0.03333333333333333
0 0.18666666666666668 0.32916666666666666 0.01 0.03833333333333333
4 0.23333333333333334 0.29583333333333334 0.006666666666666667 0.029166666666666667
0 0.2683333333333333 0.305 0.01 0.03333333333333333
4 0.265 0.2833333333333333 0.005 0.024166666666666666
4 0.2925 0.275 0.005 0.021666666666666667
0 0.30916666666666665 0.29083333333333333 0.008333333333333333 0.03166666666666667
0 0.32416666666666666 0.2825 0.005 0.02666666666666667
0 0.3358333333333333 0.2775 0.005 0.02666666666666667
0 0.3458333333333333 0.2708333333333333 0.005 0.021666666666666667
4 0.32083333333333336 0.26666666666666666 0.004166666666666667 0.019166666666666665
0 0.3175 0.47833333333333333 0.029166666666666667 0.1175
4 0.36 0.26166666666666666 0.005833333333333334 0.025