2 0.7041666666666667 0.7933333333333333 0.12416666666666666 0.205
0 0.5391666666666667 0.7516666666666667 0.09916666666666667 0.2
2 0.5116666666666667 0.5966666666666667 0.06 0.12916666666666668
1 0.45416666666666666 0.49666666666666665 0.056666666666666664 0.145
2 0.8966666666666666 0.45166666666666666 0.06416666666666666 0.10416666666666667
1 0.7641666666666667 0.3983333333333333 0.06166666666666667 0.12666666666666668
1 0.7233333333333334 0.3908333333333333 0.04666666666666667 0.115
2 0.6683333333333333 0.4075 0.034166666666666665 0.0675
4 0.6258333333333334 0.4 0.03 0.06166666666666667
1 0.42583333333333334 0.4791666666666667 0.023333333333333334 0.13666666666666666
2 0.17166666666666666 0.8433333333333334 0.0525 0.10666666666666667