0 0.5783333333333334 0.3616666666666667 0.015833333333333335 0.0675
4 0.755 0.30083333333333334 0.013333333333333334 0.0525
0 0.4666666666666667 0.42916666666666664 0.0275 0.09833333333333333
4 0.8541666666666666 0.38083333333333336 0.025833333333333333 0.08916666666666667
4 0.8383333333333334 0.4625 0.03916666666666667 0.125
0 0.5791666666666667 0.26166666666666666 0.005833333333333334 0.024166666666666666
0 0.5775 0.27416666666666667 0.006666666666666667 0.029166666666666667
0 0.5758333333333333 0.29833333333333334 0.01 0.03833333333333333
4 0.6766666666666666 0.26166666666666666 0.008333333333333333 0.03333333333333333
4 0.6866666666666666 0.25833333333333336 0.0075 0.03166666666666667
4 0.6925 0.27166666666666667 0.008333333333333333 0.035833333333333335
4 0.7175 0.2816666666666667 0.01 0.043333333333333335
4 0.7183333333333334 0.25333333333333335 0.005 0.021666666666666667
4 0.7475 0.26166666666666666 0.01 0.03333333333333333
0 0.7525 0.2475 0.005 0.019166666666666665
4 0.7858333333333334 0.2725 0.01 0.035833333333333335
4 0.8266666666666667 0.28833333333333333 0.011666666666666667 0.04833333333333333
0 0.8691666666666666 0.26166666666666666 0.008333333333333333 0.03333333333333333
0 0.8366666666666667 0.25583333333333336 0.006666666666666667 0.024166666666666666
0 0.9333333333333333 0.2725 0.0125 0.04083333333333333
0 0.5983333333333334 0.25333333333333335 0.004166666666666667 0.019166666666666665
0 0.6158333333333333 0.24916666666666668 0.005833333333333334 0.020833333333333332
0 0.6583333333333333 0.2475 0.005 0.019166666666666665
0 0.6975 0.245 0.005 0.019166666666666665
0 0.7858333333333334 0.24833333333333332 0.0075 0.020833333333333332