4 0.66 0.45416666666666666 0.030833333333333334 0.1175
4 0.49 0.365 0.019166666666666665 0.0725
4 0.4008333333333333 0.3408333333333333 0.0125 0.05416666666666667
4 0.33666666666666667 0.3308333333333333 0.0125 0.051666666666666666
1 0.22333333333333333 0.31666666666666665 0.015 0.07583333333333334
1 0.20583333333333334 0.31666666666666665 0.015 0.07083333333333333
4 0.14583333333333334 0.3258333333333333 0.010833333333333334 0.04083333333333333
4 0.09666666666666666 0.32 0.01 0.04416666666666667
4 0.07166666666666667 0.31583333333333335 0.006666666666666667 0.035833333333333335
0 0.15916666666666668 0.5533333333333333 0.04 0.1475
0 0.49666666666666665 0.2275 0.006666666666666667 0.0275
0 0.43916666666666665 0.24916666666666668 0.005833333333333334 0.024166666666666666
0 0.44583333333333336 0.24416666666666667 0.005833333333333334 0.021666666666666667
2 0.49083333333333334 0.2125 0.005833333333333334 0.02666666666666667