0 0.37583333333333335 0.3225 0.024166666666666666 0.09583333333333334
1 0.42583333333333334 0.2425 0.02 0.10833333333333334
1 0.435 0.23583333333333334 0.014166666666666666 0.10083333333333333
0 0.45916666666666667 0.2025 0.011666666666666667 0.059166666666666666
4 0.5708333333333333 0.1875 0.008333333333333333 0.03833333333333333
4 0.5908333333333333 0.20916666666666667 0.010833333333333334 0.04583333333333333
1 0.6333333333333333 0.2475 0.024166666666666666 0.115
1 0.6241666666666666 0.23583333333333334 0.0125 0.10583333333333333
4 0.6575 0.34 0.025833333333333333 0.10833333333333334
4 0.8225 0.18833333333333332 0.01 0.0375
4 0.6733333333333333 0.1775 0.006666666666666667 0.019166666666666665
4 0.6408333333333334 0.17833333333333334 0.005 0.018333333333333333
4 0.6083333333333333 0.18 0.005 0.020833333333333332
4 0.5841666666666666 0.18083333333333335 0.006666666666666667 0.025
0 0.5208333333333334 0.17333333333333334 0.005833333333333334 0.0075
0 0.4841666666666667 0.17916666666666667 0.0075 0.019166666666666665
4 0.7583333333333333 0.185 0.008333333333333333 0.03333333333333333
4 0.7166666666666667 0.18166666666666667 0.006666666666666667 0.02666666666666667