0 0.17 0.615 0.05416666666666667 0.18416666666666667
0 0.23916666666666667 0.445 0.0275 0.10083333333333333
0 0.21916666666666668 0.39166666666666666 0.019166666666666665 0.07666666666666666
0 0.19333333333333333 0.36083333333333334 0.016666666666666666 0.0575
0 0.17416666666666666 0.34 0.013333333333333334 0.04833333333333333
0 0.17916666666666667 0.31166666666666665 0.008333333333333333 0.035833333333333335
0 0.15333333333333332 0.3016666666666667 0.008333333333333333 0.035833333333333335
4 0.7491666666666666 0.5316666666666666 0.043333333333333335 0.16083333333333333
4 0.5608333333333333 0.39166666666666666 0.020833333333333332 0.08666666666666667
4 0.41583333333333333 0.3175 0.01 0.04833333333333333
4 0.3516666666666667 0.3025 0.009166666666666667 0.043333333333333335
4 0.30583333333333335 0.29083333333333333 0.008333333333333333 0.035833333333333335
4 0.2775 0.2833333333333333 0.008333333333333333 0.03333333333333333
4 0.25 0.2791666666666667 0.006666666666666667 0.029166666666666667
4 0.22666666666666666 0.27416666666666667 0.006666666666666667 0.029166666666666667
4 0.4816666666666667 0.3425 0.006666666666666667 0.06
3 0.48833333333333334 0.35 0.018333333333333333 0.09
3 0.4425 0.2925 0.010833333333333334 0.056666666666666664
3 0.4266666666666667 0.2875 0.010833333333333334 0.04833333333333333
4 0.2075 0.2725 0.0075 0.0275
4 0.195 0.26916666666666667 0.008333333333333333 0.02666666666666667
4 0.18416666666666667 0.26666666666666666 0.006666666666666667 0.024166666666666666
4 0.1725 0.26416666666666666 0.005833333333333334 0.024166666666666666
0 0.11083333333333334 0.28833333333333333 0.0075 0.02666666666666667
4 0.16166666666666665 0.26416666666666666 0.005833333333333334 0.024166666666666666
4 0.15 0.2608333333333333 0.005833333333333334 0.019166666666666665
0 0.09083333333333334 0.2808333333333333 0.006666666666666667 0.0225
0 0.08416666666666667 0.27666666666666667 0.006666666666666667 0.025