2 0.3175 0.7975 0.07166666666666667 0.16
2 0.37166666666666665 0.6283333333333333 0.043333333333333335 0.0825
2 0.30416666666666664 0.5566666666666666 0.02666666666666667 0.05333333333333334
2 0.425 0.5716666666666667 0.0275 0.059166666666666666
0 0.4033333333333333 0.5608333333333333 0.025833333333333333 0.055
2 0.44 0.545 0.018333333333333333 0.0475
1 0.455 0.52 0.023333333333333334 0.06416666666666666
1 0.4625 0.5166666666666667 0.016666666666666666 0.0575
2 0.4725 0.5191666666666667 0.016666666666666666 0.035833333333333335
0 0.4866666666666667 0.5141666666666667 0.015 0.03333333333333333
4 0.5941666666666666 0.5208333333333334 0.0125 0.035
2 0.6041666666666666 0.5258333333333334 0.016666666666666666 0.03833333333333333
4 0.6733333333333333 0.5708333333333333 0.02666666666666667 0.058333333333333334
2 0.6383333333333333 0.5525 0.021666666666666667 0.0475
1 0.625 0.5266666666666666 0.020833333333333332 0.06
1 0.6191666666666666 0.5191666666666667 0.014166666666666666 0.059166666666666666
2 0.7233333333333334 0.66 0.04833333333333333 0.09333333333333334
2 0.14 0.5458333333333333 0.0225 0.051666666666666666
2 0.6533333333333333 0.5783333333333334 0.02666666666666667 0.0575