0 0.37083333333333335 0.46166666666666667 0.029166666666666667 0.1175
0 0.485 0.33666666666666667 0.015 0.0625
0 0.5808333333333333 0.3025 0.01 0.04833333333333333
0 0.6891666666666667 0.29 0.01 0.043333333333333335
4 0.8375 0.3458333333333333 0.016666666666666666 0.0675
4 0.805 0.38666666666666666 0.020833333333333332 0.08666666666666667
1 0.7425 0.27416666666666667 0.013333333333333334 0.0675
1 0.7616666666666667 0.27416666666666667 0.013333333333333334 0.065
0 0.7975 0.2816666666666667 0.009166666666666667 0.043333333333333335
0 0.8433333333333334 0.275 0.01 0.03833333333333333
0 0.8575 0.2658333333333333 0.008333333333333333 0.03166666666666667
0 0.8966666666666666 0.24916666666666668 0.006666666666666667 0.025
1 0.8966666666666666 0.315 0.025833333333333333 0.09583333333333334
1 0.925 0.31166666666666665 0.024166666666666666 0.09333333333333334
4 0.7891666666666667 0.445 0.03166666666666667 0.115
4 0.8091666666666667 0.5766666666666667 0.0475 0.18166666666666667