4 0.8183333333333334 0.25 0.006666666666666667 0.029166666666666667
4 0.9041666666666667 0.26916666666666667 0.010833333333333334 0.03833333333333333
0 0.4708333333333333 0.28583333333333333 0.0075 0.03833333333333333
4 0.5775 0.2825 0.010833333333333334 0.04083333333333333
4 0.5975 0.305 0.0125 0.051666666666666666
0 0.44416666666666665 0.3333333333333333 0.014166666666666666 0.056666666666666664
4 0.6216666666666667 0.33416666666666667 0.019166666666666665 0.0675
4 0.6758333333333333 0.4033333333333333 0.025833333333333333 0.1025
0 0.3975 0.4175 0.02 0.0925
0 0.33416666666666667 0.5558333333333333 0.041666666666666664 0.155
4 0.775 0.545 0.04833333333333333 0.16666666666666666
0 0.4791666666666667 0.27 0.005 0.03
0 0.4841666666666667 0.25666666666666665 0.005833333333333334 0.0225
0 0.49083333333333334 0.24666666666666667 0.005 0.0225
0 0.5008333333333334 0.2425 0.004166666666666667 0.0225
4 0.565 0.2658333333333333 0.0075 0.029166666666666667
4 0.5583333333333333 0.25 0.005 0.024166666666666666
0 0.925 0.2525 0.0075 0.029166666666666667
0 0.8758333333333334 0.24333333333333335 0.006666666666666667 0.03
0 0.8375 0.23833333333333334 0.005833333333333334 0.020833333333333332
4 0.7816666666666666 0.24 0.005833333333333334 0.0275
4 0.735 0.23583333333333334 0.005 0.024166666666666666
4 0.735 0.23583333333333334 0.005 0.024166666666666666
0 0.5225 0.23583333333333334 0.005833333333333334 0.024166666666666666
0 0.5391666666666667 0.23416666666666666 0.004166666666666667 0.018333333333333333
4 0.5833333333333334 0.23916666666666667 0.004166666666666667 0.019166666666666665
4 0.605 0.23333333333333334 0.004166666666666667 0.019166666666666665
4 0.6283333333333333 0.23583333333333334 0.005 0.02666666666666667
4 0.5683333333333334 0.24583333333333332 0.005 0.0225
4 0.6716666666666666 0.23083333333333333 0.006666666666666667 0.024166666666666666
4 0.7025 0.235 0.005833333333333334 0.020833333333333332
4 0.6458333333333334 0.23083333333333333 0.005 0.019166666666666665
4 0.5516666666666666 0.225 0.004166666666666667 0.018333333333333333
0 0.7991666666666667 0.23416666666666666 0.005 0.021666666666666667
0 0.7725 0.23416666666666666 0.006666666666666667 0.0275
0 0.5875 0.2275 0.004166666666666667 0.015833333333333335
0 0.6133333333333333 0.2275 0.005833333333333334 0.020833333333333332
0 0.6425 0.22666666666666666 0.0033333333333333335 0.020833333333333332
0 0.5641666666666667 0.22916666666666666 0.004166666666666667 0.019166666666666665