4 0.7191666666666666 0.6108333333333333 0.05416666666666667 0.19
4 0.485 0.44916666666666666 0.028333333333333332 0.10333333333333333
4 0.38916666666666666 0.38916666666666666 0.0175 0.07083333333333333
4 0.355 0.3516666666666667 0.015 0.05416666666666667
4 0.3858333333333333 0.32416666666666666 0.011666666666666667 0.041666666666666664
4 0.43 0.30666666666666664 0.009166666666666667 0.035833333333333335
4 0.45916666666666667 0.295 0.0075 0.0325
4 0.485 0.28583333333333333 0.006666666666666667 0.029166666666666667
4 0.5008333333333334 0.2791666666666667 0.006666666666666667 0.02666666666666667
4 0.5125 0.275 0.005 0.020833333333333332
4 0.5175 0.2683333333333333 0.0033333333333333335 0.020833333333333332
0 0.10416666666666667 0.4125 0.025833333333333333 0.07
0 0.18416666666666667 0.36083333333333334 0.016666666666666666 0.051666666666666666
0 0.25666666666666665 0.3325 0.0125 0.04
0 0.31416666666666665 0.31166666666666665 0.01 0.03333333333333333
0 0.3591666666666667 0.2975 0.006666666666666667 0.0275
0 0.3908333333333333 0.29 0.005833333333333334 0.0225
0 0.41333333333333333 0.2833333333333333 0.005833333333333334 0.021666666666666667
0 0.43083333333333335 0.275 0.005 0.019166666666666665
0 0.4241666666666667 0.2733333333333333 0.004166666666666667 0.018333333333333333
4 0.49333333333333335 0.26416666666666666 0.004166666666666667 0.019166666666666665
4 0.4683333333333333 0.26166666666666666 0.004166666666666667 0.018333333333333333
4 0.43583333333333335 0.26 0.004166666666666667 0.015833333333333335
4 0.45166666666666666 0.26 0.004166666666666667 0.018333333333333333
4 0.5108333333333334 0.265 0.005 0.0225