0 0.6516666666666666 0.2875 0.009166666666666667 0.0375
0 0.6925 0.31333333333333335 0.011666666666666667 0.051666666666666666
0 0.63 0.4275 0.025 0.1025
0 0.6916666666666667 0.36333333333333334 0.0225 0.06833333333333333
4 0.9308333333333333 0.32 0.016666666666666666 0.0525
0 0.9166666666666666 0.275 0.008333333333333333 0.02666666666666667
4 0.855 0.27666666666666667 0.009166666666666667 0.03
4 0.8291666666666667 0.2975 0.013333333333333334 0.041666666666666664
4 0.7816666666666666 0.2708333333333333 0.008333333333333333 0.029166666666666667
0 0.7933333333333333 0.2625 0.006666666666666667 0.0225
0 0.7658333333333334 0.2575 0.005833333333333334 0.024166666666666666
4 0.7491666666666666 0.275 0.009166666666666667 0.03333333333333333
0 0.7391666666666666 0.25333333333333335 0.005 0.019166666666666665
4 0.7333333333333333 0.26166666666666666 0.006666666666666667 0.02666666666666667
4 0.7041666666666667 0.2575 0.005833333333333334 0.024166666666666666
4 0.6891666666666667 0.2683333333333333 0.006666666666666667 0.03166666666666667
4 0.6841666666666667 0.2525 0.005 0.019166666666666665
4 0.6341666666666667 0.26 0.005 0.02666666666666667
0 0.5916666666666667 0.27416666666666667 0.005833333333333334 0.029166666666666667
4 0.5958333333333333 0.25583333333333336 0.005 0.024166666666666666
4 0.5525 0.255 0.005 0.019166666666666665
0 0.5558333333333333 0.26916666666666667 0.005 0.024166666666666666
0 0.5066666666666667 0.26166666666666666 0.005 0.024166666666666666
0 0.4658333333333333 0.26 0.006666666666666667 0.029166666666666667
0 0.4216666666666667 0.2625 0.005833333333333334 0.0225
0 0.3591666666666667 0.2675 0.005833333333333334 0.025
4 0.3825 0.255 0.005 0.021666666666666667
4 0.34 0.2575 0.005 0.0225
0 0.29583333333333334 0.275 0.006666666666666667 0.029166666666666667
0 0.1375 0.29 0.0075 0.025
0 0.07083333333333333 0.2975 0.005833333333333334 0.025
0 0.21666666666666667 0.28583333333333333 0.005833333333333334 0.021666666666666667
4 0.17333333333333334 0.2708333333333333 0.006666666666666667 0.025
4 0.2833333333333333 0.265 0.005833333333333334 0.020833333333333332
0 0.08083333333333333 0.2783333333333333 0.006666666666666667 0.0225
0 0.13083333333333333 0.2683333333333333 0.005 0.020833333333333332
4 0.1775 0.2683333333333333 0.005 0.019166666666666665
4 0.21833333333333332 0.2708333333333333 0.005 0.021666666666666667
4 0.6525 0.25 0.004166666666666667 0.019166666666666665
4 0.6225 0.24916666666666668 0.004166666666666667 0.016666666666666666
4 0.5375 0.24666666666666667 0.004166666666666667 0.013333333333333334
4 0.4583333333333333 0.25333333333333335 0.0033333333333333335 0.014166666666666666
4 0.20916666666666667 0.26 0.005833333333333334 0.0225
4 0.24083333333333334 0.25416666666666665 0.004166666666666667 0.020833333333333332
0 0.18166666666666667 0.2575 0.004166666666666667 0.019166666666666665
0 0.23333333333333334 0.25083333333333335 0.004166666666666667 0.020833333333333332
0 0.6708333333333333 0.24333333333333335 0.005 0.018333333333333333
0 0.6383333333333333 0.24083333333333334 0.005 0.018333333333333333
0 0.6091666666666666 0.24166666666666667 0.005833333333333334 0.019166666666666665
4 0.5691666666666667 0.245 0.005 0.020833333333333332
0 0.5816666666666667 0.23916666666666667 0.004166666666666667 0.019166666666666665
1 0.47333333333333333 0.23583333333333334 0.005 0.025
1 0.4791666666666667 0.23583333333333334 0.004166666666666667 0.025
1 0.505 0.23583333333333334 0.005 0.025
1 0.5108333333333334 0.23583333333333334 0.004166666666666667 0.025