0 0.13833333333333334 0.6575 0.059166666666666666 0.20916666666666667
0 0.12416666666666666 0.44916666666666666 0.028333333333333332 0.095
1 0.11083333333333334 0.36333333333333334 0.021666666666666667 0.1
0 0.09583333333333334 0.3566666666666667 0.01 0.04666666666666667
4 0.9225 0.7208333333333333 0.035 0.22
4 0.5883333333333334 0.4083333333333333 0.025833333333333333 0.09833333333333333
4 0.4816666666666667 0.35333333333333333 0.015 0.0675
4 0.4175 0.335 0.013333333333333334 0.0575
1 0.32166666666666666 0.3016666666666667 0.011666666666666667 0.07
1 0.31 0.2991666666666667 0.0125 0.07
4 0.26916666666666667 0.3 0.008333333333333333 0.04
4 0.23916666666666667 0.2941666666666667 0.006666666666666667 0.03166666666666667
4 0.22583333333333333 0.2866666666666667 0.005 0.0275
0 0.09 0.34 0.0075 0.035833333333333335
1 0.10333333333333333 0.3591666666666667 0.0175 0.09833333333333333