4 0.25083333333333335 0.7183333333333334 0.06333333333333334 0.11166666666666666
4 0.4266666666666667 0.5741666666666667 0.028333333333333332 0.058333333333333334
4 0.5675 0.5183333333333333 0.02 0.03833333333333333
4 0.6541666666666667 0.48583333333333334 0.014166666666666666 0.02666666666666667
4 0.7025 0.47 0.010833333333333334 0.024166666666666666
0 0.9033333333333333 0.4525 0.014166666666666666 0.025
0 0.8558333333333333 0.49333333333333335 0.020833333333333332 0.035
0 0.8233333333333334 0.5366666666666666 0.030833333333333334 0.05
0 0.8391666666666666 0.6141666666666666 0.051666666666666666 0.07916666666666666
4 0.7308333333333333 0.46166666666666667 0.006666666666666667 0.016666666666666666
4 0.7641666666666667 0.45166666666666666 0.008333333333333333 0.019166666666666665
4 0.8033333333333333 0.44666666666666666 0.0075 0.018333333333333333
4 0.8433333333333334 0.44166666666666665 0.0075 0.015833333333333335
4 0.8591666666666666 0.43833333333333335 0.0075 0.015833333333333335
0 0.8733333333333333 0.475 0.011666666666666667 0.025833333333333333
1 0.8658333333333333 0.43083333333333335 0.005 0.018333333333333333
0 0.8775 0.46166666666666667 0.009166666666666667 0.02