1 0.31083333333333335 0.435 0.06166666666666667 0.26
1 0.35333333333333333 0.375 0.04583333333333333 0.20666666666666667
0 0.45916666666666667 0.26666666666666666 0.016666666666666666 0.0675
0 0.5225 0.22583333333333333 0.010833333333333334 0.0525
0 0.5625 0.20916666666666667 0.01 0.04583333333333333
0 0.6066666666666667 0.1975 0.009166666666666667 0.03833333333333333
0 0.6533333333333333 0.1925 0.008333333333333333 0.03833333333333333
0 0.69 0.1925 0.009166666666666667 0.035833333333333335
0 0.7266666666666667 0.19 0.008333333333333333 0.03333333333333333
0 0.7733333333333333 0.19083333333333333 0.008333333333333333 0.035833333333333335
0 0.8691666666666666 0.19916666666666666 0.011666666666666667 0.03833333333333333
4 0.9066666666666666 0.2475 0.023333333333333334 0.0675
4 0.8266666666666667 0.25083333333333335 0.0225 0.0675
4 0.7908333333333334 0.2633333333333333 0.023333333333333334 0.07416666666666667
4 0.7425 0.2683333333333333 0.021666666666666667 0.07666666666666666
4 0.7125 0.30916666666666665 0.02666666666666667 0.09833333333333333
1 0.7441666666666666 0.3775 0.0525 0.21833333333333332
1 0.7908333333333334 0.43166666666666664 0.0725 0.27166666666666667