1 0.375 0.4325 0.03833333333333333 0.17333333333333334
1 0.4141666666666667 0.39666666666666667 0.0325 0.14916666666666667
0 0.4866666666666667 0.27666666666666667 0.006666666666666667 0.029166666666666667
1 0.735 0.5266666666666666 0.06 0.27166666666666667
0 0.4658333333333333 0.3725 0.018333333333333333 0.0725
0 0.5041666666666667 0.32 0.011666666666666667 0.050833333333333335
4 0.6041666666666666 0.285 0.008333333333333333 0.04083333333333333
4 0.5916666666666667 0.2725 0.006666666666666667 0.035833333333333335
4 0.6833333333333333 0.33916666666666667 0.015 0.0675
4 0.7591666666666667 0.27666666666666667 0.01 0.03833333333333333
0 0.9266666666666666 0.2833333333333333 0.011666666666666667 0.043333333333333335
4 0.6491666666666667 0.305 0.0125 0.04583333333333333
4 0.6991666666666667 0.415 0.02666666666666667 0.10083333333333333
0 0.16 0.6766666666666666 0.07166666666666667 0.21416666666666667
0 0.5008333333333334 0.2875 0.008333333333333333 0.03833333333333333
0 0.485 0.2608333333333333 0.005833333333333334 0.02666666666666667
0 0.51 0.255 0.005 0.024166666666666666
0 0.5291666666666667 0.24666666666666667 0.005833333333333334 0.024166666666666666
1 0.7125 0.4475 0.030833333333333334 0.19916666666666666
4 0.8491666666666666 0.31 0.016666666666666666 0.0525
0 0.8583333333333333 0.26416666666666666 0.009166666666666667 0.035833333333333335
0 0.8441666666666666 0.255 0.008333333333333333 0.03333333333333333
4 0.7366666666666667 0.26 0.006666666666666667 0.03333333333333333
4 0.725 0.25083333333333335 0.006666666666666667 0.029166666666666667
4 0.6025 0.255 0.005 0.029166666666666667
0 0.56 0.24 0.005 0.024166666666666666