0 0.7208333333333333 0.2658333333333333 0.009166666666666667 0.0375
0 0.8341666666666666 0.26666666666666666 0.008333333333333333 0.03333333333333333
0 0.8816666666666667 0.2708333333333333 0.011666666666666667 0.04083333333333333
0 0.615 0.2833333333333333 0.008333333333333333 0.035
0 0.6616666666666666 0.2725 0.01 0.035833333333333335
0 0.5441666666666667 0.30083333333333334 0.01 0.04416666666666667
4 0.7408333333333333 0.30916666666666665 0.015 0.0575
4 0.8225 0.305 0.015833333333333335 0.0575
4 0.92 0.3075 0.014166666666666666 0.0575
0 0.5016666666666667 0.31583333333333335 0.01 0.04666666666666667
4 0.6775 0.32916666666666666 0.015 0.0625
0 0.4533333333333333 0.3416666666666667 0.015 0.0625
0 0.4083333333333333 0.3775 0.019166666666666665 0.07416666666666667
4 0.65 0.405 0.024166666666666666 0.08916666666666667
4 0.7641666666666667 0.6091666666666666 0.05416666666666667 0.1875
0 0.195 0.7275 0.06916666666666667 0.20583333333333334
0 0.3625 0.44083333333333335 0.025833333333333333 0.10333333333333333
0 0.795 0.26666666666666666 0.008333333333333333 0.03833333333333333
0 0.9341666666666667 0.27416666666666667 0.011666666666666667 0.043333333333333335