0 0.7108333333333333 0.305 0.013333333333333334 0.04833333333333333
0 0.7975 0.2991666666666667 0.0125 0.04833333333333333
0 0.84 0.29833333333333334 0.014166666666666666 0.04583333333333333
0 0.8975 0.3025 0.015833333333333335 0.04833333333333333
0 0.6408333333333334 0.32 0.013333333333333334 0.0525
0 0.5825 0.3416666666666667 0.014166666666666666 0.06166666666666667
0 0.4691666666666667 0.4125 0.021666666666666667 0.08166666666666667
4 0.8375 0.42583333333333334 0.030833333333333334 0.10083333333333333
0 0.37333333333333335 0.4866666666666667 0.030833333333333334 0.1225
4 0.795 0.5458333333333333 0.041666666666666664 0.15833333333333333
0 0.16416666666666666 0.725 0.07 0.21
4 0.9333333333333333 0.3975 0.013333333333333334 0.09166666666666666