0 0.455 0.26666666666666666 0.005 0.024166666666666666
4 0.5475 0.2625 0.006666666666666667 0.0275
4 0.6983333333333334 0.26 0.005833333333333334 0.02666666666666667
0 0.8616666666666667 0.2708333333333333 0.0075 0.02666666666666667
4 0.8808333333333334 0.2866666666666667 0.01 0.035
4 0.5933333333333334 0.3225 0.011666666666666667 0.0525
0 0.26666666666666666 0.51 0.03916666666666667 0.13
0 0.4125 0.31833333333333336 0.011666666666666667 0.04583333333333333
0 0.4375 0.28583333333333333 0.0075 0.0325
1 0.4475 0.2658333333333333 0.004166666666666667 0.04416666666666667
0 0.46166666666666667 0.25666666666666665 0.005 0.020833333333333332
0 0.43583333333333335 0.245 0.0033333333333333335 0.018333333333333333
0 0.4175 0.2425 0.0033333333333333335 0.016666666666666666
4 0.7225 0.51 0.04 0.13916666666666666
4 0.5625 0.2783333333333333 0.0075 0.035
1 0.5591666666666667 0.26 0.004166666666666667 0.043333333333333335
4 0.5416666666666666 0.25333333333333335 0.005 0.0225
4 0.5366666666666666 0.245 0.005 0.020833333333333332
4 0.52 0.23833333333333334 0.005 0.018333333333333333
4 0.5 0.23666666666666666 0.005 0.019166666666666665
4 0.4816666666666667 0.2375 0.004166666666666667 0.018333333333333333
4 0.4683333333333333 0.23666666666666666 0.0033333333333333335 0.016666666666666666
4 0.4508333333333333 0.23416666666666666 0.0033333333333333335 0.015833333333333335
4 0.6525 0.25083333333333335 0.006666666666666667 0.02666666666666667
4 0.6241666666666666 0.24583333333333332 0.005 0.0225
4 0.6208333333333333 0.24083333333333334 0.004166666666666667 0.020833333333333332
4 0.6416666666666667 0.23583333333333334 0.004166666666666667 0.019166666666666665
4 0.6625 0.23333333333333334 0.0033333333333333335 0.014166666666666666
4 0.6283333333333333 0.2375 0.0033333333333333335 0.020833333333333332
0 0.6866666666666666 0.24416666666666667 0.0033333333333333335 0.019166666666666665
0 0.6908333333333333 0.24583333333333332 0.004166666666666667 0.0225
0 0.7175 0.25333333333333335 0.004166666666666667 0.025
1 0.5558333333333333 0.26 0.0033333333333333335 0.04416666666666667
3 0.6191666666666666 0.30916666666666665 0.014166666666666666 0.06583333333333333
3 0.6358333333333334 0.2725 0.009166666666666667 0.043333333333333335
3 0.815 0.2875 0.0125 0.05416666666666667
3 0.8175 0.25333333333333335 0.006666666666666667 0.03166666666666667
3 0.7141666666666666 0.26 0.0075 0.03833333333333333
3 0.7433333333333333 0.24833333333333332 0.006666666666666667 0.0325
3 0.6016666666666667 0.2525 0.0075 0.03333333333333333
3 0.5775 0.24416666666666667 0.005833333333333334 0.029166666666666667
3 0.6108333333333333 0.23416666666666666 0.004166666666666667 0.0225
1 0.44333333333333336 0.26916666666666667 0.005 0.04833333333333333