4 0.49083333333333334 0.24333333333333335 0.004166666666666667 0.015833333333333335
0 0.37916666666666665 0.2725 0.005833333333333334 0.021666666666666667
4 0.44416666666666665 0.2575 0.005 0.021666666666666667
4 0.46416666666666667 0.26166666666666666 0.005833333333333334 0.0225
4 0.5075 0.2658333333333333 0.006666666666666667 0.025
4 0.5658333333333333 0.2708333333333333 0.006666666666666667 0.029166666666666667
4 0.655 0.25916666666666666 0.005833333333333334 0.0225
4 0.7 0.27 0.005833333333333334 0.025
0 0.7225 0.26416666666666666 0.005 0.019166666666666665
0 0.4075 0.2791666666666667 0.0075 0.02666666666666667
0 0.45916666666666667 0.28583333333333333 0.0075 0.03166666666666667
4 0.6166666666666667 0.27666666666666667 0.008333333333333333 0.03
4 0.6758333333333333 0.29083333333333333 0.01 0.035833333333333335
4 0.7566666666666667 0.2825 0.006666666666666667 0.029166666666666667
0 0.7825 0.27666666666666667 0.006666666666666667 0.024166666666666666
0 0.525 0.2916666666666667 0.01 0.03333333333333333
0 0.5591666666666667 0.30916666666666665 0.01 0.04083333333333333
4 0.7158333333333333 0.31 0.013333333333333334 0.04833333333333333
4 0.8533333333333334 0.305 0.013333333333333334 0.03833333333333333
0 0.5591666666666667 0.3408333333333333 0.016666666666666666 0.05416666666666667
4 0.7591666666666667 0.35083333333333333 0.019166666666666665 0.0625
0 0.4666666666666667 0.4066666666666667 0.02 0.08666666666666667
4 0.7775 0.41583333333333333 0.03 0.09166666666666666
0 0.32916666666666666 0.5141666666666667 0.043333333333333335 0.13666666666666666
4 0.7941666666666667 0.5808333333333333 0.059166666666666666 0.17083333333333334
0 0.8633333333333333 0.2916666666666667 0.008333333333333333 0.03
1 0.68 0.25833333333333336 0.005833333333333334 0.035833333333333335
1 0.6725 0.25833333333333336 0.006666666666666667 0.035833333333333335
1 0.7433333333333333 0.2608333333333333 0.006666666666666667 0.035833333333333335
0 0.37666666666666665 0.2625 0.0025 0.020833333333333332
0 0.38083333333333336 0.255 0.004166666666666667 0.019166666666666665
4 0.4575 0.25083333333333335 0.005 0.018333333333333333
4 0.4691666666666667 0.24666666666666667 0.004166666666666667 0.018333333333333333
3 0.5341666666666667 0.3575 0.021666666666666667 0.0925
3 0.4816666666666667 0.29333333333333333 0.0125 0.0525
3 0.4508333333333333 0.25333333333333335 0.005 0.02666666666666667
3 0.8233333333333334 0.3433333333333333 0.028333333333333332 0.08333333333333333
3 0.7508333333333334 0.29 0.0125 0.04583333333333333
1 0.7541666666666667 0.255 0.004166666666666667 0.0225
3 0.665 0.26916666666666667 0.0075 0.03333333333333333
3 0.37333333333333335 0.2941666666666667 0.010833333333333334 0.04833333333333333
3 0.555 0.2625 0.0075 0.035
3 0.525 0.25083333333333335 0.006666666666666667 0.0275
3 0.3958333333333333 0.245 0.005833333333333334 0.020833333333333332
0 0.4033333333333333 0.24916666666666668 0.005 0.016666666666666666
0 0.435 0.245 0.004166666666666667 0.014166666666666666
3 0.44083333333333335 0.23833333333333334 0.004166666666666667 0.018333333333333333
0 0.45916666666666667 0.24166666666666667 0.0033333333333333335 0.014166666666666666
3 0.5083333333333333 0.2425 0.005 0.019166666666666665
4 0.5033333333333333 0.24 0.004166666666666667 0.014166666666666666
3 0.5175 0.23666666666666666 0.004166666666666667 0.019166666666666665
4 0.6133333333333333 0.24916666666666668 0.0025 0.016666666666666666
3 0.6108333333333333 0.255 0.005833333333333334 0.0275
3 0.605 0.24583333333333332 0.005833333333333334 0.025
4 0.5816666666666667 0.24166666666666667 0.004166666666666667 0.014166666666666666
3 0.5616666666666666 0.235 0.0025 0.018333333333333333
3 0.5508333333333333 0.23416666666666666 0.004166666666666667 0.016666666666666666