4 0.6183333333333333 0.245 0.005 0.024166666666666666
4 0.65 0.24416666666666667 0.005 0.024166666666666666
4 0.7091666666666666 0.2425 0.005 0.02666666666666667
4 0.5716666666666667 0.2575 0.005833333333333334 0.029166666666666667
4 0.8083333333333333 0.2525 0.006666666666666667 0.03166666666666667
4 0.8975 0.26666666666666666 0.01 0.03833333333333333
4 0.5625 0.285 0.008333333333333333 0.03833333333333333
0 0.445 0.29333333333333333 0.0075 0.03333333333333333
0 0.42833333333333334 0.3308333333333333 0.013333333333333334 0.05416666666666667
4 0.5825 0.32416666666666666 0.0125 0.0575
0 0.38916666666666666 0.4041666666666667 0.02 0.08166666666666667
4 0.6275 0.39666666666666667 0.0225 0.09583333333333334
4 0.7516666666666667 0.5766666666666667 0.05583333333333333 0.1775
4 0.5583333333333333 0.26916666666666667 0.005 0.03166666666666667
4 0.5908333333333333 0.25083333333333335 0.005 0.02666666666666667
4 0.6733333333333333 0.245 0.005 0.029166666666666667
4 0.755 0.245 0.006666666666666667 0.029166666666666667
0 0.8941666666666667 0.25083333333333335 0.005 0.02666666666666667
0 0.8475 0.24416666666666667 0.005 0.02666666666666667
0 0.79 0.23916666666666667 0.005 0.021666666666666667
0 0.46 0.27416666666666667 0.006666666666666667 0.03333333333333333
0 0.475 0.26416666666666666 0.005 0.029166666666666667
0 0.5066666666666667 0.2525 0.005 0.024166666666666666
0 0.5283333333333333 0.245 0.005 0.024166666666666666
0 0.5616666666666666 0.2425 0.005 0.025
0 0.6608333333333334 0.235 0.005833333333333334 0.0225
0 0.6225 0.23416666666666666 0.004166666666666667 0.0225
0 0.5908333333333333 0.2375 0.005 0.0225
0 0.7008333333333333 0.23416666666666666 0.005833333333333334 0.020833333333333332
0 0.7425 0.235 0.005833333333333334 0.0225