2 0.7791666666666667 0.5616666666666666 0.0825 0.1725
2 0.8308333333333333 0.315 0.045 0.0925
2 0.38416666666666666 0.5491666666666667 0.06416666666666666 0.12333333333333334
0 0.27166666666666667 0.5983333333333334 0.06916666666666667 0.13
2 0.1775 0.5633333333333334 0.060833333333333336 0.10666666666666667
2 0.5375 0.3591666666666667 0.0375 0.07833333333333334
4 0.5058333333333334 0.35333333333333333 0.0325 0.07083333333333333
2 0.39916666666666667 0.37583333333333335 0.034166666666666665 0.06916666666666667
1 0.30333333333333334 0.37416666666666665 0.04416666666666667 0.09833333333333333
1 0.26916666666666667 0.37833333333333335 0.04083333333333333 0.09583333333333334
2 0.2175 0.41 0.0325 0.059166666666666666
4 0.1675 0.42083333333333334 0.03166666666666667 0.0575