4 0.7641666666666667 0.30333333333333334 0.0125 0.041666666666666664
4 0.8075 0.295 0.01 0.0375
4 0.8591666666666666 0.295 0.011666666666666667 0.04
4 0.925 0.30083333333333334 0.014166666666666666 0.03833333333333333
4 0.7483333333333333 0.32 0.015833333333333335 0.04833333333333333
0 0.4708333333333333 0.37416666666666665 0.019166666666666665 0.0675
4 0.7266666666666667 0.3575 0.020833333333333332 0.06583333333333333
4 0.7075 0.38666666666666666 0.023333333333333334 0.07833333333333334
0 0.35083333333333333 0.45416666666666666 0.03 0.10333333333333333
4 0.7366666666666667 0.4666666666666667 0.0375 0.115
0 0.20416666666666666 0.7016666666666667 0.07 0.23083333333333333
0 0.5425 0.33416666666666667 0.013333333333333334 0.0525
0 0.5875 0.31 0.01 0.043333333333333335
0 0.6183333333333333 0.2941666666666667 0.008333333333333333 0.035833333333333335
0 0.6466666666666666 0.28 0.0075 0.03166666666666667
0 0.6675 0.2725 0.006666666666666667 0.02666666666666667
0 0.7083333333333334 0.2683333333333333 0.006666666666666667 0.02666666666666667
0 0.7425 0.2683333333333333 0.006666666666666667 0.02666666666666667
0 0.765 0.26916666666666667 0.0075 0.024166666666666666
0 0.81 0.2683333333333333 0.005833333333333334 0.02666666666666667
0 0.8633333333333333 0.2708333333333333 0.0075 0.03166666666666667
0 0.9258333333333333 0.2725 0.01 0.03166666666666667
3 0.8358333333333333 0.33916666666666667 0.023333333333333334 0.08333333333333333
3 0.8141666666666667 0.3075 0.0175 0.0625
3 0.2891666666666667 0.4141666666666667 0.03 0.11666666666666667