2 0.11166666666666666 0.5533333333333333 0.028333333333333332 0.0575
1 0.15083333333333335 0.66 0.0575 0.14083333333333334
1 0.21916666666666668 0.49166666666666664 0.034166666666666665 0.07333333333333333
2 0.2816666666666667 0.5658333333333333 0.0275 0.059166666666666666
2 0.4191666666666667 0.5241666666666667 0.021666666666666667 0.051666666666666666
2 0.4216666666666667 0.49666666666666665 0.02 0.04416666666666667
1 0.4558333333333333 0.4633333333333333 0.025833333333333333 0.06
1 0.5675 0.44583333333333336 0.02 0.05583333333333333
2 0.6575 0.46 0.018333333333333333 0.034166666666666665
2 0.7041666666666667 0.515 0.023333333333333334 0.05
2 0.7483333333333333 0.365 0.0225 0.04666666666666667
2 0.7666666666666667 0.42083333333333334 0.03 0.058333333333333334
2 0.8458333333333333 0.42333333333333334 0.0275 0.05583333333333333