0 0.29083333333333333 0.41833333333333333 0.03833333333333333 0.135
0 0.41333333333333333 0.305 0.023333333333333334 0.08166666666666667
0 0.49583333333333335 0.2675 0.016666666666666666 0.06583333333333333
0 0.5458333333333333 0.2525 0.014166666666666666 0.06
0 0.5908333333333333 0.23833333333333334 0.013333333333333334 0.0525
0 0.6391666666666667 0.22916666666666666 0.013333333333333334 0.04833333333333333
0 0.7258333333333333 0.22333333333333333 0.013333333333333334 0.04583333333333333
0 0.8158333333333333 0.21833333333333332 0.010833333333333334 0.0525
0 0.9066666666666666 0.22 0.0125 0.04833333333333333
4 0.93 0.37166666666666665 0.02 0.10833333333333334
4 0.9125 0.4583333333333333 0.055 0.16583333333333333