0 0.4841666666666667 0.37 0.018333333333333333 0.0725
2 0.5816666666666667 0.3283333333333333 0.015 0.055
2 0.6416666666666667 0.30666666666666664 0.011666666666666667 0.04833333333333333
2 0.7008333333333333 0.29083333333333333 0.011666666666666667 0.03833333333333333
2 0.8325 0.365 0.020833333333333332 0.0725
2 0.7966666666666666 0.4191666666666667 0.02666666666666667 0.09583333333333334
0 0.2891666666666667 0.5141666666666667 0.03916666666666667 0.13666666666666666
4 0.7733333333333333 0.5741666666666667 0.049166666666666664 0.17333333333333334
0 0.7383333333333333 0.28583333333333333 0.008333333333333333 0.03833333333333333
2 0.87 0.3416666666666667 0.020833333333333332 0.0625
4 0.9141666666666667 0.32416666666666666 0.015833333333333335 0.0525
0 0.9116666666666666 0.29333333333333333 0.008333333333333333 0.03333333333333333
0 0.8266666666666667 0.29083333333333333 0.008333333333333333 0.03333333333333333