2 0.24166666666666667 0.81 0.07583333333333334 0.16166666666666665
1 0.23083333333333333 0.7125 0.0875 0.20166666666666666
1 0.26666666666666666 0.6683333333333333 0.056666666666666664 0.16916666666666666
2 0.30916666666666665 0.6166666666666667 0.04083333333333333 0.08166666666666667
4 0.3125 0.58 0.03 0.06416666666666666
2 0.3491666666666667 0.5633333333333334 0.028333333333333332 0.0625
2 0.37 0.52 0.02 0.04583333333333333
2 0.3525 0.49833333333333335 0.0175 0.035
2 0.515 0.47333333333333333 0.0175 0.035
2 0.5583333333333333 0.4925 0.02 0.04666666666666667
2 0.5825 0.5241666666666667 0.0275 0.059166666666666666
0 0.6283333333333333 0.5308333333333334 0.034166666666666665 0.065
2 0.6325 0.565 0.0375 0.07916666666666666
2 0.6908333333333333 0.44416666666666665 0.018333333333333333 0.03666666666666667
1 0.68 0.6008333333333333 0.050833333333333335 0.16583333333333333
1 0.7216666666666667 0.6325 0.08083333333333333 0.1925
2 0.7691666666666667 0.7591666666666667 0.07333333333333333 0.17083333333333334
0 0.8141666666666667 0.8441666666666666 0.04583333333333333 0.10583333333333333