0 0.23083333333333333 0.68 0.056666666666666664 0.21666666666666667
0 0.2833333333333333 0.48333333333333334 0.035833333333333335 0.115
0 0.24916666666666668 0.41583333333333333 0.024166666666666666 0.08666666666666667
0 0.20166666666666666 0.3933333333333333 0.0225 0.07
4 0.2941666666666667 0.3233333333333333 0.011666666666666667 0.04083333333333333
4 0.155 0.345 0.013333333333333334 0.04833333333333333
4 0.345 0.32666666666666666 0.010833333333333334 0.043333333333333335
4 0.43333333333333335 0.33666666666666667 0.011666666666666667 0.050833333333333335
4 0.52 0.36666666666666664 0.015 0.065
4 0.6608333333333334 0.4791666666666667 0.03333333333333333 0.1175
4 0.9191666666666667 0.7491666666666666 0.0425 0.16583333333333333