4 0.8675 0.685 0.08083333333333333 0.23083333333333333
4 0.6341666666666667 0.4691666666666667 0.030833333333333334 0.11916666666666667
4 0.5025 0.3925 0.020833333333333332 0.07583333333333334
4 0.4075 0.3475 0.013333333333333334 0.050833333333333335
4 0.3375 0.3333333333333333 0.011666666666666667 0.043333333333333335
4 0.3525 0.31 0.01 0.035833333333333335
0 0.08083333333333333 0.7083333333333334 0.041666666666666664 0.20333333333333334
0 0.08833333333333333 0.49916666666666665 0.035 0.1025
0 0.08083333333333333 0.41833333333333333 0.019166666666666665 0.0675
0 0.11916666666666667 0.37166666666666665 0.015 0.049166666666666664
0 0.08166666666666667 0.345 0.01 0.03166666666666667
0 0.13083333333333333 0.3283333333333333 0.005833333333333334 0.0225
0 0.15 0.3175 0.005 0.021666666666666667
0 0.14416666666666667 0.31583333333333335 0.004166666666666667 0.019166666666666665
0 0.19333333333333333 0.3333333333333333 0.011666666666666667 0.0375
0 0.26166666666666666 0.30666666666666664 0.006666666666666667 0.03166666666666667
0 0.32166666666666666 0.29 0.005833333333333334 0.025
0 0.37583333333333335 0.27666666666666667 0.005 0.0225
4 0.39666666666666667 0.2916666666666667 0.005 0.03
0 0.41583333333333333 0.2675 0.004166666666666667 0.020833333333333332
0 0.4375 0.26 0.0033333333333333335 0.019166666666666665
0 0.44583333333333336 0.25333333333333335 0.0025 0.014166666666666666
4 0.4575 0.2758333333333333 0.006666666666666667 0.025
4 0.49083333333333334 0.2675 0.005833333333333334 0.025
4 0.5033333333333333 0.2575 0.005 0.019166666666666665
4 0.5 0.24916666666666668 0.0025 0.016666666666666666
4 0.495 0.2425 0.0033333333333333335 0.014166666666666666
4 0.08333333333333333 0.31416666666666665 0.005 0.018333333333333333
4 0.11 0.3075 0.004166666666666667 0.018333333333333333
0 0.365 0.2525 0.0025 0.011666666666666667
0 0.4025 0.2425 0.0025 0.014166666666666666
0 0.33916666666666667 0.2575 0.0033333333333333335 0.011666666666666667
4 0.34833333333333333 0.25333333333333335 0.0025 0.010833333333333334
4 0.3275 0.25666666666666665 0.0025 0.013333333333333334
4 0.3075 0.26 0.0025 0.010833333333333334
4 0.25 0.27166666666666667 0.0033333333333333335 0.011666666666666667
4 0.205 0.2816666666666667 0.0033333333333333335 0.013333333333333334
4 0.1575 0.2941666666666667 0.004166666666666667 0.015833333333333335
0 0.24083333333333334 0.27666666666666667 0.0033333333333333335 0.013333333333333334
0 0.31166666666666665 0.2633333333333333 0.0025 0.011666666666666667
0 0.16416666666666666 0.29833333333333334 0.004166666666666667 0.016666666666666666
0 0.19583333333333333 0.29 0.0033333333333333335 0.014166666666666666
0 0.22083333333333333 0.2825 0.0033333333333333335 0.014166666666666666
0 0.4508333333333333 0.24666666666666667 0.0033333333333333335 0.015833333333333335
4 0.135 0.2991666666666667 0.004166666666666667 0.016666666666666666
4 0.3675 0.24916666666666668 0.0025 0.011666666666666667
4 0.3775 0.24666666666666667 0.0033333333333333335 0.010833333333333334
4 0.38333333333333336 0.245 0.0025 0.010833333333333334
4 0.3983333333333333 0.24 0.0025 0.01
4 0.38916666666666666 0.2425 0.0025 0.01
0 0.3858333333333333 0.2475 0.0025 0.01
0 0.415 0.23833333333333334 0.0016666666666666668 0.01
0 0.41333333333333333 0.23916666666666667 0.0025 0.01
0 0.41083333333333333 0.2425 0.0025 0.013333333333333334
0 0.44 0.23416666666666666 0.0025 0.011666666666666667
0 0.45166666666666666 0.23833333333333334 0.0025 0.01
0 0.4558333333333333 0.23666666666666666 0.0025 0.01
0 0.4575 0.23583333333333334 0.0025 0.008333333333333333
4 0.4633333333333333 0.23166666666666666 0.0025 0.01
4 0.4775 0.23083333333333333 0.0025 0.01
4 0.485 0.23083333333333333 0.0016666666666666668 0.01
4 0.4875 0.23083333333333333 0.0016666666666666668 0.01
4 0.49166666666666664 0.24 0.0016666666666666668 0.011666666666666667
4 0.4891666666666667 0.23416666666666666 0.0016666666666666668 0.010833333333333334
4 0.27 0.2675 0.0016666666666666668 0.013333333333333334
4 0.2875 0.26416666666666666 0.0025 0.011666666666666667
0 0.2683333333333333 0.2725 0.0025 0.014166666666666666
0 0.125 0.31083333333333335 0.0025 0.020833333333333332
0 0.1275 0.31333333333333335 0.004166666666666667 0.020833333333333332
4 0.18416666666666667 0.28583333333333333 0.004166666666666667 0.016666666666666666
0 0.065 0.2991666666666667 0.004166666666666667 0.019166666666666665
0 0.1325 0.31333333333333335 0.004166666666666667 0.018333333333333333
4 0.49 0.2375 0.0008333333333333334 0.008333333333333333
0 0.28833333333333333 0.2683333333333333 0.0016666666666666668 0.011666666666666667
4 0.060833333333333336 0.30083333333333334 0.0025 0.020833333333333332