1 0.6941666666666667 0.3775 0.021666666666666667 0.14416666666666667
1 0.6866666666666666 0.41333333333333333 0.034166666666666665 0.16333333333333333
0 0.3358333333333333 0.46 0.029166666666666667 0.10833333333333334
0 0.5033333333333333 0.3308333333333333 0.013333333333333334 0.06
0 0.535 0.29833333333333334 0.008333333333333333 0.03833333333333333
4 0.6241666666666666 0.27416666666666667 0.006666666666666667 0.03166666666666667
4 0.6866666666666666 0.315 0.015 0.0575
4 0.7725 0.26666666666666666 0.008333333333333333 0.03833333333333333
4 0.7191666666666666 0.6283333333333333 0.05583333333333333 0.1875
1 0.44083333333333335 0.35833333333333334 0.025833333333333333 0.125
1 0.4666666666666667 0.34 0.0225 0.11083333333333334
0 0.5316666666666666 0.27166666666666667 0.006666666666666667 0.03333333333333333
0 0.5191666666666667 0.26 0.008333333333333333 0.029166666666666667
0 0.54 0.24416666666666667 0.006666666666666667 0.019166666666666665
0 0.5591666666666667 0.23666666666666666 0.005 0.021666666666666667
0 0.5875 0.23333333333333334 0.005 0.024166666666666666
4 0.8475 0.2941666666666667 0.018333333333333333 0.0525
0 0.935 0.27416666666666667 0.01 0.043333333333333335
0 0.8783333333333333 0.2575 0.010833333333333334 0.03333333333333333
0 0.8666666666666667 0.24916666666666668 0.006666666666666667 0.029166666666666667
0 0.8708333333333333 0.24166666666666667 0.005833333333333334 0.02666666666666667
4 0.7558333333333334 0.2525 0.008333333333333333 0.03166666666666667
4 0.7466666666666667 0.2425 0.006666666666666667 0.029166666666666667
4 0.6625 0.2875 0.01 0.043333333333333335
4 0.6133333333333333 0.26 0.006666666666666667 0.029166666666666667
4 0.6166666666666667 0.25 0.005 0.029166666666666667
4 0.6266666666666667 0.24416666666666667 0.005 0.024166666666666666
4 0.6475 0.23833333333333334 0.005 0.024166666666666666
4 0.6666666666666666 0.23583333333333334 0.004166666666666667 0.019166666666666665
4 0.6858333333333333 0.23166666666666666 0.004166666666666667 0.020833333333333332
4 0.6975 0.22916666666666666 0.004166666666666667 0.019166666666666665
4 0.6941666666666667 0.22583333333333333 0.0033333333333333335 0.016666666666666666
4 0.855 0.22083333333333333 0.005833333333333334 0.02666666666666667
4 0.7783333333333333 0.22416666666666665 0.005 0.025
4 0.8016666666666666 0.22333333333333333 0.005833333333333334 0.02666666666666667
0 0.6316666666666667 0.22916666666666666 0.0025 0.015833333333333335
0 0.6383333333333333 0.22333333333333333 0.0025 0.016666666666666666
0 0.9116666666666666 0.23083333333333333 0.006666666666666667 0.029166666666666667
4 0.7883333333333333 0.21666666666666667 0.004166666666666667 0.015833333333333335
4 0.7575 0.21416666666666667 0.0033333333333333335 0.013333333333333334
4 0.7158333333333333 0.21416666666666667 0.0025 0.014166666666666666
4 0.6691666666666667 0.2175 0.0033333333333333335 0.014166666666666666
0 0.6158333333333333 0.2275 0.0033333333333333335 0.014166666666666666
0 0.62 0.21833333333333332 0.0025 0.011666666666666667
0 0.7516666666666667 0.21083333333333334 0.0033333333333333335 0.013333333333333334
0 0.8441666666666666 0.2125 0.0033333333333333335 0.014166666666666666
4 0.9075 0.22083333333333333 0.005 0.024166666666666666