1 0.07333333333333333 0.485 0.02 0.05416666666666667
1 0.1925 0.49 0.018333333333333333 0.04666666666666667
2 0.27416666666666667 0.5033333333333333 0.013333333333333334 0.028333333333333332
2 0.29583333333333334 0.5116666666666667 0.016666666666666666 0.03666666666666667
2 0.33416666666666667 0.4325 0.0175 0.03833333333333333
2 0.33166666666666667 0.4058333333333333 0.01 0.0325
2 0.3883333333333333 0.44083333333333335 0.016666666666666666 0.035
2 0.3925 0.5541666666666667 0.025833333333333333 0.065
0 0.4116666666666667 0.5733333333333334 0.03916666666666667 0.07833333333333334
4 0.4525 0.5916666666666667 0.0425 0.09583333333333334
4 0.49 0.6091666666666666 0.0475 0.1