0 0.4 0.4041666666666667 0.0225 0.0875
0 0.5141666666666667 0.38166666666666665 0.02 0.07833333333333334
0 0.7133333333333334 0.3925 0.024166666666666666 0.085
0 0.8983333333333333 0.42083333333333334 0.030833333333333334 0.10333333333333333
0 0.09916666666666667 0.5916666666666667 0.049166666666666664 0.16583333333333333
4 0.91 0.2475 0.005 0.02666666666666667
4 0.8491666666666666 0.24916666666666668 0.006666666666666667 0.029166666666666667
4 0.8775 0.235 0.005833333333333334 0.0225
4 0.7933333333333333 0.2425 0.005833333333333334 0.020833333333333332
4 0.7383333333333333 0.235 0.004166666666666667 0.0225
4 0.6883333333333334 0.23083333333333333 0.004166666666666667 0.019166666666666665
4 0.6608333333333334 0.22666666666666666 0.005 0.0225
4 0.68 0.22333333333333333 0.004166666666666667 0.020833333333333332
4 0.7 0.22416666666666665 0.004166666666666667 0.018333333333333333
0 0.6166666666666667 0.23 0.004166666666666667 0.020833333333333332
0 0.6466666666666666 0.22916666666666666 0.005 0.024166666666666666
0 0.6025 0.22666666666666666 0.004166666666666667 0.020833333333333332
0 0.5975 0.2275 0.0033333333333333335 0.016666666666666666
0 0.75 0.24583333333333332 0.005833333333333334 0.0225
0 0.8175 0.25166666666666665 0.0075 0.025
0 0.9083333333333333 0.26416666666666666 0.008333333333333333 0.03
0 0.6908333333333333 0.24 0.005 0.019166666666666665