2 0.195 0.8316666666666667 0.07416666666666667 0.13083333333333333
4 0.24083333333333334 0.7091666666666666 0.06333333333333334 0.125
2 0.3175 0.6658333333333334 0.05416666666666667 0.1075
2 0.37666666666666665 0.5541666666666667 0.029166666666666667 0.06583333333333333
2 0.36333333333333334 0.5075 0.018333333333333333 0.04666666666666667
2 0.5816666666666667 0.49083333333333334 0.0225 0.05
2 0.6541666666666667 0.5383333333333333 0.03166666666666667 0.06833333333333333
2 0.7208333333333333 0.63 0.05583333333333333 0.10666666666666667
2 0.8316666666666667 0.4708333333333333 0.03166666666666667 0.05
0 0.8166666666666667 0.6675 0.07333333333333333 0.12666666666666668
2 0.8841666666666667 0.805 0.1025 0.1825