0 0.23583333333333334 0.7316666666666667 0.06833333333333333 0.12833333333333333
0 0.3625 0.5616666666666666 0.025 0.055
0 0.36833333333333335 0.5083333333333333 0.016666666666666666 0.035
0 0.37833333333333335 0.4816666666666667 0.01 0.024166666666666666
4 0.8258333333333333 0.7083333333333334 0.059166666666666666 0.09583333333333334
4 0.6525 0.57 0.023333333333333334 0.04833333333333333
4 0.5708333333333333 0.5183333333333333 0.0125 0.03166666666666667
4 0.5283333333333333 0.49 0.01 0.024166666666666666
4 0.4891666666666667 0.4683333333333333 0.006666666666666667 0.015833333333333335
3 0.15 0.42083333333333334 0.005833333333333334 0.015
0 0.23333333333333334 0.43833333333333335 0.005833333333333334 0.014166666666666666
4 0.25416666666666665 0.43083333333333335 0.006666666666666667 0.01
0 0.3025 0.44166666666666665 0.005833333333333334 0.013333333333333334
0 0.34833333333333333 0.4475 0.004166666666666667 0.013333333333333334
0 0.37333333333333335 0.45416666666666666 0.0075 0.015
0 0.38416666666666666 0.4633333333333333 0.008333333333333333 0.018333333333333333
4 0.4666666666666667 0.45916666666666667 0.005833333333333334 0.011666666666666667
4 0.435 0.45166666666666666 0.005833333333333334 0.011666666666666667
4 0.31083333333333335 0.43583333333333335 0.005833333333333334 0.010833333333333334
4 0.35583333333333333 0.43833333333333335 0.005833333333333334 0.009166666666666667
4 0.3975 0.44333333333333336 0.005833333333333334 0.009166666666666667