0 0.7316666666666667 0.24 0.006666666666666667 0.024166666666666666
4 0.8375 0.23583333333333334 0.005833333333333334 0.029166666666666667
0 0.6883333333333334 0.26666666666666666 0.0075 0.03333333333333333
0 0.6725 0.2833333333333333 0.01 0.04
4 0.8483333333333334 0.2833333333333333 0.011666666666666667 0.043333333333333335
0 0.64 0.3125 0.011666666666666667 0.050833333333333335
0 0.5816666666666667 0.3433333333333333 0.015 0.0675
4 0.8433333333333334 0.3675 0.025833333333333333 0.07916666666666666
0 0.5075 0.38916666666666666 0.020833333333333332 0.08416666666666667
4 0.7933333333333333 0.4558333333333333 0.030833333333333334 0.11916666666666667
0 0.3975 0.48833333333333334 0.030833333333333334 0.1175
0 0.24083333333333334 0.6875 0.06916666666666667 0.22083333333333333
4 0.8583333333333333 0.30916666666666665 0.015 0.05416666666666667
1 0.7108333333333333 0.25083333333333335 0.008333333333333333 0.049166666666666664
1 0.8308333333333333 0.25583333333333336 0.013333333333333334 0.06
0 0.7225 0.25 0.006666666666666667 0.029166666666666667
0 0.7425 0.23833333333333334 0.005 0.024166666666666666
0 0.8175 0.22333333333333333 0.004166666666666667 0.019166666666666665
0 0.7925 0.22666666666666666 0.004166666666666667 0.018333333333333333
0 0.7716666666666666 0.2275 0.005 0.020833333333333332
0 0.7575 0.22833333333333333 0.005 0.019166666666666665
0 0.75 0.2325 0.005 0.020833333333333332
0 0.8691666666666666 0.225 0.005833333333333334 0.019166666666666665
0 0.9091666666666667 0.22583333333333333 0.005 0.021666666666666667
4 0.9258333333333333 0.235 0.005833333333333334 0.020833333333333332
4 0.875 0.23333333333333334 0.005833333333333334 0.021666666666666667