0 0.38416666666666666 0.2866666666666667 0.006666666666666667 0.025
0 0.44 0.2816666666666667 0.008333333333333333 0.024166666666666666
0 0.49416666666666664 0.2775 0.006666666666666667 0.02666666666666667
0 0.6133333333333333 0.2875 0.009166666666666667 0.03
0 0.2783333333333333 0.3075 0.01 0.035833333333333335
0 0.3333333333333333 0.2941666666666667 0.008333333333333333 0.03166666666666667
4 0.4008333333333333 0.31166666666666665 0.011666666666666667 0.04083333333333333
4 0.4325 0.305 0.01 0.03833333333333333
4 0.4741666666666667 0.3016666666666667 0.01 0.035833333333333335
4 0.515 0.3025 0.008333333333333333 0.03833333333333333
4 0.5666666666666667 0.31166666666666665 0.010833333333333334 0.04083333333333333
0 0.69 0.2975 0.009166666666666667 0.035
4 0.6325 0.3233333333333333 0.0125 0.04833333333333333
0 0.835 0.32083333333333336 0.0125 0.043333333333333335
0 0.21166666666666667 0.34 0.013333333333333334 0.04583333333333333
4 0.38166666666666665 0.33666666666666667 0.013333333333333334 0.04833333333333333
4 0.4066666666666667 0.3525 0.014166666666666666 0.05416666666666667
4 0.7775 0.3525 0.020833333333333332 0.0625
0 0.1725 0.37916666666666665 0.014166666666666666 0.056666666666666664
4 0.5008333333333334 0.39166666666666666 0.021666666666666667 0.08166666666666667
4 0.6108333333333333 0.445 0.030833333333333334 0.11083333333333334
0 0.15583333333333332 0.6133333333333333 0.058333333333333334 0.17333333333333334
4 0.8275 0.6166666666666667 0.065 0.19916666666666666
0 0.18166666666666667 0.435 0.025833333333333333 0.08166666666666667
4 0.375 0.3225 0.0075 0.04083333333333333
3 0.08083333333333333 0.3416666666666667 0.016666666666666666 0.0575
3 0.13166666666666665 0.2791666666666667 0.005833333333333334 0.02666666666666667
3 0.12583333333333332 0.2875 0.005833333333333334 0.0275
3 0.12 0.295 0.0075 0.0325
3 0.11083333333333334 0.305 0.009166666666666667 0.04
3 0.0975 0.32 0.011666666666666667 0.04666666666666667
3 0.6291666666666667 0.2875 0.0125 0.024166666666666666