4 0.45 0.2608333333333333 0.006666666666666667 0.024166666666666666
4 0.47 0.2633333333333333 0.006666666666666667 0.02666666666666667
4 0.49916666666666665 0.26666666666666666 0.006666666666666667 0.02666666666666667
4 0.5333333333333333 0.2683333333333333 0.0075 0.03
4 0.7233333333333334 0.2683333333333333 0.0075 0.035833333333333335
4 0.7358333333333333 0.26416666666666666 0.0075 0.029166666666666667
4 0.57 0.2916666666666667 0.01 0.035833333333333335
4 0.7291666666666666 0.2816666666666667 0.010833333333333334 0.0375
0 0.8458333333333333 0.285 0.009166666666666667 0.03333333333333333
0 0.8533333333333334 0.27666666666666667 0.0075 0.029166666666666667
4 0.7591666666666667 0.3 0.014166666666666666 0.04666666666666667
0 0.8883333333333333 0.3016666666666667 0.013333333333333334 0.04083333333333333
4 0.5958333333333333 0.32416666666666666 0.014166666666666666 0.056666666666666664
4 0.8758333333333334 0.33166666666666667 0.020833333333333332 0.0625
0 0.36916666666666664 0.3908333333333333 0.02 0.07583333333333334
4 0.6433333333333333 0.3933333333333333 0.025 0.0875
1 0.30333333333333334 0.43666666666666665 0.041666666666666664 0.16666666666666666
1 0.2683333333333333 0.4791666666666667 0.05583333333333333 0.20166666666666666
4 0.8775 0.685 0.0825 0.23083333333333333
0 0.13166666666666665 0.7083333333333334 0.06583333333333333 0.22833333333333333
0 0.41583333333333333 0.32416666666666666 0.011666666666666667 0.051666666666666666
0 0.43083333333333335 0.29 0.0075 0.035
0 0.39 0.2791666666666667 0.006666666666666667 0.029166666666666667
0 0.3641666666666667 0.27166666666666667 0.006666666666666667 0.02666666666666667
0 0.35083333333333333 0.2675 0.005833333333333334 0.025
1 0.7266666666666667 0.44083333333333335 0.050833333333333335 0.1925
1 0.6958333333333333 0.415 0.035 0.16833333333333333
4 0.43083333333333335 0.2575 0.005833333333333334 0.0225
0 0.38666666666666666 0.25166666666666665 0.004166666666666667 0.018333333333333333
0 0.39666666666666667 0.24833333333333332 0.0033333333333333335 0.018333333333333333
0 0.4066666666666667 0.245 0.0033333333333333335 0.016666666666666666
0 0.41583333333333333 0.2425 0.0033333333333333335 0.015833333333333335
4 0.4275 0.25416666666666665 0.004166666666666667 0.020833333333333332
4 0.43333333333333335 0.25083333333333335 0.004166666666666667 0.019166666666666665
4 0.4425 0.24666666666666667 0.004166666666666667 0.019166666666666665
4 0.44916666666666666 0.24416666666666667 0.004166666666666667 0.016666666666666666
4 0.46416666666666667 0.24 0.0025 0.016666666666666666
4 0.49583333333333335 0.23833333333333334 0.0033333333333333335 0.015833333333333335
4 0.515 0.2375 0.0033333333333333335 0.015833333333333335
4 0.5375 0.23416666666666666 0.004166666666666667 0.014166666666666666
4 0.5558333333333333 0.23333333333333334 0.004166666666666667 0.014166666666666666
0 0.8158333333333333 0.26166666666666666 0.005833333333333334 0.0225
4 0.7525 0.26 0.006666666666666667 0.03166666666666667
0 0.7633333333333333 0.25083333333333335 0.005 0.020833333333333332
4 0.6725 0.24 0.004166666666666667 0.016666666666666666
0 0.7191666666666666 0.24416666666666667 0.004166666666666667 0.014166666666666666
0 0.45666666666666667 0.2375 0.004166666666666667 0.013333333333333334
0 0.4725 0.23583333333333334 0.0033333333333333335 0.013333333333333334
0 0.4891666666666667 0.235 0.0033333333333333335 0.013333333333333334
0 0.5066666666666667 0.23333333333333334 0.004166666666666667 0.014166666666666666
4 0.6541666666666667 0.23666666666666666 0.004166666666666667 0.016666666666666666
0 0.6758333333333333 0.235 0.0033333333333333335 0.015833333333333335
0 0.37583333333333335 0.25666666666666665 0.005 0.018333333333333333
0 0.36083333333333334 0.26166666666666666 0.005 0.019166666666666665