0 0.6908333333333333 0.30666666666666664 0.01 0.04583333333333333
0 0.7741666666666667 0.29833333333333334 0.010833333333333334 0.04583333333333333
0 0.8133333333333334 0.2966666666666667 0.0125 0.04583333333333333
0 0.8683333333333333 0.29833333333333334 0.013333333333333334 0.04666666666666667
0 0.9241666666666667 0.30083333333333334 0.013333333333333334 0.04666666666666667
0 0.6225 0.3225 0.0125 0.05416666666666667
0 0.5625 0.3491666666666667 0.013333333333333334 0.06333333333333334
4 0.9191666666666667 0.3983333333333333 0.0275 0.0925
0 0.4425 0.4275 0.023333333333333334 0.09583333333333334
4 0.8208333333333333 0.43 0.03 0.10583333333333333
0 0.33166666666666667 0.5158333333333334 0.0375 0.13583333333333333
4 0.7858333333333334 0.5658333333333333 0.043333333333333335 0.17583333333333334