0 0.10166666666666667 0.71 0.075 0.21666666666666667
4 0.65 0.45416666666666666 0.025833333333333333 0.10833333333333334
4 0.49083333333333334 0.37416666666666665 0.018333333333333333 0.07
4 0.35333333333333333 0.36333333333333334 0.014166666666666666 0.0575
4 0.22833333333333333 0.36083333333333334 0.016666666666666666 0.0575
4 0.17083333333333334 0.3425 0.013333333333333334 0.04583333333333333
4 0.1775 0.32 0.01 0.03333333333333333
4 0.195 0.3016666666666667 0.009166666666666667 0.029166666666666667
4 0.20166666666666666 0.2966666666666667 0.006666666666666667 0.024166666666666666
4 0.19166666666666668 0.28583333333333333 0.005 0.024166666666666666
4 0.16 0.29 0.006666666666666667 0.021666666666666667
4 0.13333333333333333 0.29083333333333333 0.006666666666666667 0.024166666666666666
4 0.09916666666666667 0.29333333333333333 0.006666666666666667 0.024166666666666666
4 0.06333333333333334 0.295 0.006666666666666667 0.025