4 0.5758333333333333 0.525 0.03833333333333333 0.14333333333333334
4 0.3983333333333333 0.43666666666666665 0.025833333333333333 0.09583333333333334
4 0.30416666666666664 0.39666666666666667 0.019166666666666665 0.0725
4 0.2658333333333333 0.3675 0.016666666666666666 0.0525
4 0.2991666666666667 0.33416666666666667 0.013333333333333334 0.043333333333333335
4 0.34833333333333333 0.32 0.009166666666666667 0.03833333333333333
4 0.38083333333333336 0.3075 0.0075 0.029166666666666667
4 0.4058333333333333 0.29583333333333334 0.006666666666666667 0.029166666666666667
4 0.42333333333333334 0.28833333333333333 0.005833333333333334 0.029166666666666667
4 0.435 0.285 0.005833333333333334 0.021666666666666667
4 0.44083333333333335 0.2816666666666667 0.005 0.024166666666666666
0 0.14333333333333334 0.35333333333333333 0.015 0.04833333333333333
4 0.21583333333333332 0.32666666666666666 0.011666666666666667 0.03833333333333333
0 0.27 0.3125 0.008333333333333333 0.03333333333333333
0 0.3075 0.30083333333333334 0.006666666666666667 0.029166666666666667
0 0.33166666666666667 0.2941666666666667 0.006666666666666667 0.02666666666666667
0 0.35 0.28583333333333333 0.005 0.024166666666666666
4 0.3566666666666667 0.27166666666666667 0.004166666666666667 0.014166666666666666
0 0.3433333333333333 0.2833333333333333 0.005 0.021666666666666667
0 0.325 0.2816666666666667 0.005 0.019166666666666665
4 0.4166666666666667 0.27666666666666667 0.005 0.019166666666666665
4 0.3908333333333333 0.27416666666666667 0.005 0.019166666666666665
4 0.37333333333333335 0.2725 0.0033333333333333335 0.016666666666666666
0 0.3775 0.26166666666666666 0.0033333333333333335 0.014166666666666666
4 0.2791666666666667 0.2725 0.0033333333333333335 0.016666666666666666
0 0.2708333333333333 0.28 0.005 0.019166666666666665
4 0.43416666666666665 0.275 0.005 0.020833333333333332