4 0.27666666666666667 0.25833333333333336 0.005 0.024166666666666666
4 0.29833333333333334 0.26 0.005 0.024166666666666666
0 0.9216666666666666 0.25833333333333336 0.005833333333333334 0.019166666666666665
0 0.5908333333333333 0.29 0.009166666666666667 0.03333333333333333
0 0.6125 0.2816666666666667 0.0075 0.029166666666666667
0 0.6533333333333333 0.2775 0.005833333333333334 0.03166666666666667
0 0.7066666666666667 0.27166666666666667 0.01 0.029166666666666667
0 0.7491666666666666 0.27166666666666667 0.009166666666666667 0.03166666666666667
0 0.8516666666666667 0.27166666666666667 0.01 0.03333333333333333
0 0.5625 0.31 0.01 0.03833333333333333
4 0.7533333333333333 0.30083333333333334 0.013333333333333334 0.04
4 0.8008333333333333 0.30083333333333334 0.010833333333333334 0.04583333333333333
4 0.8633333333333333 0.305 0.014166666666666666 0.0575
4 0.935 0.30416666666666664 0.01 0.035833333333333335
0 0.525 0.3308333333333333 0.016666666666666666 0.050833333333333335
4 0.715 0.315 0.0125 0.04583333333333333
4 0.7033333333333334 0.33666666666666667 0.015833333333333335 0.0525
0 0.4683333333333333 0.37 0.018333333333333333 0.065
4 0.6866666666666666 0.3958333333333333 0.025833333333333333 0.08166666666666667
0 0.35833333333333334 0.4475 0.03 0.09583333333333334
4 0.6725 0.44583333333333336 0.034166666666666665 0.10583333333333333
4 0.7366666666666667 0.6241666666666666 0.06 0.19333333333333333
0 0.08833333333333333 0.6775 0.0575 0.20166666666666666
0 0.6858333333333333 0.27416666666666667 0.008333333333333333 0.029166666666666667
0 0.7958333333333333 0.2725 0.008333333333333333 0.03166666666666667
0 0.9066666666666666 0.27416666666666667 0.01 0.03166666666666667
3 0.8016666666666666 0.3641666666666667 0.025 0.09333333333333334
3 0.7666666666666667 0.3225 0.018333333333333333 0.06583333333333333
3 0.8783333333333333 0.2475 0.01 0.035833333333333335
3 0.86 0.2475 0.008333333333333333 0.029166666666666667
3 0.8425 0.24416666666666667 0.0075 0.024166666666666666
3 0.8266666666666667 0.23833333333333334 0.0075 0.020833333333333332
3 0.8166666666666667 0.23416666666666666 0.005833333333333334 0.021666666666666667
3 0.8075 0.2325 0.005833333333333334 0.0225
3 0.7991666666666667 0.23 0.005 0.020833333333333332
3 0.7658333333333334 0.245 0.005833333333333334 0.03
3 0.7691666666666667 0.24 0.005 0.02666666666666667
3 0.7625 0.2375 0.005 0.020833333333333332
3 0.7575 0.23333333333333334 0.0033333333333333335 0.019166666666666665
3 0.7525 0.23 0.0033333333333333335 0.018333333333333333
3 0.7916666666666666 0.22833333333333333 0.0033333333333333335 0.016666666666666666
3 0.7841666666666667 0.22666666666666666 0.0033333333333333335 0.018333333333333333
3 0.78 0.225 0.0033333333333333335 0.016666666666666666
3 0.7491666666666666 0.2275 0.0025 0.015833333333333335
3 0.7766666666666666 0.2225 0.0033333333333333335 0.014166666666666666
3 0.7733333333333333 0.2225 0.0025 0.014166666666666666
3 0.7691666666666667 0.22166666666666668 0.0025 0.015833333333333335
3 0.7658333333333334 0.22083333333333333 0.0025 0.010833333333333334
3 0.6558333333333334 0.26 0.005833333333333334 0.0325
3 0.7025 0.255 0.006666666666666667 0.03166666666666667
0 0.8983333333333333 0.2525 0.004166666666666667 0.016666666666666666
0 0.895 0.24583333333333332 0.0033333333333333335 0.015833333333333335
0 0.9208333333333333 0.24166666666666667 0.005 0.011666666666666667
0 0.42333333333333334 0.2475 0.005833333333333334 0.021666666666666667
4 0.4116666666666667 0.245 0.005833333333333334 0.018333333333333333
4 0.3725 0.23416666666666666 0.005833333333333334 0.020833333333333332
2 0.36083333333333334 0.23916666666666667 0.005833333333333334 0.021666666666666667
2 0.3491666666666667 0.23416666666666666 0.004166666666666667 0.015833333333333335
2 0.33916666666666667 0.23666666666666666 0.005 0.016666666666666666
4 0.29833333333333334 0.2 0.004166666666666667 0.015833333333333335