2 0.33416666666666667 0.5291666666666667 0.005833333333333334 0.010833333333333334
0 0.16083333333333333 0.5358333333333334 0.0125 0.02666666666666667
2 0.34 0.5325 0.005 0.011666666666666667
2 0.3433333333333333 0.5358333333333334 0.005833333333333334 0.016666666666666666
2 0.4241666666666667 0.5325 0.005833333333333334 0.01
2 0.44333333333333336 0.5358333333333334 0.005833333333333334 0.013333333333333334
4 0.18916666666666668 0.5508333333333333 0.021666666666666667 0.035
2 0.35 0.5441666666666667 0.01 0.025
2 0.4775 0.5425 0.008333333333333333 0.016666666666666666
0 0.36 0.55 0.014166666666666666 0.0275
2 0.5191666666666667 0.55 0.011666666666666667 0.0225
4 0.5791666666666667 0.5566666666666666 0.014166666666666666 0.02666666666666667
4 0.3175 0.5683333333333334 0.029166666666666667 0.04833333333333333
0 0.7025 0.5758333333333333 0.021666666666666667 0.043333333333333335
2 0.39666666666666667 0.59 0.021666666666666667 0.0625
4 0.39666666666666667 0.5983333333333334 0.021666666666666667 0.06833333333333333
2 0.4083333333333333 0.6058333333333333 0.03833333333333333 0.0775
2 0.7783333333333333 0.5983333333333334 0.030833333333333334 0.056666666666666664
0 0.8091666666666667 0.605 0.03666666666666667 0.06
2 0.8475 0.6116666666666667 0.043333333333333335 0.0675
4 0.2925 0.705 0.1 0.17583333333333334