0 0.185 0.3466666666666667 0.010833333333333334 0.016666666666666666
0 0.235 0.3525 0.0125 0.02
2 0.3 0.375 0.018333333333333333 0.028333333333333332
2 0.5491666666666667 0.3641666666666667 0.0175 0.028333333333333332
0 0.21416666666666667 0.3641666666666667 0.016666666666666666 0.024166666666666666
3 0.6475 0.37833333333333335 0.020833333333333332 0.034166666666666665
2 0.31916666666666665 0.3958333333333333 0.0225 0.03833333333333333
4 0.355 0.44 0.041666666666666664 0.06
4 0.8583333333333333 0.5741666666666667 0.09 0.12333333333333334
0 0.08333333333333333 0.3458333333333333 0.005 0.015
4 0.08333333333333333 0.3625 0.005 0.010833333333333334