0 0.905 0.38 0.005833333333333334 0.009166666666666667
0 0.7908333333333334 0.3933333333333333 0.006666666666666667 0.014166666666666666
0 0.6966666666666667 0.4041666666666667 0.009166666666666667 0.015833333333333335
0 0.6283333333333333 0.4116666666666667 0.009166666666666667 0.019166666666666665
4 0.8341666666666666 0.405 0.010833333333333334 0.0175
4 0.785 0.41333333333333333 0.013333333333333334 0.021666666666666667
1 0.3425 0.43416666666666665 0.025833333333333333 0.050833333333333335
1 0.41 0.4275 0.025 0.0475
1 0.57 0.44083333333333335 0.030833333333333334 0.059166666666666666
0 0.545 0.4225 0.0125 0.0225
1 0.62 0.43416666666666665 0.025833333333333333 0.05333333333333334
4 0.7191666666666666 0.425 0.015833333333333335 0.0275
0 0.755 0.3983333333333333 0.008333333333333333 0.015
0 0.8266666666666667 0.39 0.006666666666666667 0.0125
0 0.8475 0.3875 0.006666666666666667 0.0125
0 0.8675 0.38416666666666666 0.006666666666666667 0.010833333333333334
4 0.8741666666666666 0.39916666666666667 0.009166666666666667 0.016666666666666666
0 0.8875 0.38166666666666665 0.006666666666666667 0.010833333333333334
4 0.9016666666666666 0.395 0.0075 0.015