4 0.11416666666666667 0.5441666666666667 0.006666666666666667 0.0225
4 0.25166666666666665 0.5458333333333333 0.006666666666666667 0.016666666666666666
2 0.17333333333333334 0.5616666666666666 0.0175 0.035
4 0.19416666666666665 0.5641666666666667 0.018333333333333333 0.035
0 0.25416666666666665 0.5575 0.010833333333333334 0.024166666666666666
2 0.2175 0.5666666666666667 0.020833333333333332 0.03833333333333333
2 0.33 0.5675 0.0125 0.02666666666666667
0 0.3491666666666667 0.5683333333333334 0.0125 0.0275
2 0.37 0.5708333333333333 0.011666666666666667 0.029166666666666667
4 0.32666666666666666 0.5808333333333333 0.0225 0.043333333333333335
0 0.5241666666666667 0.5825 0.015 0.03
4 0.43083333333333335 0.605 0.023333333333333334 0.0625
4 0.8141666666666667 0.6116666666666667 0.019166666666666665 0.04
0 0.78 0.6225 0.03 0.05583333333333333
4 0.4075 0.6608333333333334 0.07666666666666666 0.12916666666666668