2 0.12583333333333332 0.5183333333333333 0.0075 0.013333333333333334
2 0.20666666666666667 0.5191666666666667 0.005 0.01
2 0.1475 0.5233333333333333 0.008333333333333333 0.018333333333333333
2 0.235 0.5225 0.006666666666666667 0.011666666666666667
2 0.17833333333333334 0.5316666666666666 0.011666666666666667 0.021666666666666667
2 0.2816666666666667 0.53 0.008333333333333333 0.016666666666666666
0 0.20416666666666666 0.5375 0.0125 0.024166666666666666
2 0.33666666666666667 0.5366666666666666 0.010833333333333334 0.020833333333333332
4 0.22166666666666668 0.5516666666666666 0.020833333333333332 0.03833333333333333
4 0.3975 0.5425 0.011666666666666667 0.0225
2 0.33166666666666667 0.5666666666666667 0.018333333333333333 0.04583333333333333
0 0.5141666666666667 0.5575 0.014166666666666666 0.03
4 0.3466666666666667 0.5691666666666667 0.02 0.049166666666666664
2 0.36583333333333334 0.5741666666666667 0.024166666666666666 0.051666666666666666
2 0.5791666666666667 0.5691666666666667 0.019166666666666665 0.0375
0 0.6008333333333333 0.5725 0.019166666666666665 0.03833333333333333
2 0.6258333333333334 0.5758333333333333 0.024166666666666666 0.04083333333333333
4 0.42 0.6075 0.0475 0.07916666666666666
0 0.8666666666666667 0.6033333333333334 0.028333333333333332 0.05416666666666667
4 0.24416666666666667 0.7333333333333333 0.11833333333333333 0.195