0 0.19916666666666666 0.5541666666666667 0.010833333333333334 0.024166666666666666
4 0.26166666666666666 0.56 0.015833333333333335 0.03
0 0.385 0.5591666666666667 0.008333333333333333 0.021666666666666667
4 0.39416666666666667 0.5641666666666667 0.019166666666666665 0.035
4 0.6266666666666667 0.5566666666666666 0.009166666666666667 0.019166666666666665
0 0.5708333333333333 0.5641666666666667 0.01 0.029166666666666667
2 0.6083333333333333 0.5566666666666666 0.009166666666666667 0.016666666666666666
0 0.675 0.5575 0.008333333333333333 0.019166666666666665
4 0.5033333333333333 0.5725 0.029166666666666667 0.04666666666666667
0 0.7808333333333334 0.5783333333333334 0.020833333333333332 0.043333333333333335
4 0.5675 0.6116666666666667 0.04416666666666667 0.07916666666666666
4 0.29083333333333333 0.7391666666666666 0.06916666666666667 0.18166666666666667