2 0.16166666666666665 0.52 0.005833333333333334 0.010833333333333334
2 0.17416666666666666 0.5225 0.005833333333333334 0.013333333333333334
2 0.25583333333333336 0.5225 0.006666666666666667 0.010833333333333334
2 0.1925 0.5275 0.008333333333333333 0.018333333333333333
2 0.2816666666666667 0.525 0.006666666666666667 0.014166666666666666
2 0.2175 0.5333333333333333 0.011666666666666667 0.0225
2 0.32416666666666666 0.5308333333333334 0.01 0.015833333333333335
0 0.23833333333333334 0.5391666666666667 0.01 0.025
2 0.37583333333333335 0.5383333333333333 0.011666666666666667 0.020833333333333332
4 0.435 0.5425 0.0125 0.024166666666666666
4 0.24583333333333332 0.5533333333333333 0.020833333333333332 0.04
0 0.55 0.5558333333333333 0.016666666666666666 0.0325
2 0.35 0.5666666666666667 0.0175 0.04666666666666667
4 0.36083333333333334 0.5708333333333333 0.018333333333333333 0.050833333333333335
2 0.38 0.575 0.02666666666666667 0.05416666666666667
2 0.6133333333333333 0.5683333333333334 0.021666666666666667 0.0425
0 0.6366666666666667 0.5708333333333333 0.023333333333333334 0.043333333333333335
2 0.6616666666666666 0.575 0.024166666666666666 0.04666666666666667
4 0.41583333333333333 0.6116666666666667 0.0525 0.08666666666666667