0 0.715 0.3283333333333333 0.005833333333333334 0.010833333333333334
0 0.8125 0.3283333333333333 0.005 0.01
0 0.6058333333333333 0.33 0.005 0.010833333333333334
4 0.8975 0.3325 0.0075 0.013333333333333334
4 0.7875 0.33166666666666667 0.006666666666666667 0.0125
0 0.5308333333333334 0.3325 0.006666666666666667 0.0125
4 0.6875 0.33416666666666667 0.006666666666666667 0.013333333333333334
0 0.4633333333333333 0.3358333333333333 0.008333333333333333 0.015
4 0.6083333333333333 0.3375 0.008333333333333333 0.015
0 0.42083333333333334 0.3408333333333333 0.009166666666666667 0.015833333333333335
4 0.58 0.3416666666666667 0.008333333333333333 0.015833333333333335
0 0.4025 0.34833333333333333 0.010833333333333334 0.019166666666666665
4 0.5883333333333334 0.3491666666666667 0.010833333333333334 0.02
0 0.38 0.36083333333333334 0.014166666666666666 0.025
4 0.605 0.3616666666666667 0.014166666666666666 0.024166666666666666
4 0.6408333333333334 0.38083333333333336 0.019166666666666665 0.034166666666666665
0 0.34 0.38083333333333336 0.018333333333333333 0.030833333333333334
0 0.26916666666666667 0.4166666666666667 0.0275 0.04666666666666667
4 0.725 0.42583333333333334 0.03333333333333333 0.050833333333333335
0 0.11083333333333334 0.5058333333333334 0.056666666666666664 0.08416666666666667
4 0.8925 0.5266666666666666 0.0525 0.095