2 0.4266666666666667 0.425 0.013333333333333334 0.024166666666666666
2 0.5758333333333333 0.4325 0.016666666666666666 0.029166666666666667
2 0.2525 0.43916666666666665 0.016666666666666666 0.028333333333333332
2 0.6575 0.4708333333333333 0.030833333333333334 0.04416666666666667
2 0.845 0.44666666666666666 0.0125 0.0325
2 0.4058333333333333 0.45 0.024166666666666666 0.034166666666666665
2 0.31166666666666665 0.4216666666666667 0.0125 0.019166666666666665
2 0.22 0.41583333333333333 0.008333333333333333 0.0175
2 0.1525 0.43166666666666664 0.013333333333333334 0.0225
2 0.14166666666666666 0.4125 0.009166666666666667 0.016666666666666666
2 0.8291666666666667 0.44666666666666666 0.0275 0.04666666666666667