0 0.275 0.5383333333333333 0.008333333333333333 0.016666666666666666
2 0.2075 0.54 0.0075 0.014166666666666666
4 0.23416666666666666 0.5525 0.02 0.0375
0 0.22416666666666665 0.5466666666666666 0.010833333333333334 0.024166666666666666
0 0.415 0.5508333333333333 0.013333333333333334 0.029166666666666667
2 0.6541666666666667 0.5533333333333333 0.010833333333333334 0.024166666666666666
2 0.7816666666666666 0.5491666666666667 0.005833333333333334 0.013333333333333334
2 0.7983333333333333 0.5533333333333333 0.008333333333333333 0.015833333333333335
2 0.6283333333333333 0.5641666666666667 0.014166666666666666 0.03333333333333333
4 0.35333333333333333 0.5716666666666667 0.029166666666666667 0.049166666666666664
0 0.6158333333333333 0.5725 0.019166666666666665 0.0425
2 0.8325 0.5641666666666667 0.011666666666666667 0.024166666666666666
2 0.8791666666666667 0.5791666666666667 0.02 0.035833333333333335
4 0.4141666666666667 0.6125 0.04833333333333333 0.08583333333333333
2 0.29833333333333334 0.7166666666666667 0.1125 0.19
4 0.16916666666666666 0.7383333333333333 0.08833333333333333 0.18583333333333332
4 0.22916666666666666 0.54 0.005 0.015833333333333335
2 0.6675 0.5483333333333333 0.008333333333333333 0.016666666666666666
2 0.6741666666666667 0.5441666666666667 0.005 0.014166666666666666