4 0.5241666666666667 0.3566666666666667 0.0125 0.020833333333333332
0 0.3275 0.3491666666666667 0.010833333333333334 0.016666666666666666
4 0.5825 0.3466666666666667 0.010833333333333334 0.015833333333333335
4 0.8508333333333333 0.3458333333333333 0.01 0.015833333333333335
0 0.3075 0.3566666666666667 0.0125 0.020833333333333332
0 0.4325 0.3825 0.019166666666666665 0.030833333333333334
4 0.6083333333333333 0.365 0.015 0.023333333333333334
0 0.3525 0.36666666666666664 0.015833333333333335 0.024166666666666666
4 0.9016666666666666 0.4025 0.025833333333333333 0.04
0 0.4683333333333333 0.4125 0.029166666666666667 0.0425
0 0.3433333333333333 0.4766666666666667 0.041666666666666664 0.07
0 0.7516666666666667 0.3408333333333333 0.008333333333333333 0.013333333333333334
4 0.74 0.38 0.020833333333333332 0.029166666666666667
4 0.7166666666666667 0.3458333333333333 0.01 0.015833333333333335
0 0.8633333333333333 0.34 0.008333333333333333 0.015
0 0.6308333333333334 0.34 0.0075 0.013333333333333334
0 0.5058333333333334 0.3416666666666667 0.008333333333333333 0.014166666666666666
4 0.5158333333333334 0.35083333333333333 0.008333333333333333 0.018333333333333333
0 0.40166666666666667 0.3441666666666667 0.0075 0.015