2 0.1175 0.5558333333333333 0.0125 0.03333333333333333
2 0.19833333333333333 0.5533333333333333 0.0125 0.025
0 0.21916666666666668 0.5558333333333333 0.013333333333333334 0.02666666666666667
4 0.24166666666666667 0.565 0.019166666666666665 0.03833333333333333
0 0.38916666666666666 0.5666666666666667 0.013333333333333334 0.024166666666666666
4 0.36583333333333334 0.5783333333333334 0.025833333333333333 0.04833333333333333
4 0.43916666666666665 0.6016666666666667 0.043333333333333335 0.07833333333333334
4 0.6316666666666667 0.5816666666666667 0.013333333333333334 0.03
0 0.6166666666666667 0.5883333333333334 0.020833333333333332 0.03833333333333333
2 0.8166666666666667 0.5933333333333334 0.014166666666666666 0.0275
2 0.8366666666666667 0.6033333333333334 0.021666666666666667 0.04
4 0.265 0.7291666666666666 0.125 0.2025