4 0.1725 0.48833333333333334 0.010833333333333334 0.021666666666666667
4 0.21333333333333335 0.48833333333333334 0.010833333333333334 0.021666666666666667
4 0.2675 0.4891666666666667 0.01 0.021666666666666667
4 0.325 0.49166666666666664 0.0125 0.024166666666666666
4 0.37 0.49666666666666665 0.0125 0.02666666666666667
4 0.39916666666666667 0.5008333333333334 0.014166666666666666 0.029166666666666667
4 0.4508333333333333 0.5108333333333334 0.0175 0.03333333333333333
4 0.48583333333333334 0.5183333333333333 0.018333333333333333 0.035
4 0.5033333333333333 0.5291666666666667 0.023333333333333334 0.04
0 0.11666666666666667 0.53 0.01 0.03833333333333333
0 0.12416666666666666 0.5508333333333333 0.025 0.04833333333333333
4 0.5958333333333333 0.5791666666666667 0.035833333333333335 0.06666666666666667
4 0.7525 0.6783333333333333 0.06833333333333333 0.11583333333333333
4 0.13666666666666666 0.48833333333333334 0.011666666666666667 0.021666666666666667