0 0.87 0.37833333333333335 0.006666666666666667 0.01
0 0.7691666666666667 0.38 0.005833333333333334 0.01
4 0.8133333333333334 0.3825 0.008333333333333333 0.011666666666666667
0 0.6658333333333334 0.3825 0.004166666666666667 0.01
4 0.7041666666666667 0.38416666666666666 0.0075 0.011666666666666667
0 0.5808333333333333 0.385 0.005833333333333334 0.01
4 0.6425 0.3875 0.008333333333333333 0.013333333333333334
0 0.52 0.3883333333333333 0.005833333333333334 0.010833333333333334
4 0.6316666666666667 0.3908333333333333 0.008333333333333333 0.013333333333333334
0 0.49333333333333335 0.3925 0.006666666666666667 0.013333333333333334
4 0.6633333333333333 0.39416666666666667 0.008333333333333333 0.015
0 0.505 0.39666666666666667 0.0075 0.015
4 0.7025 0.3983333333333333 0.008333333333333333 0.0175
0 0.5233333333333333 0.40166666666666667 0.010833333333333334 0.0175
4 0.735 0.4058333333333333 0.014166666666666666 0.021666666666666667
0 0.49916666666666665 0.41 0.0125 0.019166666666666665
4 0.7066666666666667 0.4175 0.015 0.025
0 0.4 0.4216666666666667 0.015 0.023333333333333334
4 0.5883333333333334 0.43583333333333335 0.021666666666666667 0.03166666666666667
0 0.2225 0.4375 0.020833333333333332 0.028333333333333332
4 0.42 0.47583333333333333 0.03 0.04833333333333333
4 0.4675 0.555 0.0575 0.08416666666666667