2 0.1325 0.5358333333333334 0.008333333333333333 0.015833333333333335
2 0.20416666666666666 0.5441666666666667 0.009166666666666667 0.019166666666666665
4 0.14583333333333334 0.5575 0.018333333333333333 0.035
4 0.27 0.5516666666666666 0.006666666666666667 0.019166666666666665
2 0.27166666666666667 0.5716666666666667 0.019166666666666665 0.0375
4 0.2891666666666667 0.575 0.021666666666666667 0.04083333333333333
0 0.395 0.5683333333333334 0.01 0.025
2 0.31083333333333335 0.5783333333333334 0.0225 0.04083333333333333
2 0.4633333333333333 0.5791666666666667 0.015833333333333335 0.03
0 0.48333333333333334 0.5816666666666667 0.016666666666666666 0.0325
2 0.5058333333333334 0.585 0.0175 0.0325
4 0.4008333333333333 0.6016666666666667 0.03166666666666667 0.056666666666666664
0 0.6875 0.6058333333333333 0.019166666666666665 0.04
4 0.445 0.6533333333333333 0.0475 0.1