2 0.17333333333333334 0.5383333333333333 0.0075 0.015833333333333335
0 0.11666666666666667 0.5458333333333333 0.011666666666666667 0.024166666666666666
2 0.24 0.5475 0.010833333333333334 0.020833333333333332
4 0.30583333333333335 0.5533333333333333 0.0075 0.0225
4 0.16166666666666665 0.5608333333333333 0.018333333333333333 0.0375
2 0.2816666666666667 0.5758333333333333 0.018333333333333333 0.04083333333333333
0 0.4241666666666667 0.5708333333333333 0.014166666666666666 0.02666666666666667
4 0.2991666666666667 0.5791666666666667 0.021666666666666667 0.04083333333333333
2 0.32 0.5833333333333334 0.024166666666666666 0.04583333333333333
2 0.48833333333333334 0.5816666666666667 0.016666666666666666 0.03333333333333333
0 0.5083333333333333 0.5858333333333333 0.015833333333333335 0.03333333333333333
2 0.5308333333333334 0.5883333333333334 0.018333333333333333 0.035
4 0.3983333333333333 0.6091666666666666 0.035833333333333335 0.06166666666666667
0 0.7233333333333334 0.6125 0.02 0.0425
4 0.395 0.6775 0.06 0.1225