0 0.14416666666666667 0.5616666666666666 0.013333333333333334 0.024166666666666666
4 0.1875 0.5666666666666667 0.018333333333333333 0.035
0 0.3408333333333333 0.5641666666666667 0.013333333333333334 0.02666666666666667
2 0.595 0.56 0.009166666666666667 0.018333333333333333
0 0.6658333333333334 0.5608333333333333 0.01 0.020833333333333332
4 0.6141666666666666 0.56 0.01 0.019166666666666665
4 0.3225 0.5725 0.025 0.0425
0 0.5333333333333333 0.5691666666666667 0.015 0.0325
4 0.4166666666666667 0.5825 0.024166666666666666 0.056666666666666664
0 0.7608333333333334 0.5866666666666667 0.025833333333333333 0.050833333333333335
4 0.4266666666666667 0.6441666666666667 0.056666666666666664 0.11583333333333333