3 0.2225 0.4275 0.0125 0.020833333333333332
4 0.6166666666666667 0.4041666666666667 0.006666666666666667 0.0125
0 0.595 0.4125 0.008333333333333333 0.015833333333333335
1 0.91 0.42333333333333334 0.014166666666666666 0.0375
0 0.675 0.42333333333333334 0.0125 0.02
2 0.12583333333333332 0.4375 0.015 0.025
2 0.33666666666666667 0.44 0.015833333333333335 0.025
0 0.5258333333333334 0.44166666666666665 0.016666666666666666 0.0275
4 0.6691666666666667 0.45416666666666666 0.02 0.034166666666666665
0 0.29583333333333334 0.46 0.021666666666666667 0.03333333333333333
4 0.505 0.4725 0.025 0.04083333333333333
4 0.3625 0.5091666666666667 0.03833333333333333 0.0575
4 0.2808333333333333 0.6041666666666666 0.0675 0.0975
2 0.4166666666666667 0.4275 0.014166666666666666 0.021666666666666667
4 0.48083333333333333 0.4116666666666667 0.005 0.015
4 0.4775 0.42 0.010833333333333334 0.019166666666666665
4 0.535 0.4066666666666667 0.008333333333333333 0.014166666666666666
4 0.5541666666666667 0.42833333333333334 0.0125 0.0225
0 0.6066666666666667 0.4175 0.010833333333333334 0.0175
0 0.6275 0.4091666666666667 0.008333333333333333 0.014166666666666666
0 0.6816666666666666 0.4066666666666667 0.008333333333333333 0.013333333333333334
4 0.715 0.40166666666666667 0.006666666666666667 0.0125
0 0.7583333333333333 0.405 0.008333333333333333 0.0125
0 0.8141666666666667 0.42833333333333334 0.014166666666666666 0.0225
4 0.8641666666666666 0.44583333333333336 0.018333333333333333 0.03166666666666667
4 0.84 0.40166666666666667 0.006666666666666667 0.011666666666666667
0 0.855 0.4041666666666667 0.008333333333333333 0.013333333333333334