0 0.6916666666666667 0.33416666666666667 0.009166666666666667 0.015
0 0.5758333333333333 0.335 0.008333333333333333 0.015
0 0.8175 0.3358333333333333 0.01 0.015833333333333335
0 0.46166666666666667 0.33666666666666667 0.008333333333333333 0.015
0 0.3283333333333333 0.3383333333333333 0.009166666666666667 0.015833333333333335
0 0.17666666666666667 0.3425 0.008333333333333333 0.016666666666666666
4 0.7108333333333333 0.3425 0.010833333333333334 0.0175
4 0.5666666666666667 0.3433333333333333 0.010833333333333334 0.015833333333333335
4 0.425 0.3441666666666667 0.011666666666666667 0.018333333333333333
4 0.895 0.3441666666666667 0.011666666666666667 0.018333333333333333
4 0.27 0.34833333333333333 0.0125 0.019166666666666665
4 0.18083333333333335 0.35583333333333333 0.008333333333333333 0.021666666666666667
4 0.18833333333333332 0.3641666666666667 0.016666666666666666 0.02666666666666667
4 0.29333333333333333 0.37416666666666665 0.019166666666666665 0.03
4 0.46166666666666667 0.39416666666666667 0.025833333333333333 0.03833333333333333
4 0.6783333333333333 0.4266666666666667 0.035833333333333335 0.0525