2 0.4791666666666667 0.33416666666666667 0.008333333333333333 0.015
2 0.38333333333333336 0.3433333333333333 0.010833333333333334 0.02
2 0.36 0.35583333333333333 0.0125 0.024166666666666666
2 0.3308333333333333 0.37583333333333335 0.018333333333333333 0.0325
0 0.8775 0.38166666666666665 0.0225 0.0325
2 0.5925 0.37666666666666665 0.018333333333333333 0.03333333333333333
4 0.265 0.4025 0.025833333333333333 0.043333333333333335
0 0.635 0.4025 0.03 0.043333333333333335
2 0.3933333333333333 0.335 0.008333333333333333 0.015833333333333335
2 0.39916666666666667 0.33416666666666667 0.005833333333333334 0.013333333333333334
2 0.43916666666666665 0.3333333333333333 0.006666666666666667 0.014166666666666666
2 0.5133333333333333 0.335 0.0075 0.015833333333333335
2 0.5291666666666667 0.3441666666666667 0.010833333333333334 0.020833333333333332
2 0.5575 0.3566666666666667 0.0125 0.024166666666666666
4 0.9066666666666666 0.5166666666666667 0.023333333333333334 0.04666666666666667