0 0.9125 0.3383333333333333 0.009166666666666667 0.015
0 0.5641666666666667 0.3383333333333333 0.008333333333333333 0.014166666666666666
0 0.6858333333333333 0.3383333333333333 0.008333333333333333 0.013333333333333334
0 0.7958333333333333 0.3383333333333333 0.008333333333333333 0.013333333333333334
0 0.4375 0.3408333333333333 0.009166666666666667 0.015
0 0.32916666666666666 0.3433333333333333 0.01 0.015833333333333335
4 0.6508333333333334 0.3441666666666667 0.01 0.015833333333333335
4 0.7833333333333333 0.3433333333333333 0.010833333333333334 0.015833333333333335
4 0.5166666666666667 0.3458333333333333 0.010833333333333334 0.016666666666666666
0 0.25083333333333335 0.3491666666666667 0.010833333333333334 0.016666666666666666
4 0.44666666666666666 0.35 0.01 0.020833333333333332
4 0.455 0.3566666666666667 0.014166666666666666 0.021666666666666667
0 0.2275 0.3575 0.014166666666666666 0.021666666666666667
4 0.5425 0.365 0.014166666666666666 0.024166666666666666
0 0.27416666666666667 0.36833333333333335 0.016666666666666666 0.025833333333333333
4 0.6791666666666667 0.38083333333333336 0.02 0.03166666666666667
0 0.35833333333333334 0.385 0.02 0.03333333333333333
4 0.8475 0.4033333333333333 0.029166666666666667 0.04083333333333333
0 0.395 0.41833333333333333 0.03166666666666667 0.04666666666666667
0 0.2475 0.4975 0.0475 0.08083333333333333