0 0.18583333333333332 0.5525 0.01 0.0225
4 0.2633333333333333 0.5558333333333333 0.015 0.03
0 0.37083333333333335 0.5541666666666667 0.011666666666666667 0.024166666666666666
2 0.5716666666666667 0.5516666666666666 0.008333333333333333 0.016666666666666666
4 0.3975 0.56 0.016666666666666666 0.03333333333333333
4 0.5125 0.5666666666666667 0.023333333333333334 0.043333333333333335
0 0.5491666666666667 0.5583333333333333 0.0125 0.0275
4 0.5891666666666666 0.5525 0.008333333333333333 0.015833333333333335
0 0.635 0.5533333333333333 0.008333333333333333 0.015833333333333335
0 0.745 0.5708333333333333 0.019166666666666665 0.0375
4 0.595 0.5966666666666667 0.03666666666666667 0.06666666666666667
4 0.5183333333333333 0.6816666666666666 0.07833333333333334 0.14583333333333334