4 0.37166666666666665 0.4825 0.006666666666666667 0.013333333333333334
4 0.3908333333333333 0.4841666666666667 0.0075 0.015
4 0.4241666666666667 0.48833333333333334 0.009166666666666667 0.016666666666666666
4 0.445 0.49 0.008333333333333333 0.018333333333333333
4 0.455 0.49333333333333335 0.01 0.02
0 0.25 0.49666666666666665 0.010833333333333334 0.020833333333333332
0 0.27416666666666667 0.5025 0.011666666666666667 0.023333333333333334
4 0.49833333333333335 0.5058333333333334 0.015 0.02666666666666667
0 0.30333333333333334 0.5175 0.014166666666666666 0.029166666666666667
4 0.5416666666666666 0.5191666666666667 0.0175 0.03166666666666667
0 0.31916666666666665 0.5366666666666666 0.018333333333333333 0.03833333333333333
4 0.6075 0.5416666666666666 0.025 0.04416666666666667
0 0.3075 0.5683333333333334 0.0275 0.05333333333333334
4 0.7 0.5775 0.03666666666666667 0.060833333333333336
4 0.8875 0.6658333333333334 0.043333333333333335 0.105
0 0.19166666666666668 0.6708333333333333 0.065 0.10666666666666667
4 0.3408333333333333 0.48083333333333333 0.0075 0.015833333333333335
4 0.3 0.48 0.006666666666666667 0.014166666666666666
4 0.2608333333333333 0.48 0.006666666666666667 0.015833333333333335
4 0.2325 0.48 0.0075 0.015833333333333335
4 0.20833333333333334 0.48 0.0075 0.015833333333333335
4 0.1475 0.4816666666666667 0.008333333333333333 0.015
0 0.21583333333333332 0.49416666666666664 0.008333333333333333 0.020833333333333332
0 0.17083333333333334 0.495 0.010833333333333334 0.02
0 0.10583333333333333 0.49666666666666665 0.010833333333333334 0.021666666666666667