4 0.6825 0.32083333333333336 0.005 0.011666666666666667
4 0.37916666666666665 0.3225 0.006666666666666667 0.011666666666666667
0 0.6766666666666666 0.3233333333333333 0.006666666666666667 0.0125
4 0.5766666666666667 0.32 0.006666666666666667 0.010833333333333334
0 0.3858333333333333 0.33166666666666667 0.009166666666666667 0.015833333333333335
0 0.7633333333333333 0.32416666666666666 0.006666666666666667 0.0125
4 0.3016666666666667 0.3258333333333333 0.008333333333333333 0.014166666666666666
0 0.4225 0.3358333333333333 0.009166666666666667 0.0175
0 0.8475 0.32666666666666666 0.0075 0.014166666666666666
4 0.27 0.33166666666666667 0.008333333333333333 0.015833333333333335
0 0.64 0.3425 0.011666666666666667 0.020833333333333332
4 0.29333333333333333 0.3375 0.010833333333333334 0.018333333333333333
4 0.4083333333333333 0.3458333333333333 0.0125 0.021666666666666667
2 0.8216666666666667 0.36083333333333334 0.015 0.0275
4 0.6283333333333333 0.35083333333333333 0.0125 0.025
0 0.7808333333333334 0.3433333333333333 0.0125 0.020833333333333332
2 0.7125 0.37833333333333335 0.019166666666666665 0.035
4 0.8608333333333333 0.3516666666666667 0.014166666666666666 0.025
0 0.4 0.3275 0.0075 0.014166666666666666
0 0.44583333333333336 0.325 0.006666666666666667 0.013333333333333334
4 0.4633333333333333 0.32083333333333336 0.005833333333333334 0.011666666666666667
0 0.5083333333333333 0.34 0.010833333333333334 0.019166666666666665
0 0.51 0.3225 0.006666666666666667 0.011666666666666667
0 0.5941666666666666 0.3225 0.006666666666666667 0.011666666666666667
4 0.7941666666666667 0.32166666666666666 0.006666666666666667 0.011666666666666667
0 0.9008333333333334 0.3416666666666667 0.011666666666666667 0.019166666666666665
0 0.9108333333333334 0.33 0.008333333333333333 0.015
4 0.9033333333333333 0.325 0.006666666666666667 0.0125