0 0.7658333333333334 0.375 0.004166666666666667 0.006666666666666667
0 0.8466666666666667 0.375 0.005 0.008333333333333333
0 0.6925 0.37666666666666665 0.004166666666666667 0.009166666666666667
4 0.7916666666666666 0.3775 0.005833333333333334 0.01
4 0.8683333333333333 0.3775 0.006666666666666667 0.010833333333333334
4 0.7175 0.37833333333333335 0.006666666666666667 0.01
4 0.6658333333333334 0.37916666666666665 0.005833333333333334 0.01
0 0.6191666666666666 0.37916666666666665 0.0025 0.008333333333333333
0 0.5658333333333333 0.38166666666666665 0.005 0.009166666666666667
4 0.6166666666666667 0.38166666666666665 0.005833333333333334 0.010833333333333334
0 0.5 0.38416666666666666 0.005833333333333334 0.009166666666666667
4 0.5441666666666667 0.385 0.006666666666666667 0.011666666666666667
0 0.41333333333333333 0.3875 0.006666666666666667 0.01
4 0.4675 0.38916666666666666 0.006666666666666667 0.011666666666666667
0 0.32 0.39 0.006666666666666667 0.01
0 0.23416666666666666 0.39166666666666666 0.006666666666666667 0.010833333333333334
4 0.3641666666666667 0.3925 0.006666666666666667 0.011666666666666667
0 0.13666666666666666 0.39416666666666667 0.006666666666666667 0.01
4 0.2475 0.395 0.006666666666666667 0.011666666666666667
4 0.10833333333333334 0.3983333333333333 0.008333333333333333 0.013333333333333334
4 0.11083333333333334 0.5866666666666667 0.058333333333333334 0.0925