4 0.13416666666666666 0.5408333333333334 0.019166666666666665 0.03333333333333333
0 0.2866666666666667 0.54 0.0125 0.02666666666666667
4 0.27416666666666667 0.5558333333333333 0.024166666666666666 0.04083333333333333
2 0.6325 0.55 0.009166666666666667 0.020833333333333332
0 0.4775 0.5566666666666666 0.015833333333333335 0.03333333333333333
2 0.6716666666666666 0.56 0.014166666666666666 0.02666666666666667
4 0.37333333333333335 0.5791666666666667 0.0275 0.05583333333333333
4 0.7391666666666666 0.5691666666666667 0.019166666666666665 0.0325
2 0.4225 0.6183333333333333 0.035833333333333335 0.0925
4 0.4008333333333333 0.6316666666666667 0.035833333333333335 0.10333333333333333
2 0.36833333333333335 0.65 0.06583333333333333 0.12166666666666667
2 0.6025 0.5425 0.005833333333333334 0.014166666666666666
2 0.5858333333333333 0.5383333333333333 0.005833333333333334 0.011666666666666667
2 0.4875 0.5425 0.009166666666666667 0.019166666666666665
2 0.4925 0.5383333333333333 0.005 0.015833333333333335