0 0.8283333333333334 0.4716666666666667 0.01 0.018333333333333333
0 0.7483333333333333 0.47583333333333333 0.01 0.019166666666666665
0 0.6666666666666666 0.48083333333333333 0.010833333333333334 0.020833333333333332
4 0.8975 0.49166666666666664 0.019166666666666665 0.03166666666666667
0 0.6008333333333333 0.49166666666666664 0.0125 0.025833333333333333
4 0.8266666666666667 0.5016666666666667 0.0225 0.035833333333333335
0 0.5183333333333333 0.5108333333333334 0.018333333333333333 0.034166666666666665
4 0.7883333333333333 0.525 0.025833333333333333 0.04583333333333333
0 0.435 0.5466666666666666 0.02666666666666667 0.051666666666666666
4 0.8166666666666667 0.6358333333333334 0.06583333333333333 0.1
0 0.2425 0.6383333333333333 0.05583333333333333 0.09583333333333334