4 0.21 0.5491666666666667 0.013333333333333334 0.024166666666666666
0 0.25 0.5483333333333333 0.01 0.019166666666666665
4 0.3516666666666667 0.5516666666666666 0.0125 0.024166666666666666
0 0.41833333333333333 0.55 0.01 0.020833333333333332
4 0.4791666666666667 0.5558333333333333 0.014166666666666666 0.02666666666666667
2 0.5633333333333334 0.5491666666666667 0.006666666666666667 0.014166666666666666
0 0.5816666666666667 0.5541666666666667 0.010833333333333334 0.021666666666666667
4 0.595 0.56 0.015833333333333335 0.03
0 0.6208333333333333 0.5491666666666667 0.005833333333333334 0.014166666666666666
0 0.7558333333333334 0.5625 0.0125 0.02666666666666667
4 0.6983333333333334 0.5775 0.024166666666666666 0.043333333333333335
4 0.7533333333333333 0.6083333333333333 0.043333333333333335 0.0675
2 0.68 0.655 0.07 0.11416666666666667
4 0.61 0.6658333333333334 0.07583333333333334 0.12916666666666668
2 0.5291666666666667 0.6816666666666666 0.0875 0.14916666666666667