0 0.8858333333333334 0.375 0.005 0.009166666666666667
0 0.8066666666666666 0.37666666666666665 0.005 0.009166666666666667
4 0.8258333333333333 0.37833333333333335 0.006666666666666667 0.01
4 0.8983333333333333 0.37833333333333335 0.006666666666666667 0.011666666666666667
0 0.7333333333333333 0.37833333333333335 0.005 0.009166666666666667
4 0.7533333333333333 0.37916666666666665 0.005833333333333334 0.009166666666666667
0 0.66 0.38 0.005 0.009166666666666667
4 0.7016666666666667 0.38083333333333336 0.005833333333333334 0.01
0 0.6066666666666667 0.3825 0.005 0.009166666666666667
4 0.6516666666666666 0.38333333333333336 0.006666666666666667 0.01
0 0.5408333333333334 0.385 0.005833333333333334 0.01
4 0.5791666666666667 0.38666666666666666 0.006666666666666667 0.010833333333333334
0 0.4575 0.3875 0.006666666666666667 0.009166666666666667
4 0.5033333333333333 0.39 0.006666666666666667 0.011666666666666667
0 0.37083333333333335 0.3908333333333333 0.005833333333333334 0.01
0 0.2925 0.39166666666666666 0.005833333333333334 0.009166666666666667
4 0.4058333333333333 0.3925 0.006666666666666667 0.011666666666666667
4 0.3 0.395 0.0075 0.011666666666666667
0 0.205 0.39416666666666667 0.005833333333333334 0.009166666666666667
0 0.1 0.3975 0.006666666666666667 0.01
4 0.17583333333333334 0.3983333333333333 0.006666666666666667 0.011666666666666667
4 0.32416666666666666 0.625 0.07666666666666666 0.1125