4 0.13166666666666665 0.54 0.005 0.018333333333333333
4 0.12 0.5558333333333333 0.016666666666666666 0.0325
0 0.15416666666666667 0.5508333333333333 0.008333333333333333 0.0225
2 0.145 0.5591666666666667 0.0175 0.03333333333333333
2 0.23666666666666666 0.5575 0.013333333333333334 0.02666666666666667
0 0.2575 0.56 0.0125 0.02666666666666667
2 0.2783333333333333 0.5616666666666666 0.010833333333333334 0.025
4 0.26666666666666666 0.5708333333333333 0.02 0.04
0 0.4266666666666667 0.5716666666666667 0.0125 0.0275
4 0.3858333333333333 0.5858333333333333 0.0275 0.051666666666666666
4 0.445 0.6158333333333333 0.05 0.08666666666666667
0 0.66 0.5983333333333334 0.02 0.0425
4 0.6766666666666666 0.5908333333333333 0.015833333333333335 0.0325
2 0.88 0.6041666666666666 0.015833333333333335 0.0325
4 0.13166666666666665 0.7466666666666667 0.041666666666666664 0.1675