4 0.5175 0.5491666666666667 0.008333333333333333 0.016666666666666666
0 0.265 0.5558333333333333 0.01 0.0275
0 0.4583333333333333 0.5575 0.014166666666666666 0.03166666666666667
2 0.49916666666666665 0.55 0.008333333333333333 0.015833333333333335
0 0.565 0.5508333333333333 0.008333333333333333 0.016666666666666666
4 0.38666666666666666 0.5683333333333334 0.03166666666666667 0.050833333333333335
4 0.1275 0.5616666666666666 0.016666666666666666 0.03333333333333333
4 0.2733333333333333 0.5641666666666667 0.019166666666666665 0.03833333333333333
0 0.6625 0.5691666666666667 0.021666666666666667 0.0425
4 0.44416666666666665 0.6108333333333333 0.04666666666666667 0.08666666666666667
4 0.11583333333333333 0.7533333333333333 0.009166666666666667 0.15333333333333332