2 0.2608333333333333 0.5291666666666667 0.005833333333333334 0.016666666666666666
2 0.3416666666666667 0.5291666666666667 0.005 0.011666666666666667
2 0.2708333333333333 0.5333333333333333 0.008333333333333333 0.018333333333333333
2 0.36333333333333334 0.5316666666666666 0.006666666666666667 0.013333333333333334
2 0.2841666666666667 0.54 0.008333333333333333 0.0225
2 0.40166666666666667 0.5375 0.008333333333333333 0.019166666666666665
4 0.15 0.5483333333333333 0.02 0.035833333333333335
0 0.30333333333333334 0.5458333333333333 0.0125 0.029166666666666667
2 0.4475 0.545 0.011666666666666667 0.0225
4 0.5058333333333334 0.55 0.013333333333333334 0.025
4 0.2875 0.5616666666666666 0.023333333333333334 0.0425
0 0.6216666666666667 0.5658333333333333 0.018333333333333333 0.0375
2 0.38166666666666665 0.5791666666666667 0.016666666666666666 0.05416666666666667
4 0.3883333333333333 0.5833333333333334 0.02 0.0575
2 0.4041666666666667 0.5883333333333334 0.0325 0.06416666666666666
2 0.6883333333333334 0.5808333333333333 0.025 0.04833333333333333
0 0.715 0.585 0.025 0.049166666666666664
2 0.7433333333333333 0.5891666666666666 0.030833333333333334 0.05333333333333334
4 0.39916666666666667 0.6433333333333333 0.06833333333333333 0.11083333333333334