2 0.24833333333333332 0.41583333333333333 0.010833333333333334 0.0175
2 0.43333333333333335 0.4225 0.0125 0.0225
2 0.17 0.42916666666666664 0.014166666666666666 0.023333333333333334
2 0.27 0.43666666666666665 0.015 0.02666666666666667
2 0.6075 0.43166666666666664 0.0175 0.028333333333333332
2 0.41833333333333333 0.4475 0.018333333333333333 0.034166666666666665
2 0.8858333333333334 0.44166666666666665 0.0225 0.03666666666666667
2 0.7116666666666667 0.4716666666666667 0.0275 0.04583333333333333
2 0.33 0.41833333333333333 0.010833333333333334 0.020833333333333332
2 0.18083333333333335 0.4125 0.0075 0.015833333333333335
2 0.1025 0.425 0.010833333333333334 0.018333333333333333
2 0.12 0.41 0.006666666666666667 0.014166666666666666
2 0.6458333333333334 0.4425 0.03 0.025833333333333333
2 0.8758333333333334 0.415 0.0225 0.016666666666666666