4 0.5875 0.5533333333333333 0.016666666666666666 0.03666666666666667
4 0.7258333333333333 0.6008333333333333 0.0375 0.056666666666666664
2 0.53 0.5158333333333334 0.0075 0.015833333333333335
2 0.5666666666666667 0.5175 0.006666666666666667 0.0125
4 0.9008333333333334 0.5591666666666667 0.010833333333333334 0.0175
4 0.5975 0.5375 0.013333333333333334 0.025833333333333333
4 0.6675 0.5308333333333334 0.006666666666666667 0.015
2 0.5991666666666666 0.515 0.006666666666666667 0.009166666666666667
4 0.6733333333333333 0.5258333333333334 0.004166666666666667 0.01
4 0.6625 0.5383333333333333 0.008333333333333333 0.0175
4 0.6766666666666666 0.5216666666666666 0.0033333333333333335 0.006666666666666667
4 0.6816666666666666 0.5175 0.0025 0.004166666666666667
2 0.6183333333333333 0.515 0.0033333333333333335 0.0075
4 0.6775 0.5191666666666667 0.0033333333333333335 0.006666666666666667
4 0.6783333333333333 0.5183333333333333 0.0025 0.005833333333333334