0 0.16833333333333333 0.4066666666666667 0.019166666666666665 0.03833333333333333
0 0.2658333333333333 0.4083333333333333 0.019166666666666665 0.0425
4 0.20916666666666667 0.37083333333333335 0.013333333333333334 0.029166666666666667
4 0.4116666666666667 0.37 0.015833333333333335 0.028333333333333332
0 0.2791666666666667 0.5091666666666667 0.03 0.06916666666666667
0 0.4816666666666667 0.3458333333333333 0.006666666666666667 0.015833333333333335
4 0.7383333333333333 0.5016666666666667 0.028333333333333332 0.059166666666666666
4 0.49833333333333335 0.3883333333333333 0.016666666666666666 0.034166666666666665
0 0.18083333333333335 0.5916666666666667 0.03833333333333333 0.0925
4 0.29833333333333334 0.365 0.013333333333333334 0.029166666666666667
4 0.26666666666666666 0.335 0.0075 0.015
4 0.9166666666666666 0.645 0.0375 0.09583333333333334
4 0.5991666666666666 0.4275 0.021666666666666667 0.0425
4 0.45416666666666666 0.35 0.008333333333333333 0.0175
0 0.3358333333333333 0.4275 0.023333333333333334 0.05
4 0.19 0.33166666666666667 0.0075 0.013333333333333334
4 0.83 0.41333333333333333 0.009166666666666667 0.0175
2 0.13916666666666666 0.33416666666666667 0.009166666666666667 0.010833333333333334
4 0.6291666666666667 0.37416666666666665 0.006666666666666667 0.018333333333333333
0 0.7991666666666667 0.3983333333333333 0.008333333333333333 0.015
3 0.3175 0.33166666666666667 0.005833333333333334 0.013333333333333334
2 0.14166666666666666 0.33166666666666667 0.0075 0.013333333333333334
0 0.23833333333333334 0.3283333333333333 0.0075 0.011666666666666667
0 0.14916666666666667 0.3275 0.005833333333333334 0.009166666666666667
0 0.6325 0.36583333333333334 0.009166666666666667 0.0175
4 0.27416666666666667 0.3233333333333333 0.006666666666666667 0.009166666666666667