4 0.7883333333333333 0.59 0.0375 0.07166666666666667
4 0.7891666666666667 0.5183333333333333 0.008333333333333333 0.02
4 0.6058333333333333 0.4775 0.006666666666666667 0.018333333333333333
4 0.6366666666666667 0.49583333333333335 0.010833333333333334 0.0275
4 0.6316666666666667 0.4675 0.0025 0.008333333333333333
2 0.6808333333333333 0.49333333333333335 0.008333333333333333 0.02
4 0.8808333333333334 0.5491666666666667 0.0125 0.023333333333333334
4 0.5925 0.4583333333333333 0.0033333333333333335 0.0075
4 0.6641666666666667 0.4825 0.008333333333333333 0.009166666666666667
4 0.6375 0.47333333333333333 0.0033333333333333335 0.010833333333333334
4 0.6216666666666667 0.4708333333333333 0.006666666666666667 0.0075
4 0.6441666666666667 0.47333333333333333 0.005833333333333334 0.004166666666666667
4 0.6083333333333333 0.46416666666666667 0.0033333333333333335 0.008333333333333333
4 0.6158333333333333 0.465 0.004166666666666667 0.008333333333333333
4 0.8058333333333333 0.49416666666666664 0.005833333333333334 0.013333333333333334
4 0.58 0.45416666666666666 0.0025 0.005833333333333334
4 0.5766666666666667 0.4533333333333333 0.0016666666666666668 0.005
4 0.5741666666666667 0.45166666666666666 0.0016666666666666668 0.005
4 0.5641666666666667 0.44916666666666666 0.0016666666666666668 0.0033333333333333335
4 0.5616666666666666 0.4483333333333333 0.0016666666666666668 0.0033333333333333335