2 0.7475 0.555 0.010833333333333334 0.019166666666666665
2 0.4691666666666667 0.5483333333333333 0.008333333333333333 0.014166666666666666
2 0.8741666666666666 0.5675 0.0175 0.03166666666666667
2 0.7541666666666667 0.5458333333333333 0.006666666666666667 0.014166666666666666
2 0.7633333333333333 0.5425 0.005833333333333334 0.010833333333333334
2 0.8291666666666667 0.5341666666666667 0.005833333333333334 0.008333333333333333
2 0.58 0.5433333333333333 0.005 0.010833333333333334
2 0.8966666666666666 0.5333333333333333 0.0075 0.010833333333333334
2 0.7241666666666666 0.5375 0.0033333333333333335 0.008333333333333333
2 0.6508333333333334 0.5408333333333334 0.004166666666666667 0.009166666666666667
2 0.8641666666666666 0.5325 0.0033333333333333335 0.006666666666666667
2 0.5266666666666666 0.545 0.005833333333333334 0.011666666666666667
2 0.8408333333333333 0.5375 0.005833333333333334 0.009166666666666667
2 0.7966666666666666 0.535 0.0033333333333333335 0.0075
2 0.7916666666666666 0.5391666666666667 0.004166666666666667 0.01
2 0.6225 0.5416666666666666 0.004166666666666667 0.009166666666666667
2 0.685 0.5391666666666667 0.004166666666666667 0.008333333333333333
2 0.9341666666666667 0.53 0.0033333333333333335 0.005833333333333334
2 0.7583333333333333 0.5358333333333334 0.0033333333333333335 0.0075