4 0.645 0.5708333333333333 0.0225 0.04083333333333333
4 0.6041666666666666 0.5341666666666667 0.009166666666666667 0.02
2 0.5191666666666667 0.5016666666666667 0.005 0.009166666666666667
2 0.5441666666666667 0.5016666666666667 0.0025 0.0075
0 0.5991666666666666 0.5175 0.0033333333333333335 0.0075
4 0.9291666666666667 0.5675 0.005833333333333334 0.008333333333333333
0 0.6008333333333333 0.5325 0.0075 0.018333333333333333
0 0.6133333333333333 0.5191666666666667 0.004166666666666667 0.009166666666666667
4 0.8858333333333334 0.5566666666666666 0.004166666666666667 0.009166666666666667
4 0.8583333333333333 0.55 0.004166666666666667 0.008333333333333333
4 0.8358333333333333 0.545 0.004166666666666667 0.0075
4 0.82 0.5408333333333334 0.004166666666666667 0.006666666666666667
0 0.6708333333333333 0.535 0.005833333333333334 0.010833333333333334
2 0.5616666666666666 0.5016666666666667 0.0025 0.0075