4 0.87 0.5308333333333334 0.013333333333333334 0.03
2 0.495 0.5333333333333333 0.0175 0.0375
2 0.285 0.515 0.01 0.02
2 0.635 0.5625 0.024166666666666666 0.055
2 0.4075 0.5225 0.0125 0.029166666666666667
2 0.3358333333333333 0.5158333333333334 0.011666666666666667 0.0225
2 0.36666666666666664 0.49583333333333335 0.0075 0.013333333333333334
2 0.8583333333333333 0.6433333333333333 0.04833333333333333 0.10333333333333333
2 0.3125 0.5033333333333333 0.0075 0.015833333333333335
2 0.37333333333333335 0.4891666666666667 0.004166666666666667 0.01
4 0.30416666666666664 0.49583333333333335 0.004166666666666667 0.011666666666666667
4 0.2658333333333333 0.5008333333333334 0.005 0.0125
2 0.25833333333333336 0.5133333333333333 0.009166666666666667 0.0175
4 0.24583333333333332 0.49833333333333335 0.005 0.010833333333333334
4 0.3525 0.48583333333333334 0.0033333333333333335 0.0075
2 0.47583333333333333 0.48583333333333334 0.006666666666666667 0.011666666666666667
2 0.3333333333333333 0.4891666666666667 0.0033333333333333335 0.01
4 0.275 0.49583333333333335 0.004166666666666667 0.009166666666666667
2 0.3475 0.48833333333333334 0.004166666666666667 0.01
4 0.2966666666666667 0.49666666666666665 0.005 0.011666666666666667
2 0.3225 0.49 0.0025 0.009166666666666667
2 0.4216666666666667 0.4841666666666667 0.0033333333333333335 0.011666666666666667
4 0.25666666666666665 0.49833333333333335 0.0033333333333333335 0.009166666666666667
4 0.2916666666666667 0.495 0.004166666666666667 0.009166666666666667
4 0.26166666666666666 0.49666666666666665 0.004166666666666667 0.009166666666666667
4 0.7316666666666667 0.5183333333333333 0.015833333333333335 0.0175
2 0.6875 0.5125 0.013333333333333334 0.015833333333333335
4 0.48833333333333334 0.4866666666666667 0.005833333333333334 0.0125