0 0.3308333333333333 0.4425 0.016666666666666666 0.03833333333333333
0 0.5483333333333333 0.37583333333333335 0.008333333333333333 0.015833333333333335
0 0.41583333333333333 0.405 0.010833333333333334 0.028333333333333332
0 0.49 0.385 0.008333333333333333 0.020833333333333332
4 0.5483333333333333 0.5708333333333333 0.035833333333333335 0.08166666666666667
4 0.7141666666666666 0.38416666666666666 0.006666666666666667 0.015
4 0.5925 0.3983333333333333 0.009166666666666667 0.025
4 0.5608333333333333 0.425 0.016666666666666666 0.034166666666666665
4 0.6591666666666667 0.38416666666666666 0.006666666666666667 0.020833333333333332
0 0.3325 0.3675 0.006666666666666667 0.0175
0 0.07916666666666666 0.5908333333333333 0.030833333333333334 0.07833333333333334
0 0.465 0.3591666666666667 0.006666666666666667 0.013333333333333334
4 0.5458333333333333 0.47583333333333333 0.0225 0.049166666666666664
4 0.14666666666666667 0.38 0.008333333333333333 0.013333333333333334
0 0.6133333333333333 0.36833333333333335 0.005833333333333334 0.013333333333333334
0 0.5866666666666667 0.37166666666666665 0.006666666666666667 0.015833333333333335
0 0.66 0.36916666666666664 0.005833333333333334 0.011666666666666667
4 0.6775 0.38166666666666665 0.0075 0.015833333333333335
4 0.3025 0.36333333333333334 0.006666666666666667 0.015
0 0.14333333333333334 0.3908333333333333 0.008333333333333333 0.015833333333333335
4 0.7708333333333334 0.3825 0.005833333333333334 0.013333333333333334
4 0.4225 0.355 0.005833333333333334 0.013333333333333334
4 0.6283333333333333 0.38916666666666666 0.008333333333333333 0.020833333333333332
4 0.7508333333333334 0.37333333333333335 0.005833333333333334 0.011666666666666667
4 0.6833333333333333 0.3625 0.005833333333333334 0.01
4 0.7583333333333333 0.385 0.005833333333333334 0.015
0 0.6983333333333334 0.37083333333333335 0.0033333333333333335 0.011666666666666667
0 0.5508333333333333 0.3575 0.005833333333333334 0.009166666666666667
0 0.6641666666666667 0.36583333333333334 0.0075 0.011666666666666667
4 0.5641666666666667 0.3525 0.005833333333333334 0.01
0 0.5775 0.3575 0.004166666666666667 0.009166666666666667
0 0.6941666666666667 0.36833333333333335 0.004166666666666667 0.013333333333333334
4 0.5058333333333334 0.3516666666666667 0.005833333333333334 0.011666666666666667
0 0.62 0.3591666666666667 0.005833333333333334 0.011666666666666667
4 0.6208333333333333 0.35833333333333334 0.0033333333333333335 0.01
4 0.6216666666666667 0.3566666666666667 0.005833333333333334 0.01
4 0.69 0.37 0.005833333333333334 0.013333333333333334
0 0.69 0.36916666666666664 0.005 0.014166666666666666