4 0.6158333333333333 0.5533333333333333 0.018333333333333333 0.0325
4 0.7408333333333333 0.64 0.049166666666666664 0.07666666666666666
4 0.5825 0.53 0.008333333333333333 0.019166666666666665
4 0.9025 0.5783333333333334 0.009166666666666667 0.019166666666666665
4 0.5708333333333333 0.5216666666666666 0.005833333333333334 0.013333333333333334
4 0.8108333333333333 0.5608333333333333 0.0075 0.011666666666666667
2 0.8916666666666667 0.5675 0.0075 0.015
2 0.8333333333333334 0.5575 0.005833333333333334 0.011666666666666667
4 0.5691666666666667 0.5166666666666667 0.0033333333333333335 0.009166666666666667
4 0.7591666666666667 0.5516666666666666 0.006666666666666667 0.011666666666666667
2 0.5183333333333333 0.5058333333333334 0.004166666666666667 0.009166666666666667
4 0.7158333333333333 0.5408333333333334 0.004166666666666667 0.009166666666666667
4 0.5983333333333334 0.5175 0.0025 0.0075
4 0.5766666666666667 0.5166666666666667 0.0033333333333333335 0.0075
4 0.6616666666666666 0.5291666666666667 0.0033333333333333335 0.005833333333333334
4 0.6908333333333333 0.535 0.0033333333333333335 0.0075
4 0.6691666666666667 0.5308333333333334 0.004166666666666667 0.0075
4 0.5833333333333334 0.5166666666666667 0.0033333333333333335 0.006666666666666667
2 0.5291666666666667 0.5058333333333334 0.0033333333333333335 0.006666666666666667