4 0.8333333333333334 0.5933333333333334 0.028333333333333332 0.0425
4 0.5408333333333334 0.5308333333333334 0.014166666666666666 0.029166666666666667
4 0.5541666666666667 0.5233333333333333 0.009166666666666667 0.020833333333333332
4 0.605 0.5208333333333334 0.004166666666666667 0.01
2 0.2808333333333333 0.495 0.010833333333333334 0.018333333333333333
4 0.9091666666666667 0.595 0.029166666666666667 0.0425
4 0.6366666666666667 0.5616666666666666 0.023333333333333334 0.04583333333333333
2 0.5891666666666666 0.5125 0.006666666666666667 0.011666666666666667
2 0.5408333333333334 0.51 0.005833333333333334 0.013333333333333334
4 0.7233333333333334 0.5275 0.005833333333333334 0.01
2 0.26916666666666667 0.49916666666666665 0.016666666666666666 0.015833333333333335
4 0.26666666666666666 0.49 0.010833333333333334 0.010833333333333334
2 0.6366666666666667 0.5166666666666667 0.005833333333333334 0.013333333333333334
4 0.7341666666666666 0.5266666666666666 0.005 0.010833333333333334