4 0.615 0.535 0.015 0.03166666666666667
4 0.72 0.5308333333333334 0.0125 0.024166666666666666
4 0.9191666666666667 0.5475 0.0075 0.015833333333333335
4 0.8525 0.535 0.006666666666666667 0.015833333333333335
2 0.8375 0.6116666666666667 0.030833333333333334 0.060833333333333336
4 0.7825 0.5266666666666666 0.0075 0.018333333333333333
2 0.8958333333333334 0.5733333333333334 0.014166666666666666 0.03666666666666667
4 0.6758333333333333 0.5066666666666667 0.005833333333333334 0.0125
4 0.8975 0.5366666666666666 0.005833333333333334 0.011666666666666667
4 0.46166666666666667 0.5533333333333333 0.0125 0.0425
4 0.8816666666666667 0.5325 0.005 0.008333333333333333
4 0.8566666666666667 0.5258333333333334 0.004166666666666667 0.009166666666666667
4 0.9175 0.5416666666666666 0.005833333333333334 0.0125
2 0.38916666666666666 0.49666666666666665 0.010833333333333334 0.011666666666666667
4 0.7066666666666667 0.49916666666666665 0.0033333333333333335 0.0075
4 0.8275 0.5191666666666667 0.0033333333333333335 0.009166666666666667
4 0.7891666666666667 0.5125 0.0033333333333333335 0.0075
2 0.6516666666666666 0.4925 0.0025 0.006666666666666667
4 0.6091666666666666 0.4891666666666667 0.0025 0.006666666666666667
2 0.6575 0.49333333333333335 0.0016666666666666668 0.005
4 0.605 0.4875 0.0033333333333333335 0.006666666666666667
2 0.37166666666666665 0.495 0.011666666666666667 0.0125
4 0.6183333333333333 0.48833333333333334 0.0025 0.005
4 0.6225 0.48833333333333334 0.0016666666666666668 0.005
2 0.6591666666666667 0.49333333333333335 0.0016666666666666668 0.005
4 0.6675 0.49666666666666665 0.0025 0.006666666666666667
2 0.7408333333333333 0.5033333333333333 0.0025 0.0075
4 0.7458333333333333 0.505 0.0025 0.0075