0 0.23 0.5483333333333333 0.0075 0.014166666666666666
2 0.11666666666666667 0.5316666666666666 0.0025 0.005
2 0.22333333333333333 0.5316666666666666 0.0025 0.005833333333333334
2 0.14166666666666666 0.5333333333333333 0.005833333333333334 0.008333333333333333
2 0.21333333333333335 0.5333333333333333 0.0033333333333333335 0.005833333333333334
0 0.8566666666666667 0.6825 0.085 0.13166666666666665
0 0.49333333333333335 0.57 0.020833333333333332 0.034166666666666665
0 0.25083333333333335 0.5483333333333333 0.0025 0.0075
0 0.19083333333333333 0.5441666666666667 0.005 0.0125
0 0.16916666666666666 0.5416666666666666 0.004166666666666667 0.0125
0 0.16166666666666665 0.5441666666666667 0.009166666666666667 0.008333333333333333