0 0.645 0.5333333333333333 0.019166666666666665 0.04083333333333333
0 0.6375 0.5091666666666667 0.010833333333333334 0.023333333333333334
0 0.6391666666666667 0.49333333333333335 0.005833333333333334 0.013333333333333334
4 0.24333333333333335 0.4041666666666667 0.0075 0.015
0 0.27166666666666667 0.4041666666666667 0.006666666666666667 0.011666666666666667
0 0.7675 0.6916666666666667 0.06916666666666667 0.11916666666666667
0 0.30083333333333334 0.4058333333333333 0.005 0.009166666666666667
0 0.57 0.46416666666666667 0.0033333333333333335 0.0075
0 0.5591666666666667 0.46416666666666667 0.0033333333333333335 0.0075
0 0.5816666666666667 0.465 0.0025 0.0075
0 0.5416666666666666 0.4633333333333333 0.005833333333333334 0.011666666666666667
0 0.3225 0.4075 0.0033333333333333335 0.008333333333333333
0 0.5491666666666667 0.4633333333333333 0.004166666666666667 0.01
0 0.6383333333333333 0.48833333333333334 0.0033333333333333335 0.009166666666666667