4 0.6883333333333334 0.5583333333333333 0.013333333333333334 0.0225
4 0.7625 0.5791666666666667 0.02 0.0325
4 0.8383333333333334 0.5583333333333333 0.0075 0.013333333333333334
4 0.7325 0.5525 0.008333333333333333 0.015833333333333335
4 0.7816666666666666 0.5541666666666667 0.008333333333333333 0.015
2 0.5708333333333333 0.53 0.005833333333333334 0.011666666666666667
2 0.6325 0.535 0.005 0.011666666666666667
4 0.8858333333333334 0.5591666666666667 0.006666666666666667 0.010833333333333334
2 0.8008333333333333 0.5458333333333333 0.004166666666666667 0.009166666666666667
4 0.9108333333333334 0.5566666666666666 0.006666666666666667 0.01
4 0.8925 0.5458333333333333 0.004166666666666667 0.009166666666666667
4 0.685 0.5508333333333333 0.010833333333333334 0.018333333333333333
4 0.9141666666666667 0.5516666666666666 0.004166666666666667 0.009166666666666667
2 0.6891666666666667 0.5375 0.004166666666666667 0.01
2 0.75 0.5433333333333333 0.005 0.01
4 0.88 0.5416666666666666 0.0033333333333333335 0.009166666666666667
4 0.8666666666666667 0.5391666666666667 0.0033333333333333335 0.0075
2 0.8283333333333334 0.5458333333333333 0.0033333333333333335 0.009166666666666667
2 0.8325 0.5425 0.0025 0.008333333333333333
2 0.28583333333333333 0.48083333333333333 0.0033333333333333335 0.009166666666666667
2 0.29 0.48083333333333333 0.0025 0.009166666666666667
2 0.29333333333333333 0.4816666666666667 0.0025 0.009166666666666667