4 0.7266666666666667 0.5466666666666666 0.01 0.021666666666666667
4 0.7983333333333333 0.5933333333333334 0.03166666666666667 0.043333333333333335
4 0.755 0.5475 0.01 0.0175
4 0.8333333333333334 0.5583333333333333 0.010833333333333334 0.0175
2 0.62 0.5183333333333333 0.006666666666666667 0.0125
4 0.7875 0.5516666666666666 0.0125 0.0175
2 0.5475 0.5125 0.01 0.015833333333333335
4 0.7175 0.5525 0.013333333333333334 0.025
2 0.9316666666666666 0.5675 0.0075 0.013333333333333334
2 0.7041666666666667 0.5308333333333334 0.006666666666666667 0.0125
2 0.7866666666666666 0.5433333333333333 0.006666666666666667 0.011666666666666667