4 0.8425 0.5375 0.019166666666666665 0.029166666666666667
4 0.6716666666666666 0.49666666666666665 0.015833333333333335 0.035
4 0.6691666666666667 0.47333333333333333 0.010833333333333334 0.0175
4 0.8491666666666666 0.6225 0.05416666666666667 0.08083333333333333
4 0.5366666666666666 0.435 0.006666666666666667 0.011666666666666667
4 0.77 0.49333333333333335 0.008333333333333333 0.013333333333333334
4 0.49166666666666664 0.42916666666666664 0.008333333333333333 0.015833333333333335
4 0.7141666666666666 0.4875 0.010833333333333334 0.019166666666666665
4 0.6508333333333334 0.4725 0.0125 0.021666666666666667
4 0.5991666666666666 0.4475 0.005833333333333334 0.010833333333333334
4 0.6808333333333333 0.4658333333333333 0.0075 0.011666666666666667
4 0.8675 0.5275 0.010833333333333334 0.015833333333333335
4 0.25833333333333336 0.38416666666666666 0.0033333333333333335 0.0075
4 0.24916666666666668 0.3825 0.0033333333333333335 0.006666666666666667