4 0.8716666666666667 0.575 0.013333333333333334 0.0225
2 0.6741666666666667 0.5783333333333334 0.035833333333333335 0.06583333333333333
4 0.755 0.52 0.006666666666666667 0.01
4 0.24833333333333332 0.38666666666666666 0.006666666666666667 0.009166666666666667
4 0.7233333333333334 0.5058333333333334 0.0033333333333333335 0.008333333333333333
4 0.7925 0.5383333333333333 0.010833333333333334 0.015
4 0.7366666666666667 0.5116666666666667 0.006666666666666667 0.009166666666666667
2 0.6641666666666667 0.49833333333333335 0.006666666666666667 0.015
4 0.6241666666666666 0.4791666666666667 0.004166666666666667 0.01
4 0.2625 0.38083333333333336 0.005833333333333334 0.009166666666666667
4 0.6608333333333334 0.4866666666666667 0.005833333333333334 0.009166666666666667
4 0.57 0.4633333333333333 0.005 0.010833333333333334
4 0.68 0.4825 0.0033333333333333335 0.005833333333333334
4 0.8291666666666667 0.5333333333333333 0.0025 0.004166666666666667
4 0.6683333333333333 0.4841666666666667 0.004166666666666667 0.005833333333333334
4 0.6033333333333334 0.4633333333333333 0.0033333333333333335 0.0075
4 0.6883333333333334 0.4875 0.0033333333333333335 0.005
4 0.6425 0.47833333333333333 0.0033333333333333335 0.0075
4 0.3075 0.39166666666666666 0.005833333333333334 0.01
4 0.845 0.54 0.0025 0.005833333333333334
4 0.6183333333333333 0.4666666666666667 0.0033333333333333335 0.0075
4 0.3591666666666667 0.39666666666666667 0.006666666666666667 0.013333333333333334
4 0.7975 0.5241666666666667 0.0025 0.005
4 0.29333333333333333 0.385 0.004166666666666667 0.0075
4 0.3125 0.38666666666666666 0.0025 0.006666666666666667
4 0.5333333333333333 0.455 0.005833333333333334 0.013333333333333334