4 0.43666666666666665 0.49416666666666664 0.006666666666666667 0.0175
4 0.3625 0.52 0.013333333333333334 0.028333333333333332
2 0.5766666666666667 0.5466666666666666 0.019166666666666665 0.04583333333333333
4 0.4191666666666667 0.5016666666666667 0.0075 0.020833333333333332
2 0.685 0.645 0.049166666666666664 0.1075
2 0.5483333333333333 0.4841666666666667 0.004166666666666667 0.011666666666666667
2 0.5583333333333333 0.49916666666666665 0.0075 0.019166666666666665
4 0.4191666666666667 0.4825 0.005 0.013333333333333334
4 0.3958333333333333 0.48 0.005833333333333334 0.013333333333333334
2 0.5541666666666667 0.5133333333333333 0.011666666666666667 0.02666666666666667
2 0.5066666666666667 0.4791666666666667 0.0033333333333333335 0.011666666666666667
4 0.44083333333333335 0.4875 0.005833333333333334 0.015833333333333335
2 0.43666666666666665 0.4741666666666667 0.0033333333333333335 0.01
2 0.5866666666666667 0.46416666666666667 0.0033333333333333335 0.0075
2 0.4716666666666667 0.47583333333333333 0.004166666666666667 0.010833333333333334
4 0.36833333333333335 0.4791666666666667 0.004166666666666667 0.010833333333333334
4 0.32 0.47833333333333333 0.0033333333333333335 0.011666666666666667
2 0.47833333333333333 0.4658333333333333 0.0033333333333333335 0.009166666666666667
2 0.5158333333333334 0.4666666666666667 0.0033333333333333335 0.008333333333333333
2 0.4025 0.4716666666666667 0.0033333333333333335 0.009166666666666667
2 0.5508333333333333 0.4658333333333333 0.0033333333333333335 0.008333333333333333
4 0.565 0.4558333333333333 0.0025 0.0075
2 0.445 0.465 0.0033333333333333335 0.008333333333333333
4 0.5375 0.45916666666666667 0.0025 0.0075
2 0.5583333333333333 0.49083333333333334 0.005833333333333334 0.013333333333333334
2 0.6041666666666666 0.46 0.0025 0.006666666666666667
4 0.5541666666666667 0.4575 0.0025 0.0075
4 0.49 0.45916666666666667 0.0033333333333333335 0.008333333333333333
4 0.4625 0.45916666666666667 0.0025 0.0075
4 0.4483333333333333 0.45666666666666667 0.0025 0.005833333333333334
4 0.4325 0.45916666666666667 0.0025 0.006666666666666667
2 0.42083333333333334 0.4633333333333333 0.0025 0.0075
2 0.35 0.4725 0.004166666666666667 0.009166666666666667