4 0.6183333333333333 0.5541666666666667 0.023333333333333334 0.03833333333333333
4 0.5466666666666666 0.5233333333333333 0.01 0.020833333333333332
4 0.8216666666666667 0.6391666666666667 0.04833333333333333 0.07916666666666666
4 0.8908333333333334 0.5483333333333333 0.008333333333333333 0.011666666666666667
4 0.5491666666666667 0.51 0.005833333333333334 0.011666666666666667
4 0.5725 0.5091666666666667 0.005833333333333334 0.01
2 0.5133333333333333 0.5016666666666667 0.004166666666666667 0.009166666666666667
4 0.5266666666666666 0.5125 0.008333333333333333 0.015833333333333335
4 0.845 0.535 0.005833333333333334 0.009166666666666667
4 0.8625 0.5416666666666666 0.006666666666666667 0.01
2 0.9333333333333333 0.5491666666666667 0.0033333333333333335 0.01
4 0.8583333333333333 0.535 0.0075 0.009166666666666667
4 0.6033333333333334 0.5091666666666667 0.004166666666666667 0.009166666666666667
4 0.6316666666666667 0.5091666666666667 0.004166666666666667 0.009166666666666667
4 0.8933333333333333 0.5383333333333333 0.005833333333333334 0.01
2 0.5525 0.5025 0.004166666666666667 0.008333333333333333