4 0.6683333333333333 0.5908333333333333 0.020833333333333332 0.04416666666666667
4 0.7258333333333333 0.5708333333333333 0.014166666666666666 0.03
2 0.6033333333333334 0.5416666666666666 0.008333333333333333 0.0225
2 0.9133333333333333 0.5716666666666667 0.005833333333333334 0.015833333333333335
2 0.7108333333333333 0.5483333333333333 0.008333333333333333 0.0175
4 0.7941666666666667 0.5691666666666667 0.010833333333333334 0.024166666666666666
2 0.8108333333333333 0.5591666666666667 0.005833333333333334 0.015833333333333335
4 0.8708333333333333 0.5766666666666667 0.008333333333333333 0.020833333333333332
2 0.47 0.545 0.013333333333333334 0.034166666666666665
4 0.6741666666666667 0.705 0.043333333333333335 0.1075
2 0.7683333333333333 0.5291666666666667 0.0025 0.006666666666666667
2 0.7858333333333334 0.5325 0.0025 0.006666666666666667
2 0.7458333333333333 0.5225 0.0016666666666666668 0.005833333333333334
2 0.83 0.54 0.0016666666666666668 0.005833333333333334