0 0.7141666666666666 0.5108333333333334 0.014166666666666666 0.028333333333333332
0 0.31916666666666665 0.4483333333333333 0.009166666666666667 0.0175
0 0.87 0.5783333333333334 0.029166666666666667 0.0525
0 0.8316666666666667 0.5066666666666667 0.004166666666666667 0.009166666666666667
0 0.8883333333333333 0.5191666666666667 0.004166666666666667 0.01
0 0.6508333333333334 0.4841666666666667 0.006666666666666667 0.013333333333333334
0 0.7816666666666666 0.49666666666666665 0.005 0.01
0 0.6675 0.47833333333333333 0.004166666666666667 0.01
0 0.8575 0.51 0.004166666666666667 0.009166666666666667
0 0.81 0.5 0.004166666666666667 0.008333333333333333
0 0.7016666666666667 0.4825 0.0033333333333333335 0.008333333333333333
0 0.6366666666666667 0.47583333333333333 0.005833333333333334 0.010833333333333334
0 0.7675 0.49 0.004166666666666667 0.008333333333333333
0 0.7416666666666667 0.48833333333333334 0.0033333333333333335 0.009166666666666667
0 0.6566666666666666 0.47 0.0033333333333333335 0.0075
0 0.5325 0.45416666666666666 0.0033333333333333335 0.008333333333333333