4 0.4508333333333333 0.5316666666666666 0.015833333333333335 0.0375
4 0.5583333333333333 0.5075 0.010833333333333334 0.024166666666666666
4 0.6875 0.49666666666666665 0.005 0.015833333333333335
4 0.7691666666666667 0.49583333333333335 0.004166666666666667 0.011666666666666667
4 0.6141666666666666 0.5 0.0075 0.0175
2 0.6841666666666667 0.535 0.0125 0.0325
4 0.7208333333333333 0.49583333333333335 0.005 0.015
2 0.8391666666666666 0.5058333333333334 0.005 0.013333333333333334
2 0.7825 0.5066666666666667 0.005833333333333334 0.015833333333333335
2 0.8266666666666667 0.6116666666666667 0.034166666666666665 0.06666666666666667
2 0.8625 0.5033333333333333 0.0033333333333333335 0.010833333333333334
2 0.7183333333333334 0.5133333333333333 0.0075 0.020833333333333332
4 0.7975 0.49583333333333335 0.0033333333333333335 0.011666666666666667
2 0.36916666666666664 0.48 0.004166666666666667 0.0125
2 0.325 0.4816666666666667 0.004166666666666667 0.014166666666666666
4 0.33666666666666667 0.4891666666666667 0.005833333333333334 0.015833333333333335
4 0.8333333333333334 0.4925 0.0025 0.009166666666666667
4 0.8191666666666667 0.49333333333333335 0.0025 0.009166666666666667
2 0.8791666666666667 0.5016666666666667 0.0033333333333333335 0.009166666666666667
4 0.8425 0.49166666666666664 0.0016666666666666668 0.0075
4 0.8475 0.49083333333333334 0.0016666666666666668 0.006666666666666667
4 0.8608333333333333 0.49166666666666664 0.0016666666666666668 0.006666666666666667
4 0.8783333333333333 0.49166666666666664 0.0016666666666666668 0.005833333333333334