0 0.68 0.5316666666666666 0.019166666666666665 0.04
4 0.6175 0.5 0.011666666666666667 0.024166666666666666
4 0.6325 0.49 0.006666666666666667 0.016666666666666666
2 0.7316666666666667 0.5241666666666667 0.011666666666666667 0.028333333333333332
4 0.5158333333333334 0.4725 0.006666666666666667 0.0175
4 0.64 0.485 0.005833333333333334 0.009166666666666667
2 0.7408333333333333 0.5241666666666667 0.009166666666666667 0.028333333333333332
4 0.5641666666666667 0.4716666666666667 0.004166666666666667 0.010833333333333334
2 0.725 0.5008333333333334 0.011666666666666667 0.024166666666666666
4 0.6558333333333334 0.48083333333333333 0.005833333333333334 0.009166666666666667
4 0.6616666666666666 0.48 0.005833333333333334 0.0075
4 0.65 0.4825 0.005833333333333334 0.011666666666666667
4 0.6516666666666666 0.4816666666666667 0.009166666666666667 0.0075
4 0.6041666666666666 0.4725 0.004166666666666667 0.0075
4 0.5891666666666666 0.4725 0.005 0.009166666666666667
4 0.6666666666666666 0.4791666666666667 0.005833333333333334 0.0075
4 0.7508333333333334 0.49166666666666664 0.004166666666666667 0.0075
4 0.765 0.49666666666666665 0.004166666666666667 0.0075
4 0.6141666666666666 0.4725 0.004166666666666667 0.005833333333333334
4 0.7066666666666667 0.4825 0.0033333333333333335 0.004166666666666667
4 0.6675 0.4791666666666667 0.006666666666666667 0.005833333333333334