2 0.5858333333333333 0.5325 0.0125 0.03333333333333333
4 0.38166666666666665 0.5275 0.009166666666666667 0.025
2 0.5633333333333334 0.5183333333333333 0.008333333333333333 0.025833333333333333
4 0.4791666666666667 0.5 0.004166666666666667 0.010833333333333334
4 0.4241666666666667 0.5125 0.0075 0.015833333333333335
2 0.7625 0.6225 0.04083333333333333 0.09
4 0.4583333333333333 0.5058333333333334 0.0033333333333333335 0.0125
2 0.3308333333333333 0.5041666666666667 0.0025 0.009166666666666667
2 0.5533333333333333 0.5066666666666667 0.005 0.0175
2 0.5616666666666666 0.495 0.0033333333333333335 0.0125
4 0.5058333333333334 0.495 0.0033333333333333335 0.01
4 0.4875 0.49333333333333335 0.0033333333333333335 0.008333333333333333
4 0.3516666666666667 0.5066666666666667 0.0033333333333333335 0.01
4 0.5275 0.49083333333333334 0.0025 0.009166666666666667
4 0.5216666666666666 0.49083333333333334 0.0033333333333333335 0.008333333333333333
2 0.5733333333333334 0.49166666666666664 0.0033333333333333335 0.010833333333333334
4 0.4116666666666667 0.5 0.0033333333333333335 0.009166666666666667
2 0.5941666666666666 0.4866666666666667 0.0025 0.009166666666666667
4 0.4583333333333333 0.49583333333333335 0.0033333333333333335 0.009166666666666667
2 0.5916666666666667 0.48833333333333334 0.0025 0.010833333333333334
2 0.5816666666666667 0.485 0.0016666666666666668 0.0075
2 0.555 0.49916666666666665 0.005 0.015
2 0.37916666666666665 0.5 0.0025 0.009166666666666667
2 0.43083333333333335 0.495 0.0025 0.0075
2 0.4741666666666667 0.49083333333333334 0.0025 0.0075
4 0.5058333333333334 0.49083333333333334 0.0025 0.009166666666666667
4 0.2941666666666667 0.5641666666666667 0.0075 0.03333333333333333