4 0.2783333333333333 0.5666666666666667 0.024166666666666666 0.0575
4 0.34 0.5258333333333334 0.011666666666666667 0.03166666666666667
2 0.3958333333333333 0.48083333333333333 0.005833333333333334 0.016666666666666666
4 0.30416666666666664 0.49666666666666665 0.0075 0.0225
4 0.3325 0.5033333333333333 0.009166666666666667 0.025
2 0.45 0.4841666666666667 0.008333333333333333 0.02
2 0.6033333333333334 0.505 0.0125 0.028333333333333332
4 0.2708333333333333 0.49166666666666664 0.0075 0.020833333333333332
2 0.6633333333333333 0.5483333333333333 0.0225 0.051666666666666666
2 0.5125 0.49166666666666664 0.010833333333333334 0.025
2 0.34833333333333333 0.4775 0.004166666666666667 0.015833333333333335
2 0.7566666666666667 0.65 0.0475 0.10916666666666666
2 0.6516666666666666 0.4558333333333333 0.0025 0.009166666666666667
2 0.5291666666666667 0.4666666666666667 0.005 0.0125
2 0.6325 0.46166666666666667 0.004166666666666667 0.009166666666666667
2 0.6591666666666667 0.4525 0.0033333333333333335 0.008333333333333333
4 0.5583333333333333 0.455 0.004166666666666667 0.01
4 0.61 0.4483333333333333 0.0033333333333333335 0.009166666666666667
2 0.425 0.46416666666666667 0.004166666666666667 0.010833333333333334
2 0.5816666666666667 0.46416666666666667 0.004166666666666667 0.0125
2 0.4725 0.4658333333333333 0.005833333333333334 0.011666666666666667
2 0.335 0.4683333333333333 0.0033333333333333335 0.008333333333333333
4 0.5283333333333333 0.4575 0.0033333333333333335 0.011666666666666667
4 0.4925 0.45666666666666667 0.004166666666666667 0.010833333333333334
4 0.5816666666666667 0.4533333333333333 0.0033333333333333335 0.009166666666666667
4 0.6141666666666666 0.44666666666666666 0.004166666666666667 0.009166666666666667
2 0.3925 0.4625 0.0033333333333333335 0.01
2 0.6691666666666667 0.4508333333333333 0.0025 0.0075
4 0.5941666666666666 0.4508333333333333 0.0033333333333333335 0.009166666666666667
2 0.27416666666666667 0.4791666666666667 0.0033333333333333335 0.011666666666666667
4 0.6075 0.44583333333333336 0.0033333333333333335 0.005833333333333334
4 0.26916666666666667 0.4741666666666667 0.0033333333333333335 0.009166666666666667
4 0.3591666666666667 0.4633333333333333 0.0033333333333333335 0.0075
4 0.4166666666666667 0.45666666666666667 0.0033333333333333335 0.008333333333333333
4 0.44083333333333335 0.4533333333333333 0.0025 0.0075
4 0.4558333333333333 0.4558333333333333 0.0033333333333333335 0.009166666666666667
2 0.6766666666666666 0.4483333333333333 0.0025 0.006666666666666667