4 0.7808333333333334 0.5466666666666666 0.0125 0.021666666666666667
4 0.7075 0.6591666666666667 0.056666666666666664 0.11
4 0.6316666666666667 0.4925 0.0075 0.0175
4 0.6741666666666667 0.4975 0.006666666666666667 0.013333333333333334
4 0.7908333333333334 0.5358333333333334 0.0075 0.015
4 0.7183333333333334 0.5508333333333333 0.020833333333333332 0.04
4 0.545 0.4741666666666667 0.009166666666666667 0.021666666666666667
4 0.7433333333333333 0.5141666666666667 0.004166666666666667 0.01
4 0.7216666666666667 0.505 0.004166666666666667 0.009166666666666667
4 0.9266666666666666 0.5658333333333333 0.004166666666666667 0.008333333333333333
4 0.7058333333333333 0.5 0.0033333333333333335 0.0075
4 0.6566666666666666 0.4866666666666667 0.004166666666666667 0.009166666666666667
4 0.6425 0.4766666666666667 0.0025 0.006666666666666667
4 0.65 0.4825 0.0033333333333333335 0.0075
4 0.6675 0.49166666666666664 0.004166666666666667 0.010833333333333334
4 0.8508333333333333 0.5425 0.005833333333333334 0.009166666666666667
4 0.6908333333333333 0.49083333333333334 0.0025 0.005833333333333334
4 0.8433333333333334 0.5383333333333333 0.005833333333333334 0.0075
4 0.895 0.5583333333333333 0.006666666666666667 0.011666666666666667
4 0.4841666666666667 0.43583333333333335 0.0033333333333333335 0.011666666666666667
4 0.9133333333333333 0.5608333333333333 0.0033333333333333335 0.008333333333333333