4 0.545 0.49416666666666664 0.005833333333333334 0.015
4 0.43666666666666665 0.5225 0.015 0.03166666666666667
4 0.5033333333333333 0.51 0.011666666666666667 0.025833333333333333
2 0.6441666666666667 0.5491666666666667 0.018333333333333333 0.045
2 0.6508333333333334 0.6075 0.030833333333333334 0.07916666666666666
2 0.6441666666666667 0.49666666666666665 0.005833333333333334 0.015833333333333335
2 0.665 0.5225 0.013333333333333334 0.03
2 0.6533333333333333 0.5058333333333334 0.0075 0.02
4 0.5291666666666667 0.5 0.0075 0.0175
2 0.6291666666666667 0.4891666666666667 0.0033333333333333335 0.01
4 0.5508333333333333 0.49 0.0033333333333333335 0.0125
2 0.8916666666666667 0.7475 0.06666666666666667 0.15833333333333333
2 0.6033333333333334 0.4841666666666667 0.0025 0.009166666666666667
4 0.5533333333333333 0.48583333333333334 0.0025 0.01
4 0.5416666666666666 0.48333333333333334 0.0025 0.009166666666666667
2 0.5791666666666667 0.4825 0.0025 0.008333333333333333
2 0.5925 0.4816666666666667 0.0016666666666666668 0.006666666666666667
2 0.6008333333333333 0.4816666666666667 0.0016666666666666668 0.0075
4 0.5383333333333333 0.47833333333333333 0.0016666666666666668 0.008333333333333333
4 0.5258333333333334 0.4791666666666667 0.0016666666666666668 0.009166666666666667
4 0.5558333333333333 0.47833333333333333 0.0016666666666666668 0.005833333333333334
4 0.56 0.47833333333333333 0.0016666666666666668 0.005833333333333334
4 0.5658333333333333 0.4766666666666667 0.0008333333333333334 0.005