4 0.7025 0.5475 0.0125 0.0225
4 0.6775 0.5616666666666666 0.020833333333333332 0.035
4 0.7708333333333334 0.5533333333333333 0.0125 0.019166666666666665
2 0.5875 0.5175 0.006666666666666667 0.0125
4 0.8766666666666667 0.5716666666666667 0.011666666666666667 0.0175
4 0.7358333333333333 0.5483333333333333 0.010833333333333334 0.020833333333333332
2 0.5516666666666666 0.5175 0.009166666666666667 0.018333333333333333
4 0.8283333333333334 0.5625 0.011666666666666667 0.016666666666666666
2 0.6525 0.5233333333333333 0.005833333333333334 0.011666666666666667
2 0.7183333333333334 0.5366666666666666 0.0075 0.011666666666666667
2 0.8025 0.5533333333333333 0.006666666666666667 0.011666666666666667
2 0.9341666666666667 0.575 0.0025 0.015