4 0.6183333333333333 0.5433333333333333 0.018333333333333333 0.030833333333333334
4 0.5775 0.5233333333333333 0.010833333333333334 0.02
4 0.5233333333333333 0.5075 0.0075 0.014166666666666666
4 0.9283333333333333 0.5541666666666667 0.01 0.015833333333333335
4 0.9241666666666667 0.6625 0.024166666666666666 0.0775
4 0.76 0.5341666666666667 0.006666666666666667 0.0125
4 0.5125 0.49583333333333335 0.0033333333333333335 0.009166666666666667
4 0.8533333333333334 0.5416666666666666 0.006666666666666667 0.010833333333333334
4 0.49833333333333335 0.4975 0.004166666666666667 0.01
4 0.7666666666666667 0.5341666666666667 0.005833333333333334 0.013333333333333334
4 0.5016666666666667 0.5008333333333334 0.004166666666666667 0.011666666666666667
2 0.8708333333333333 0.54 0.004166666666666667 0.008333333333333333