2 0.705 0.585 0.02666666666666667 0.045
2 0.5858333333333333 0.5466666666666666 0.0075 0.014166666666666666
2 0.44 0.55 0.005 0.0125
2 0.6016666666666667 0.555 0.0125 0.020833333333333332
2 0.57 0.5391666666666667 0.0033333333333333335 0.009166666666666667
2 0.4691666666666667 0.5425 0.004166666666666667 0.01
2 0.4816666666666667 0.5416666666666666 0.0025 0.005833333333333334
2 0.48833333333333334 0.5416666666666666 0.0025 0.005833333333333334
2 0.5641666666666667 0.5391666666666667 0.0033333333333333335 0.006666666666666667
2 0.475 0.5416666666666666 0.0025 0.005
2 0.5483333333333333 0.5408333333333334 0.0033333333333333335 0.006666666666666667
2 0.23666666666666666 0.5708333333333333 0.004166666666666667 0.010833333333333334
2 0.5641666666666667 0.5391666666666667 0.0033333333333333335 0.0075
2 0.46166666666666667 0.5416666666666666 0.0025 0.006666666666666667
2 0.5241666666666667 0.54 0.0025 0.0033333333333333335
2 0.5016666666666667 0.54 0.0025 0.005