2 0.44166666666666665 0.55 0.0075 0.014166666666666666
2 0.5991666666666666 0.5733333333333334 0.018333333333333333 0.030833333333333334
2 0.5758333333333333 0.5516666666666666 0.009166666666666667 0.015833333333333335
2 0.6341666666666667 0.5408333333333334 0.006666666666666667 0.010833333333333334
2 0.505 0.5433333333333333 0.004166666666666667 0.010833333333333334
2 0.545 0.5408333333333334 0.004166666666666667 0.01
2 0.6966666666666667 0.5325 0.0025 0.006666666666666667
2 0.6775 0.5358333333333334 0.0033333333333333335 0.009166666666666667
2 0.6091666666666666 0.5375 0.0033333333333333335 0.006666666666666667
2 0.705 0.5291666666666667 0.0025 0.005
2 0.7108333333333333 0.53 0.005 0.004166666666666667
2 0.7183333333333334 0.53 0.004166666666666667 0.005
2 0.7241666666666666 0.5291666666666667 0.004166666666666667 0.004166666666666667
2 0.7308333333333333 0.5275 0.0033333333333333335 0.005
4 0.7725 0.5633333333333334 0.019166666666666665 0.018333333333333333