4 0.6933333333333334 0.4483333333333333 0.0175 0.045
0 0.46166666666666667 0.39416666666666667 0.016666666666666666 0.03833333333333333
0 0.29083333333333333 0.48833333333333334 0.028333333333333332 0.065
4 0.7133333333333334 0.5733333333333334 0.04083333333333333 0.0825
0 0.6233333333333333 0.3466666666666667 0.0075 0.015833333333333335
4 0.7108333333333333 0.36583333333333334 0.005833333333333334 0.015833333333333335
2 0.5416666666666666 0.3675 0.008333333333333333 0.025
4 0.6958333333333333 0.38 0.008333333333333333 0.024166666666666666
4 0.8475 0.38666666666666666 0.006666666666666667 0.011666666666666667
0 0.65 0.3375 0.005833333333333334 0.013333333333333334
4 0.885 0.4 0.005 0.0125
4 0.7125 0.35 0.004166666666666667 0.011666666666666667
0 0.6816666666666666 0.3275 0.004166666666666667 0.0075
2 0.6958333333333333 0.39916666666666667 0.008333333333333333 0.0275
0 0.9058333333333334 0.4 0.004166666666666667 0.0125
0 0.6658333333333334 0.33416666666666667 0.005833333333333334 0.009166666666666667
0 0.6733333333333333 0.33 0.0033333333333333335 0.0075
4 0.30666666666666664 0.2875 0.0075 0.018333333333333333
4 0.8225 0.37583333333333335 0.006666666666666667 0.01
4 0.7166666666666667 0.3441666666666667 0.0025 0.009166666666666667
0 0.9075 0.4025 0.0033333333333333335 0.011666666666666667
4 0.8816666666666667 0.3883333333333333 0.0033333333333333335 0.009166666666666667
4 0.2916666666666667 0.30833333333333335 0.0075 0.0175
4 0.8308333333333333 0.37583333333333335 0.005833333333333334 0.013333333333333334
2 0.6975 0.40166666666666667 0.01 0.029166666666666667
0 0.685 0.325 0.004166666666666667 0.005833333333333334
4 0.8541666666666666 0.38 0.005833333333333334 0.009166666666666667
2 0.5466666666666666 0.36583333333333334 0.005833333333333334 0.023333333333333334