4 0.9016666666666666 0.5833333333333334 0.0125 0.02
4 0.7608333333333334 0.6333333333333333 0.03666666666666667 0.06833333333333333
4 0.9116666666666666 0.58 0.008333333333333333 0.015833333333333335
2 0.6433333333333333 0.5441666666666667 0.009166666666666667 0.02
2 0.7783333333333333 0.5558333333333333 0.004166666666666667 0.014166666666666666
4 0.8241666666666667 0.6016666666666667 0.025833333333333333 0.04
2 0.805 0.5566666666666666 0.004166666666666667 0.013333333333333334
4 0.8816666666666667 0.5891666666666666 0.0175 0.025833333333333333
2 0.8283333333333334 0.5575 0.004166666666666667 0.011666666666666667
2 0.7191666666666666 0.5508333333333333 0.0075 0.018333333333333333
4 0.9233333333333333 0.5758333333333333 0.0033333333333333335 0.014166666666666666
2 0.8475 0.5591666666666667 0.0033333333333333335 0.01
4 0.9275 0.575 0.0033333333333333335 0.0125
4 0.9175 0.5766666666666667 0.004166666666666667 0.015
4 0.9108333333333334 0.875 0.050833333333333335 0.0425