2 0.4216666666666667 0.5433333333333333 0.004166666666666667 0.0125
2 0.6216666666666667 0.57 0.015833333333333335 0.029166666666666667
2 0.6608333333333334 0.6041666666666666 0.029166666666666667 0.05333333333333334
2 0.6066666666666667 0.5575 0.009166666666666667 0.018333333333333333
2 0.5966666666666667 0.5508333333333333 0.006666666666666667 0.015
2 0.4775 0.5375 0.0033333333333333335 0.009166666666666667
2 0.13666666666666666 0.515 0.004166666666666667 0.009166666666666667
2 0.45 0.5408333333333334 0.004166666666666667 0.011666666666666667
2 0.19416666666666665 0.5166666666666667 0.004166666666666667 0.006666666666666667
2 0.5833333333333334 0.5416666666666666 0.0033333333333333335 0.009166666666666667
2 0.5908333333333333 0.5458333333333333 0.004166666666666667 0.010833333333333334
2 0.21333333333333335 0.555 0.0075 0.0175
2 0.58 0.5383333333333333 0.0025 0.0075
2 0.17333333333333334 0.52 0.005833333333333334 0.010833333333333334
2 0.8908333333333334 0.72 0.08333333333333333 0.14166666666666666
2 0.5783333333333334 0.5366666666666666 0.0025 0.005833333333333334
2 0.49833333333333335 0.5358333333333334 0.0025 0.008333333333333333