4 0.2791666666666667 0.5425 0.016666666666666666 0.035833333333333335
2 0.43666666666666665 0.51 0.011666666666666667 0.021666666666666667
2 0.3525 0.49666666666666665 0.005833333333333334 0.013333333333333334
2 0.5075 0.5258333333333334 0.016666666666666666 0.034166666666666665
2 0.5991666666666666 0.5533333333333333 0.0225 0.049166666666666664
2 0.38416666666666666 0.5008333333333334 0.008333333333333333 0.015833333333333335
4 0.2733333333333333 0.5225 0.010833333333333334 0.025
4 0.2633333333333333 0.5758333333333333 0.015 0.050833333333333335
2 0.29083333333333333 0.4891666666666667 0.004166666666666667 0.01
2 0.7725 0.6158333333333333 0.03666666666666667 0.08833333333333333
2 0.2708333333333333 0.495 0.005833333333333334 0.010833333333333334
4 0.2708333333333333 0.5125 0.008333333333333333 0.021666666666666667
2 0.30916666666666665 0.49583333333333335 0.005833333333333334 0.011666666666666667
2 0.25916666666666666 0.485 0.0033333333333333335 0.0075
2 0.2975 0.485 0.0033333333333333335 0.009166666666666667
2 0.27666666666666667 0.485 0.004166666666666667 0.009166666666666667