0 0.6275 0.5216666666666666 0.0175 0.03916666666666667
4 0.7083333333333334 0.49333333333333335 0.006666666666666667 0.009166666666666667
0 0.26666666666666666 0.4266666666666667 0.010833333333333334 0.0175
4 0.8625 0.5275 0.004166666666666667 0.0075
4 0.7808333333333334 0.5125 0.005 0.010833333333333334
4 0.8366666666666667 0.5166666666666667 0.004166666666666667 0.0075
4 0.8933333333333333 0.5333333333333333 0.005833333333333334 0.0075
4 0.91 0.5408333333333334 0.0075 0.009166666666666667
4 0.8191666666666667 0.515 0.005 0.0075
4 0.7716666666666666 0.5033333333333333 0.0033333333333333335 0.0075
0 0.5525 0.46166666666666667 0.005 0.010833333333333334
1 0.5608333333333333 0.46166666666666667 0.005 0.016666666666666666