4 0.6316666666666667 0.58 0.018333333333333333 0.045
4 0.6566666666666666 0.5533333333333333 0.011666666666666667 0.028333333333333332
4 0.845 0.5475 0.0075 0.0175
4 0.7825 0.745 0.05583333333333333 0.13416666666666666
4 0.7725 0.5441666666666667 0.008333333333333333 0.019166666666666665
2 0.525 0.5316666666666666 0.0075 0.0225
2 0.38083333333333336 0.5216666666666666 0.008333333333333333 0.023333333333333334
4 0.9258333333333333 0.5558333333333333 0.008333333333333333 0.0175
2 0.5083333333333333 0.5191666666666667 0.005833333333333334 0.016666666666666666
2 0.8991666666666667 0.5466666666666666 0.004166666666666667 0.015
4 0.7091666666666666 0.545 0.009166666666666667 0.021666666666666667
2 0.6216666666666667 0.53 0.005833333333333334 0.0175
2 0.7133333333333334 0.5325 0.005833333333333334 0.015833333333333335
0 0.44416666666666665 0.5391666666666667 0.01 0.030833333333333334
2 0.4033333333333333 0.5116666666666667 0.005833333333333334 0.016666666666666666
2 0.8033333333333333 0.5383333333333333 0.005 0.015
2 0.49833333333333335 0.5116666666666667 0.004166666666666667 0.015833333333333335
2 0.415 0.5066666666666667 0.0033333333333333335 0.0125
0 0.47 0.5041666666666667 0.0025 0.01
0 0.43833333333333335 0.49916666666666665 0.0025 0.008333333333333333
0 0.3983333333333333 0.49916666666666665 0.0025 0.01
0 0.3575 0.4925 0.0025 0.009166666666666667