4 0.6283333333333333 0.5525 0.018333333333333333 0.03
4 0.7466666666666667 0.5466666666666666 0.01 0.0175
4 0.5575 0.5175 0.005833333333333334 0.011666666666666667
4 0.8691666666666666 0.6808333333333333 0.06833333333333333 0.0975
4 0.7341666666666666 0.5375 0.0075 0.01
4 0.5816666666666667 0.5308333333333334 0.009166666666666667 0.019166666666666665
4 0.6983333333333334 0.5291666666666667 0.005833333333333334 0.009166666666666667
4 0.6758333333333333 0.5233333333333333 0.0033333333333333335 0.0075
4 0.6583333333333333 0.5208333333333334 0.004166666666666667 0.005833333333333334
4 0.5241666666666667 0.5091666666666667 0.0033333333333333335 0.01
4 0.5133333333333333 0.5058333333333334 0.0033333333333333335 0.009166666666666667
4 0.16083333333333333 0.49 0.004166666666666667 0.009166666666666667
4 0.6025 0.515 0.0033333333333333335 0.0075
4 0.6058333333333333 0.515 0.0033333333333333335 0.0075
2 0.7491666666666666 0.5358333333333334 0.005833333333333334 0.011666666666666667
2 0.14333333333333334 0.49 0.011666666666666667 0.01