4 0.43333333333333335 0.5091666666666667 0.008333333333333333 0.019166666666666665
2 0.5658333333333333 0.51 0.0075 0.0175
4 0.41 0.5233333333333333 0.0125 0.02666666666666667
2 0.6675 0.5633333333333334 0.02 0.04666666666666667
4 0.45166666666666666 0.5016666666666667 0.006666666666666667 0.015
4 0.46 0.49666666666666665 0.005 0.011666666666666667
4 0.4675 0.4925 0.004166666666666667 0.009166666666666667
2 0.8616666666666667 0.67 0.0525 0.11083333333333334
2 0.5525 0.5041666666666667 0.005833333333333334 0.011666666666666667
2 0.5958333333333333 0.5258333333333334 0.011666666666666667 0.025
4 0.4716666666666667 0.49 0.0033333333333333335 0.009166666666666667
2 0.5441666666666667 0.5 0.004166666666666667 0.010833333333333334
4 0.4766666666666667 0.4875 0.0033333333333333335 0.008333333333333333
2 0.5366666666666666 0.49583333333333335 0.004166666666666667 0.009166666666666667
4 0.4816666666666667 0.485 0.0025 0.005833333333333334
2 0.5308333333333334 0.4925 0.0025 0.006666666666666667
2 0.5266666666666666 0.49083333333333334 0.0025 0.005833333333333334
4 0.38333333333333336 0.5333333333333333 0.005833333333333334 0.009166666666666667