4 0.6708333333333333 0.5333333333333333 0.015833333333333335 0.034166666666666665
4 0.6841666666666667 0.5183333333333333 0.009166666666666667 0.0225
4 0.5375 0.4683333333333333 0.0075 0.0175
4 0.7916666666666666 0.5366666666666666 0.006666666666666667 0.011666666666666667
4 0.7341666666666666 0.5241666666666667 0.008333333333333333 0.015833333333333335
4 0.83 0.545 0.005833333333333334 0.011666666666666667
4 0.6408333333333334 0.49166666666666664 0.005833333333333334 0.0125
4 0.8591666666666666 0.55 0.004166666666666667 0.008333333333333333
4 0.71 0.5083333333333333 0.005833333333333334 0.0125
4 0.8741666666666666 0.5416666666666666 0.0033333333333333335 0.0075
4 0.8408333333333333 0.5366666666666666 0.0033333333333333335 0.008333333333333333
4 0.8208333333333333 0.5316666666666666 0.0033333333333333335 0.008333333333333333
4 0.8983333333333333 0.5525 0.004166666666666667 0.008333333333333333
4 0.8808333333333334 0.5516666666666666 0.0033333333333333335 0.0075
4 0.7566666666666667 0.5208333333333334 0.004166666666666667 0.01
4 0.9075 0.5533333333333333 0.0033333333333333335 0.006666666666666667
4 0.8841666666666667 0.545 0.0025 0.005833333333333334
4 0.7941666666666667 0.5283333333333333 0.004166666666666667 0.008333333333333333
4 0.9275 0.5566666666666666 0.0033333333333333335 0.006666666666666667
4 0.86 0.54 0.0033333333333333335 0.0075
4 0.9166666666666666 0.5533333333333333 0.0033333333333333335 0.0075