4 0.5233333333333333 0.52 0.010833333333333334 0.021666666666666667
4 0.6166666666666667 0.5241666666666667 0.008333333333333333 0.013333333333333334
4 0.5583333333333333 0.5216666666666666 0.009166666666666667 0.019166666666666665
2 0.7566666666666667 0.5741666666666667 0.021666666666666667 0.03666666666666667
2 0.6266666666666667 0.5658333333333333 0.0125 0.034166666666666665
4 0.8291666666666667 0.6633333333333333 0.0575 0.09083333333333334
2 0.7808333333333334 0.545 0.006666666666666667 0.011666666666666667
4 0.6516666666666666 0.525 0.008333333333333333 0.011666666666666667
4 0.6608333333333334 0.5233333333333333 0.005833333333333334 0.011666666666666667
4 0.6775 0.5233333333333333 0.005833333333333334 0.009166666666666667
2 0.29333333333333333 0.4841666666666667 0.006666666666666667 0.011666666666666667
2 0.8066666666666666 0.5691666666666667 0.016666666666666666 0.028333333333333332
4 0.7025 0.5233333333333333 0.005833333333333334 0.009166666666666667
2 0.7741666666666667 0.5391666666666667 0.0075 0.013333333333333334
4 0.8183333333333334 0.5333333333333333 0.004166666666666667 0.0075
4 0.7816666666666666 0.53 0.005833333333333334 0.0075
4 0.7408333333333333 0.5258333333333334 0.005833333333333334 0.0075
2 0.7841666666666667 0.5358333333333334 0.0033333333333333335 0.01
2 0.295 0.5191666666666667 0.010833333333333334 0.0175
2 0.8025 0.5366666666666666 0.0033333333333333335 0.009166666666666667
4 0.6466666666666666 0.5833333333333334 0.028333333333333332 0.035833333333333335
2 0.8091666666666667 0.5566666666666666 0.010833333333333334 0.02