4 0.6941666666666667 0.5133333333333333 0.016666666666666666 0.0325
4 0.7325 0.51 0.014166666666666666 0.028333333333333332
4 0.6816666666666666 0.5283333333333333 0.024166666666666666 0.0425
4 0.8025 0.5158333333333334 0.0125 0.025
4 0.9058333333333334 0.5316666666666666 0.010833333333333334 0.018333333333333333
4 0.7466666666666667 0.5783333333333334 0.04 0.07083333333333333
4 0.6458333333333334 0.4841666666666667 0.006666666666666667 0.01
4 0.23833333333333334 0.4525 0.013333333333333334 0.025
4 0.7441666666666666 0.49833333333333335 0.0075 0.011666666666666667
4 0.22 0.49333333333333335 0.016666666666666666 0.0425
4 0.30583333333333335 0.4575 0.018333333333333333 0.02
4 0.8258333333333333 0.5125 0.005 0.010833333333333334