2 0.8108333333333333 0.6141666666666666 0.0275 0.060833333333333336
2 0.6391666666666667 0.5641666666666667 0.018333333333333333 0.0425
2 0.615 0.515 0.0033333333333333335 0.014166666666666666
2 0.29833333333333334 0.49333333333333335 0.0075 0.015833333333333335
2 0.38666666666666666 0.5041666666666667 0.01 0.023333333333333334
2 0.48833333333333334 0.5266666666666666 0.0125 0.029166666666666667
2 0.8975 0.5483333333333333 0.0075 0.013333333333333334
2 0.31416666666666665 0.4925 0.006666666666666667 0.013333333333333334
2 0.3325 0.49666666666666665 0.008333333333333333 0.0175
4 0.9141666666666667 0.5458333333333333 0.006666666666666667 0.011666666666666667
2 0.6883333333333334 0.5241666666666667 0.0075 0.013333333333333334
4 0.6983333333333334 0.5233333333333333 0.005833333333333334 0.011666666666666667
4 0.8666666666666667 0.5408333333333334 0.005833333333333334 0.01
4 0.7491666666666666 0.5283333333333333 0.005833333333333334 0.013333333333333334
4 0.8866666666666667 0.5425 0.005833333333333334 0.009166666666666667
4 0.7958333333333333 0.5341666666666667 0.005833333333333334 0.011666666666666667
2 0.49416666666666664 0.5025 0.005833333333333334 0.013333333333333334
2 0.7591666666666667 0.5325 0.005833333333333334 0.015
2 0.46 0.49833333333333335 0.0033333333333333335 0.009166666666666667
4 0.6458333333333334 0.5166666666666667 0.004166666666666667 0.010833333333333334
2 0.5391666666666667 0.5058333333333334 0.004166666666666667 0.011666666666666667
4 0.5325 0.5033333333333333 0.004166666666666667 0.009166666666666667
2 0.3958333333333333 0.49583333333333335 0.005833333333333334 0.011666666666666667
4 0.5875 0.5091666666666667 0.004166666666666667 0.010833333333333334
2 0.36333333333333334 0.49333333333333335 0.0033333333333333335 0.013333333333333334
2 0.84 0.5416666666666666 0.0025 0.013333333333333334
4 0.2891666666666667 0.4866666666666667 0.004166666666666667 0.011666666666666667
4 0.4825 0.49916666666666665 0.004166666666666667 0.0075
4 0.8383333333333334 0.5375 0.0033333333333333335 0.010833333333333334
4 0.5675 0.5066666666666667 0.0033333333333333335 0.0075
2 0.43 0.495 0.0033333333333333335 0.009166666666666667
2 0.6983333333333334 0.5233333333333333 0.005833333333333334 0.011666666666666667
4 0.7158333333333333 0.5241666666666667 0.0033333333333333335 0.0075
2 0.8866666666666667 0.5425 0.005833333333333334 0.009166666666666667
4 0.3616666666666667 0.49166666666666664 0.0033333333333333335 0.011666666666666667