0 0.865 0.48583333333333334 0.006666666666666667 0.015833333333333335
0 0.8241666666666667 0.5158333333333334 0.014166666666666666 0.029166666666666667
4 0.6658333333333334 0.4725 0.011666666666666667 0.028333333333333332
0 0.83 0.5816666666666667 0.019166666666666665 0.0525
4 0.5716666666666667 0.5158333333333334 0.0225 0.049166666666666664
0 0.8416666666666667 0.4825 0.006666666666666667 0.018333333333333333
0 0.8983333333333333 0.485 0.004166666666666667 0.014166666666666666
4 0.7466666666666667 0.4575 0.006666666666666667 0.0175
0 0.8291666666666667 0.48833333333333334 0.008333333333333333 0.021666666666666667
4 0.7733333333333333 0.45916666666666667 0.005833333333333334 0.015
0 0.8741666666666666 0.4716666666666667 0.0033333333333333335 0.011666666666666667
0 0.8891666666666667 0.4875 0.005833333333333334 0.014166666666666666
4 0.11166666666666666 0.7216666666666667 0.058333333333333334 0.13
0 0.7908333333333334 0.4425 0.004166666666666667 0.009166666666666667
4 0.7958333333333333 0.4525 0.004166666666666667 0.010833333333333334
4 0.765 0.44083333333333335 0.0033333333333333335 0.01
0 0.8433333333333334 0.4608333333333333 0.0033333333333333335 0.01
0 0.825 0.8375 0.0525 0.11666666666666667
0 0.8158333333333333 0.4508333333333333 0.0033333333333333335 0.01
4 0.7183333333333334 0.4575 0.0075 0.020833333333333332
4 0.8091666666666667 0.4633333333333333 0.004166666666666667 0.0125
4 0.8266666666666667 0.4633333333333333 0.0025 0.013333333333333334
2 0.9283333333333333 0.4741666666666667 0.0025 0.01
4 0.7375 0.43083333333333335 0.0033333333333333335 0.01
4 0.8183333333333334 0.4608333333333333 0.008333333333333333 0.01
0 0.895 0.465 0.0025 0.008333333333333333
2 0.9333333333333333 0.4775 0.0033333333333333335 0.009166666666666667
0 0.7691666666666667 0.43333333333333335 0.0033333333333333335 0.0075
0 0.7825 0.43416666666666665 0.005833333333333334 0.009166666666666667
4 0.8766666666666667 0.45666666666666667 0.004166666666666667 0.0075
4 0.8183333333333334 0.4608333333333333 0.0025 0.0125
0 0.8541666666666666 0.4525 0.0033333333333333335 0.0075
0 0.8916666666666667 0.4791666666666667 0.0033333333333333335 0.0125
4 0.7775 0.43083333333333335 0.004166666666666667 0.0075
4 0.7483333333333333 0.42583333333333334 0.0033333333333333335 0.009166666666666667
4 0.725 0.425 0.0025 0.009166666666666667
0 0.8183333333333334 0.44166666666666665 0.004166666666666667 0.0075
0 0.7991666666666667 0.43666666666666665 0.0033333333333333335 0.009166666666666667
0 0.7808333333333334 0.43833333333333335 0.004166666666666667 0.0075
0 0.8183333333333334 0.4608333333333333 0.008333333333333333 0.01
4 0.7258333333333333 0.4225 0.0025 0.009166666666666667
4 0.8216666666666667 0.4625 0.0033333333333333335 0.0125