4 0.42916666666666664 0.5133333333333333 0.014166666666666666 0.0325
2 0.6541666666666667 0.535 0.016666666666666666 0.04
2 0.6408333333333334 0.48583333333333334 0.006666666666666667 0.013333333333333334
2 0.5908333333333333 0.5058333333333334 0.01 0.024166666666666666
4 0.4825 0.48333333333333334 0.006666666666666667 0.015833333333333335
4 0.4533333333333333 0.49416666666666664 0.01 0.020833333333333332
4 0.5258333333333334 0.4825 0.005833333333333334 0.013333333333333334
2 0.5891666666666666 0.49333333333333335 0.006666666666666667 0.016666666666666666
2 0.6508333333333334 0.48 0.005833333333333334 0.013333333333333334
4 0.5666666666666667 0.4791666666666667 0.005833333333333334 0.010833333333333334
4 0.5891666666666666 0.4725 0.004166666666666667 0.009166666666666667
2 0.6583333333333333 0.4741666666666667 0.005833333333333334 0.01
2 0.6725 0.47 0.005833333333333334 0.009166666666666667
2 0.7008333333333333 0.46416666666666667 0.004166666666666667 0.0075
4 0.6116666666666667 0.4658333333333333 0.0033333333333333335 0.009166666666666667
4 0.3975 0.5266666666666666 0.009166666666666667 0.023333333333333334
4 0.6583333333333333 0.46 0.0025 0.0075
4 0.6933333333333334 0.45666666666666667 0.0025 0.005833333333333334
4 0.7316666666666667 0.4533333333333333 0.0025 0.004166666666666667
4 0.7683333333333333 0.45 0.0025 0.004166666666666667
4 0.8141666666666667 0.44666666666666666 0.0016666666666666668 0.004166666666666667
4 0.845 0.44583333333333336 0.0016666666666666668 0.0033333333333333335
2 0.7291666666666666 0.45916666666666667 0.0025 0.005833333333333334
2 0.765 0.4558333333333333 0.0025 0.005
2 0.7991666666666667 0.4525 0.0016666666666666668 0.004166666666666667
2 0.84 0.44916666666666666 0.0025 0.0033333333333333335
4 0.515 0.455 0.0016666666666666668 0.004166666666666667
4 0.5083333333333333 0.4608333333333333 0.0025 0.005
4 0.5325 0.4533333333333333 0.0016666666666666668 0.004166666666666667
4 0.5241666666666667 0.45416666666666666 0.0016666666666666668 0.0033333333333333335
4 0.545 0.4525 0.0025 0.004166666666666667
4 0.5566666666666666 0.45166666666666666 0.0016666666666666668 0.004166666666666667
4 0.5691666666666667 0.4508333333333333 0.0016666666666666668 0.004166666666666667
4 0.4475 0.4658333333333333 0.0025 0.005833333333333334