2 0.4216666666666667 0.56 0.006666666666666667 0.02
2 0.7266666666666667 0.5816666666666667 0.020833333333333332 0.0375
2 0.6191666666666666 0.5591666666666667 0.01 0.019166666666666665
2 0.45666666666666667 0.5508333333333333 0.004166666666666667 0.0125
2 0.89 0.5308333333333334 0.0025 0.009166666666666667
2 0.5883333333333334 0.5516666666666666 0.005833333333333334 0.0125
2 0.4791666666666667 0.5466666666666666 0.004166666666666667 0.009166666666666667
2 0.49583333333333335 0.5433333333333333 0.0033333333333333335 0.008333333333333333
2 0.8608333333333333 0.5316666666666666 0.0025 0.006666666666666667
2 0.77 0.5333333333333333 0.0025 0.006666666666666667
2 0.5733333333333334 0.5466666666666666 0.0033333333333333335 0.009166666666666667
2 0.8008333333333333 0.5333333333333333 0.0025 0.006666666666666667
2 0.9241666666666667 0.53 0.0025 0.006666666666666667
2 0.8316666666666667 0.5325 0.0025 0.006666666666666667
2 0.7633333333333333 0.5341666666666667 0.0025 0.006666666666666667
2 0.8066666666666666 0.5341666666666667 0.0025 0.0075
2 0.7841666666666667 0.5333333333333333 0.0016666666666666668 0.006666666666666667
2 0.835 0.5316666666666666 0.0016666666666666668 0.005833333333333334
2 0.5683333333333334 0.5433333333333333 0.0025 0.008333333333333333
2 0.805 0.5366666666666666 0.005 0.004166666666666667
2 0.5083333333333333 0.5416666666666666 0.0025 0.006666666666666667
2 0.5308333333333334 0.5408333333333334 0.0025 0.006666666666666667
2 0.5541666666666667 0.54 0.0025 0.005833333333333334
2 0.615 0.5391666666666667 0.0025 0.006666666666666667
2 0.6433333333333333 0.5391666666666667 0.0025 0.005833333333333334
2 0.655 0.5375 0.0025 0.005833333333333334