0 0.8091666666666667 0.5433333333333333 0.016666666666666666 0.035833333333333335
0 0.8608333333333333 0.5425 0.01 0.028333333333333332
0 0.6825 0.49333333333333335 0.005833333333333334 0.02
0 0.9016666666666666 0.5441666666666667 0.010833333333333334 0.023333333333333334
0 0.7591666666666667 0.5558333333333333 0.024166666666666666 0.05333333333333334
0 0.5908333333333333 0.47833333333333333 0.0075 0.020833333333333332
0 0.9291666666666667 0.5458333333333333 0.008333333333333333 0.02
0 0.7958333333333333 0.5108333333333334 0.005833333333333334 0.014166666666666666
0 0.77 0.5075 0.005833333333333334 0.015833333333333335
0 0.7233333333333334 0.5 0.006666666666666667 0.016666666666666666
0 0.8183333333333334 0.5133333333333333 0.004166666666666667 0.0125
0 0.9175 0.5308333333333334 0.0025 0.01
4 0.8475 0.52 0.005833333333333334 0.010833333333333334