4 0.7241666666666666 0.5708333333333333 0.016666666666666666 0.029166666666666667
4 0.7491666666666666 0.5566666666666666 0.01 0.0175
4 0.8066666666666666 0.67 0.051666666666666666 0.08416666666666667
4 0.7041666666666667 0.5916666666666667 0.025833333333333333 0.04583333333333333
4 0.7341666666666666 0.56 0.010833333333333334 0.020833333333333332
2 0.5916666666666667 0.5283333333333333 0.008333333333333333 0.015833333333333335
2 0.5558333333333333 0.5291666666666667 0.011666666666666667 0.0225
4 0.6875 0.535 0.005833333333333334 0.011666666666666667
2 0.645 0.5316666666666666 0.008333333333333333 0.013333333333333334
4 0.7258333333333333 0.5466666666666666 0.006666666666666667 0.013333333333333334
4 0.8283333333333334 0.5658333333333333 0.009166666666666667 0.015833333333333335
2 0.8191666666666667 0.5658333333333333 0.009166666666666667 0.015833333333333335
2 0.615 0.5216666666666666 0.004166666666666667 0.009166666666666667
4 0.6591666666666667 0.5291666666666667 0.004166666666666667 0.009166666666666667
4 0.6425 0.525 0.004166666666666667 0.0075
4 0.7516666666666667 0.5533333333333333 0.006666666666666667 0.013333333333333334