0 0.8333333333333334 0.5516666666666666 0.010833333333333334 0.02
0 0.8133333333333334 0.57 0.02 0.03666666666666667
0 0.5908333333333333 0.4875 0.010833333333333334 0.021666666666666667
0 0.6758333333333333 0.49916666666666665 0.008333333333333333 0.0175
0 0.7325 0.5116666666666667 0.005833333333333334 0.011666666666666667
0 0.5308333333333334 0.4775 0.010833333333333334 0.0275
0 0.25833333333333336 0.44 0.0125 0.034166666666666665
0 0.7758333333333334 0.52 0.005833333333333334 0.01
4 0.7958333333333333 0.5241666666666667 0.005833333333333334 0.01
4 0.9108333333333334 0.5558333333333333 0.005833333333333334 0.010833333333333334
0 0.8758333333333334 0.5516666666666666 0.004166666666666667 0.010833333333333334
0 0.8541666666666666 0.5508333333333333 0.008333333333333333 0.015833333333333335
4 0.83 0.5333333333333333 0.0025 0.006666666666666667
4 0.5225 0.45666666666666667 0.0075 0.009166666666666667
4 0.8791666666666667 0.5433333333333333 0.0025 0.008333333333333333
2 0.9233333333333333 0.565 0.005 0.01
2 0.9333333333333333 0.5666666666666667 0.0033333333333333335 0.009166666666666667
2 0.9258333333333333 0.5558333333333333 0.0033333333333333335 0.0075
0 0.2808333333333333 0.4425 0.014166666666666666 0.018333333333333333