4 0.8575 0.5883333333333334 0.016666666666666666 0.028333333333333332
4 0.8725 0.5783333333333334 0.011666666666666667 0.018333333333333333
4 0.8391666666666666 0.5783333333333334 0.0125 0.023333333333333334
2 0.56 0.5283333333333333 0.0075 0.021666666666666667
2 0.6016666666666667 0.53 0.005833333333333334 0.019166666666666665
4 0.8291666666666667 0.555 0.0033333333333333335 0.010833333333333334
4 0.5983333333333334 0.52 0.005 0.014166666666666666
4 0.5525 0.5058333333333334 0.0025 0.01
2 0.7225 0.5425 0.004166666666666667 0.014166666666666666
2 0.6466666666666666 0.5333333333333333 0.005833333333333334 0.015833333333333335
4 0.5675 0.5125 0.004166666666666667 0.013333333333333334
2 0.6208333333333333 0.5183333333333333 0.0033333333333333335 0.01
2 0.605 0.5141666666666667 0.0025 0.0075
2 0.7391666666666666 0.545 0.004166666666666667 0.0125
4 0.6916666666666667 0.5366666666666666 0.004166666666666667 0.014166666666666666
4 0.545 0.5016666666666667 0.0033333333333333335 0.009166666666666667
4 0.6383333333333333 0.5341666666666667 0.010833333333333334 0.0125
2 0.7783333333333333 0.5508333333333333 0.008333333333333333 0.008333333333333333
2 0.8891666666666667 0.5708333333333333 0.006666666666666667 0.005833333333333334