4 0.7158333333333333 0.5225 0.014166666666666666 0.028333333333333332
4 0.5616666666666666 0.49333333333333335 0.008333333333333333 0.019166666666666665
4 0.5325 0.49083333333333334 0.008333333333333333 0.0175
4 0.5758333333333333 0.49833333333333335 0.01 0.021666666666666667
4 0.6483333333333333 0.5283333333333333 0.014166666666666666 0.0325
4 0.685 0.5058333333333334 0.010833333333333334 0.020833333333333332
2 0.7825 0.5083333333333333 0.008333333333333333 0.018333333333333333
2 0.87 0.6066666666666667 0.03166666666666667 0.06583333333333333
2 0.8533333333333334 0.5241666666666667 0.01 0.021666666666666667
2 0.7491666666666666 0.5025 0.0075 0.015833333333333335
4 0.5966666666666667 0.5016666666666667 0.009166666666666667 0.020833333333333332
4 0.6166666666666667 0.5033333333333333 0.009166666666666667 0.020833333333333332
4 0.7683333333333333 0.49916666666666665 0.006666666666666667 0.013333333333333334
4 0.44416666666666665 0.4841666666666667 0.0075 0.015833333333333335
4 0.4891666666666667 0.4875 0.008333333333333333 0.016666666666666666
4 0.6266666666666667 0.5016666666666667 0.008333333333333333 0.02
4 0.6108333333333333 0.49583333333333335 0.0075 0.018333333333333333
2 0.7258333333333333 0.5008333333333334 0.006666666666666667 0.015833333333333335
4 0.7233333333333334 0.5166666666666667 0.010833333333333334 0.025
4 0.49 0.5275 0.018333333333333333 0.04
2 0.92 0.5575 0.015833333333333335 0.035
2 0.30666666666666664 0.47583333333333333 0.0033333333333333335 0.0125
4 0.6508333333333334 0.5 0.008333333333333333 0.019166666666666665
4 0.5341666666666667 0.4741666666666667 0.004166666666666667 0.009166666666666667
2 0.6633333333333333 0.4891666666666667 0.006666666666666667 0.0125
2 0.37916666666666665 0.4775 0.004166666666666667 0.011666666666666667
4 0.37333333333333335 0.4825 0.0075 0.015833333333333335
2 0.9108333333333334 0.5208333333333334 0.005833333333333334 0.02
2 0.7083333333333334 0.48833333333333334 0.005833333333333334 0.009166666666666667
2 0.735 0.8158333333333333 0.07083333333333333 0.16166666666666665
2 0.45166666666666666 0.47833333333333333 0.005833333333333334 0.011666666666666667
4 0.36333333333333334 0.5216666666666666 0.008333333333333333 0.0225
4 0.79 0.5 0.005 0.010833333333333334
2 0.6966666666666667 0.48833333333333334 0.004166666666666667 0.009166666666666667
4 0.5516666666666666 0.4741666666666667 0.0033333333333333335 0.0075
2 0.6808333333333333 0.48833333333333334 0.005 0.010833333333333334
4 0.5283333333333333 0.475 0.0033333333333333335 0.009166666666666667
2 0.6341666666666667 0.4875 0.004166666666666667 0.0125
4 0.7825 0.49083333333333334 0.005833333333333334 0.011666666666666667
3 0.4575 0.465 0.005833333333333334 0.021666666666666667
2 0.7416666666666667 0.49083333333333334 0.0033333333333333335 0.01
4 0.5641666666666667 0.47333333333333333 0.0025 0.0075
4 0.76 0.49 0.0033333333333333335 0.008333333333333333
2 0.5225 0.4791666666666667 0.0033333333333333335 0.009166666666666667
4 0.5741666666666667 0.47333333333333333 0.004166666666666667 0.0075
4 0.7983333333333333 0.49916666666666665 0.004166666666666667 0.010833333333333334
2 0.505 0.4791666666666667 0.005833333333333334 0.013333333333333334
4 0.7633333333333333 0.4891666666666667 0.0033333333333333335 0.008333333333333333
2 0.6841666666666667 0.4875 0.005833333333333334 0.010833333333333334
2 0.6416666666666667 0.4891666666666667 0.008333333333333333 0.008333333333333333
4 0.5691666666666667 0.49666666666666665 0.0075 0.011666666666666667
4 0.5391666666666667 0.495 0.0075 0.011666666666666667
4 0.8908333333333334 0.5158333333333334 0.0075 0.015833333333333335
4 0.8658333333333333 0.5116666666666667 0.006666666666666667 0.015833333333333335