4 0.7166666666666667 0.6008333333333333 0.04083333333333333 0.09416666666666666
4 0.7 0.5 0.029166666666666667 0.06333333333333334
4 0.7633333333333333 0.46166666666666667 0.019166666666666665 0.045
4 0.7875 0.4483333333333333 0.020833333333333332 0.03833333333333333
4 0.8866666666666667 0.45916666666666667 0.014166666666666666 0.035833333333333335
0 0.9091666666666667 0.43333333333333335 0.010833333333333334 0.023333333333333334
0 0.8266666666666667 0.41 0.010833333333333334 0.023333333333333334
0 0.7158333333333333 0.39166666666666666 0.010833333333333334 0.025833333333333333
0 0.615 0.385 0.013333333333333334 0.029166666666666667
0 0.49583333333333335 0.3925 0.015833333333333335 0.0375
0 0.4 0.4125 0.021666666666666667 0.04666666666666667
0 0.24 0.505 0.04083333333333333 0.07833333333333334