4 0.7366666666666667 0.5808333333333333 0.018333333333333333 0.0375
4 0.8016666666666666 0.645 0.04583333333333333 0.07333333333333333
4 0.8333333333333334 0.5733333333333334 0.0125 0.02
2 0.6016666666666667 0.53 0.01 0.02
4 0.7858333333333334 0.5741666666666667 0.014166666666666666 0.025833333333333333
4 0.8775 0.5733333333333334 0.009166666666666667 0.013333333333333334
2 0.6766666666666666 0.5391666666666667 0.008333333333333333 0.015833333333333335
4 0.9333333333333333 0.58 0.005 0.01
2 0.7508333333333334 0.55 0.006666666666666667 0.0125
2 0.9033333333333333 0.5725 0.005833333333333334 0.0075
2 0.8283333333333334 0.5608333333333333 0.004166666666666667 0.01