4 0.7491666666666666 0.5325 0.02 0.03833333333333333
4 0.8175 0.5316666666666666 0.016666666666666666 0.028333333333333332
4 0.7416666666666667 0.5983333333333334 0.04 0.07916666666666666
4 0.24083333333333334 0.4691666666666667 0.0175 0.035
4 0.7191666666666666 0.5466666666666666 0.025833333333333333 0.05
4 0.9175 0.5433333333333333 0.015833333333333335 0.023333333333333334
4 0.7233333333333334 0.5041666666666667 0.005833333333333334 0.011666666666666667
4 0.6183333333333333 0.49 0.008333333333333333 0.013333333333333334
4 0.8041666666666667 0.5158333333333334 0.005 0.01
4 0.2675 0.45 0.0075 0.015
4 0.15416666666666667 0.5108333333333334 0.024166666666666666 0.020833333333333332