4 0.5858333333333333 0.36083333333333334 0.010833333333333334 0.023333333333333334
4 0.5616666666666666 0.3333333333333333 0.006666666666666667 0.013333333333333334
0 0.45916666666666667 0.34833333333333333 0.009166666666666667 0.0225
0 0.4866666666666667 0.3233333333333333 0.006666666666666667 0.014166666666666666
4 0.9158333333333334 0.7941666666666667 0.04083333333333333 0.14666666666666667
4 0.5716666666666667 0.3283333333333333 0.005833333333333334 0.011666666666666667
0 0.5133333333333333 0.31916666666666665 0.005 0.011666666666666667
0 0.5483333333333333 0.31833333333333336 0.005 0.010833333333333334
0 0.20416666666666666 0.7158333333333333 0.06916666666666667 0.15333333333333332
4 0.6316666666666667 0.3283333333333333 0.004166666666666667 0.009166666666666667
4 0.7858333333333334 0.3591666666666667 0.005833333333333334 0.009166666666666667
4 0.5966666666666667 0.32166666666666666 0.0025 0.009166666666666667
0 0.7741666666666667 0.3541666666666667 0.005833333333333334 0.009166666666666667
4 0.6758333333333333 0.33416666666666667 0.0025 0.008333333333333333
4 0.7333333333333333 0.345 0.0033333333333333335 0.0075
0 0.7216666666666667 0.3408333333333333 0.0025 0.0075
4 0.9133333333333333 0.4008333333333333 0.005833333333333334 0.01
4 0.5958333333333333 0.3275 0.0033333333333333335 0.01
0 0.6841666666666667 0.3416666666666667 0.004166666666666667 0.011666666666666667
0 0.8666666666666667 0.3825 0.0025 0.0075