4 0.7325 0.5791666666666667 0.0175 0.034166666666666665
4 0.8316666666666667 0.6583333333333333 0.051666666666666666 0.07166666666666667
2 0.5583333333333333 0.5258333333333334 0.008333333333333333 0.015833333333333335
4 0.7016666666666667 0.5516666666666666 0.009166666666666667 0.018333333333333333
4 0.7191666666666666 0.5466666666666666 0.006666666666666667 0.011666666666666667
4 0.7466666666666667 0.5475 0.0033333333333333335 0.008333333333333333
2 0.6183333333333333 0.53 0.005833333333333334 0.010833333333333334
2 0.6683333333333333 0.5333333333333333 0.0033333333333333335 0.0075
4 0.7675 0.5475 0.005833333333333334 0.0075
4 0.7725 0.5475 0.0033333333333333335 0.0075
4 0.7791666666666667 0.5483333333333333 0.0033333333333333335 0.0075