4 0.7066666666666667 0.5308333333333334 0.014166666666666666 0.025
4 0.6916666666666667 0.5541666666666667 0.019166666666666665 0.041666666666666664
4 0.7291666666666666 0.5233333333333333 0.009166666666666667 0.015833333333333335
4 0.7641666666666667 0.5316666666666666 0.005833333333333334 0.010833333333333334
4 0.6216666666666667 0.4866666666666667 0.004166666666666667 0.013333333333333334
4 0.9058333333333334 0.5708333333333333 0.004166666666666667 0.01
4 0.555 0.47583333333333333 0.008333333333333333 0.019166666666666665
4 0.6766666666666666 0.5 0.004166666666666667 0.01
4 0.8266666666666667 0.5475 0.006666666666666667 0.01
4 0.9016666666666666 0.5658333333333333 0.0033333333333333335 0.009166666666666667
4 0.8408333333333333 0.5483333333333333 0.004166666666666667 0.009166666666666667
4 0.7666666666666667 0.525 0.004166666666666667 0.01