4 0.6125 0.5475 0.016666666666666666 0.030833333333333334
4 0.6408333333333334 0.535 0.010833333333333334 0.0175
4 0.6641666666666667 0.5966666666666667 0.035 0.059166666666666666
4 0.6158333333333333 0.5233333333333333 0.008333333333333333 0.013333333333333334
2 0.5141666666666667 0.515 0.009166666666666667 0.020833333333333332
4 0.5475 0.505 0.005833333333333334 0.01
4 0.5891666666666666 0.515 0.006666666666666667 0.01
2 0.5258333333333334 0.51 0.006666666666666667 0.0125
2 0.52 0.5041666666666667 0.006666666666666667 0.010833333333333334
4 0.5141666666666667 0.4975 0.0033333333333333335 0.0075
2 0.27 0.515 0.008333333333333333 0.011666666666666667