4 0.28833333333333333 0.5533333333333333 0.02 0.04083333333333333
4 0.4125 0.505 0.0075 0.016666666666666666
4 0.38083333333333336 0.5183333333333333 0.011666666666666667 0.025
2 0.5125 0.4975 0.0033333333333333335 0.011666666666666667
2 0.6133333333333333 0.5708333333333333 0.0175 0.050833333333333335
2 0.545 0.5075 0.005 0.016666666666666666
2 0.4875 0.49166666666666664 0.0025 0.009166666666666667
2 0.5633333333333334 0.525 0.010833333333333334 0.025833333333333333
4 0.42 0.49916666666666665 0.004166666666666667 0.0125
4 0.4141666666666667 0.49333333333333335 0.0033333333333333335 0.010833333333333334
4 0.41083333333333333 0.4891666666666667 0.0025 0.009166666666666667
2 0.4675 0.4875 0.0025 0.008333333333333333
4 0.4075 0.4866666666666667 0.0016666666666666668 0.008333333333333333