0 0.8908333333333334 0.42333333333333334 0.008333333333333333 0.020833333333333332
0 0.915 0.4225 0.006666666666666667 0.015833333333333335
4 0.7658333333333334 0.3975 0.008333333333333333 0.02
4 0.7208333333333333 0.5516666666666666 0.035833333333333335 0.07916666666666666
0 0.31666666666666665 0.51 0.03166666666666667 0.07083333333333333
4 0.7541666666666667 0.3858333333333333 0.006666666666666667 0.015833333333333335
0 0.4475 0.3408333333333333 0.0075 0.019166666666666665
4 0.9233333333333333 0.4533333333333333 0.0125 0.02666666666666667
0 0.4225 0.36583333333333334 0.010833333333333334 0.025
4 0.7716666666666666 0.38333333333333336 0.006666666666666667 0.015833333333333335
4 0.7958333333333333 0.385 0.005 0.0125
4 0.5625 0.37833333333333335 0.013333333333333334 0.02666666666666667
4 0.5416666666666666 0.35 0.008333333333333333 0.015833333333333335
0 0.87 0.41333333333333333 0.0075 0.0175
4 0.8441666666666666 0.42583333333333334 0.010833333333333334 0.024166666666666666
4 0.8925 0.4066666666666667 0.005833333333333334 0.013333333333333334
4 0.5233333333333333 0.3325 0.005833333333333334 0.011666666666666667
4 0.8658333333333333 0.39916666666666667 0.005833333333333334 0.013333333333333334
4 0.8216666666666667 0.3908333333333333 0.006666666666666667 0.013333333333333334
0 0.8966666666666666 0.41833333333333333 0.0075 0.0175
4 0.8583333333333333 0.39166666666666666 0.005833333333333334 0.01
4 0.5141666666666667 0.32166666666666666 0.005833333333333334 0.009166666666666667
4 0.5083333333333333 0.31583333333333335 0.004166666666666667 0.009166666666666667
0 0.4558333333333333 0.32666666666666666 0.005833333333333334 0.011666666666666667
4 0.895 0.4066666666666667 0.004166666666666667 0.010833333333333334
0 0.465 0.31333333333333335 0.004166666666666667 0.009166666666666667
0 0.4666666666666667 0.30583333333333335 0.0025 0.005833333333333334
0 0.4741666666666667 0.30583333333333335 0.0025 0.005833333333333334
4 0.5008333333333334 0.31166666666666665 0.0025 0.005833333333333334
0 0.46166666666666667 0.30916666666666665 0.0033333333333333335 0.005833333333333334