4 0.7883333333333333 0.6091666666666666 0.0325 0.05
0 0.6533333333333333 0.5466666666666666 0.014166666666666666 0.010833333333333334
2 0.5266666666666666 0.5091666666666667 0.0033333333333333335 0.011666666666666667
4 0.5925 0.5108333333333334 0.0033333333333333335 0.01
2 0.505 0.51 0.0033333333333333335 0.005
4 0.7191666666666666 0.5416666666666666 0.009166666666666667 0.009166666666666667
2 0.5333333333333333 0.5041666666666667 0.0033333333333333335 0.009166666666666667
0 0.6016666666666667 0.5158333333333334 0.005833333333333334 0.009166666666666667
4 0.6533333333333333 0.5366666666666666 0.004166666666666667 0.009166666666666667
4 0.5825 0.5066666666666667 0.0025 0.0075
0 0.6725 0.5333333333333333 0.006666666666666667 0.009166666666666667
4 0.6408333333333334 0.5191666666666667 0.0025 0.005833333333333334
0 0.6183333333333333 0.5133333333333333 0.0025 0.005833333333333334
0 0.6616666666666666 0.5258333333333334 0.0033333333333333335 0.009166666666666667