2 0.42916666666666664 0.5516666666666666 0.015833333333333335 0.0225
2 0.5033333333333333 0.5458333333333333 0.010833333333333334 0.018333333333333333
2 0.5708333333333333 0.5433333333333333 0.009166666666666667 0.014166666666666666
2 0.6616666666666666 0.5391666666666667 0.008333333333333333 0.013333333333333334
2 0.7658333333333334 0.5358333333333334 0.0075 0.014166666666666666
2 0.8541666666666666 0.5325 0.005833333333333334 0.0125
2 0.9258333333333333 0.5275 0.006666666666666667 0.011666666666666667
2 0.7075 0.5833333333333334 0.024166666666666666 0.04416666666666667
2 0.6633333333333333 0.5616666666666666 0.015 0.028333333333333332
2 0.6758333333333333 0.555 0.0125 0.024166666666666666
2 0.6958333333333333 0.55 0.010833333333333334 0.0225
2 0.8375 0.5425 0.009166666666666667 0.02
2 0.7308333333333333 0.5475 0.01 0.021666666666666667