4 0.5016666666666667 0.5175 0.015833333333333335 0.03333333333333333
4 0.5908333333333333 0.5033333333333333 0.008333333333333333 0.021666666666666667
2 0.7 0.5383333333333333 0.014166666666666666 0.035
2 0.6825 0.6375 0.034166666666666665 0.09083333333333334
4 0.5283333333333333 0.47333333333333333 0.0033333333333333335 0.011666666666666667
2 0.7058333333333333 0.4975 0.004166666666666667 0.015
4 0.6133333333333333 0.49583333333333335 0.005833333333333334 0.018333333333333333
4 0.5725 0.48083333333333333 0.004166666666666667 0.0125
2 0.6283333333333333 0.48083333333333333 0.0033333333333333335 0.010833333333333334
4 0.495 0.4675 0.0033333333333333335 0.009166666666666667
4 0.6041666666666666 0.4891666666666667 0.004166666666666667 0.014166666666666666
4 0.5591666666666667 0.45916666666666667 0.0025 0.0075
4 0.5216666666666666 0.4625 0.0025 0.008333333333333333
4 0.5016666666666667 0.46416666666666667 0.0033333333333333335 0.009166666666666667
2 0.7208333333333333 0.5125 0.0075 0.021666666666666667
4 0.5475 0.4608333333333333 0.0016666666666666668 0.008333333333333333
2 0.6733333333333333 0.4875 0.004166666666666667 0.0125
2 0.5908333333333333 0.475 0.0033333333333333335 0.010833333333333334
2 0.5775 0.4683333333333333 0.0025 0.009166666666666667
2 0.6058333333333333 0.4658333333333333 0.0025 0.008333333333333333
4 0.3225 0.535 0.0125 0.03166666666666667