0 0.805 0.4175 0.08916666666666667 0.13416666666666666
0 0.7275 0.44166666666666665 0.09666666666666666 0.14166666666666666
0 0.7308333333333333 0.36 0.06333333333333334 0.11916666666666667
0 0.7341666666666666 0.3016666666666667 0.06583333333333333 0.10166666666666667
0 0.6158333333333333 0.45416666666666666 0.0975 0.15
0 0.6783333333333333 0.5858333333333333 0.11416666666666667 0.1775
0 0.5366666666666666 0.69 0.11666666666666667 0.2075
0 0.5083333333333333 0.49166666666666664 0.09666666666666666 0.1575
4 0.6783333333333333 0.32083333333333336 0.06416666666666666 0.11083333333333334
4 0.6616666666666666 0.2775 0.04083333333333333 0.09666666666666666
4 0.6225 0.36 0.07916666666666666 0.12166666666666667
4 0.5925 0.31166666666666665 0.051666666666666666 0.11083333333333334
4 0.5675 0.27 0.04833333333333333 0.09833333333333333
4 0.4975 0.285 0.0425 0.10416666666666667
4 0.5166666666666667 0.32916666666666666 0.058333333333333334 0.1175
4 0.465 0.4 0.07166666666666667 0.13333333333333333
3 0.5566666666666666 0.39416666666666667 0.07916666666666666 0.1375
3 0.38166666666666665 0.2891666666666667 0.05333333333333334 0.10666666666666667
3 0.2891666666666667 0.32 0.07166666666666667 0.1175
3 0.25 0.25166666666666665 0.05 0.09916666666666667
3 0.21333333333333335 0.29083333333333333 0.07 0.1075
3 0.11416666666666667 0.28583333333333333 0.0625 0.11416666666666667
1 0.41833333333333333 0.31416666666666665 0.08416666666666667 0.20666666666666667
3 0.31 0.5758333333333333 0.14916666666666667 0.23166666666666666
2 0.06 0.5 0.05416666666666667 0.095
2 0.08 0.33916666666666667 0.0925 0.13
2 0.23 0.3825 0.09166666666666666 0.13833333333333334
2 0.14083333333333334 0.57 0.1225 0.19083333333333333
2 0.30833333333333335 0.4475 0.10416666666666667 0.145