2 0.7266666666666667 0.5033333333333333 0.014166666666666666 0.015
4 0.13083333333333333 0.505 0.03666666666666667 0.06416666666666666
4 0.33416666666666667 0.47 0.013333333333333334 0.025833333333333333
4 0.38333333333333336 0.465 0.008333333333333333 0.013333333333333334
0 0.6708333333333333 0.5416666666666666 0.0375 0.07166666666666667
0 0.5408333333333334 0.48583333333333334 0.011666666666666667 0.025833333333333333
0 0.5191666666666667 0.4766666666666667 0.009166666666666667 0.010833333333333334
3 0.6216666666666667 0.4825 0.0075 0.008333333333333333
4 0.4083333333333333 0.46166666666666667 0.004166666666666667 0.010833333333333334
3 0.42083333333333334 0.46166666666666667 0.0033333333333333335 0.005833333333333334
0 0.49833333333333335 0.4683333333333333 0.0033333333333333335 0.010833333333333334
3 0.6408333333333334 0.48583333333333334 0.006666666666666667 0.009166666666666667
3 0.6125 0.48083333333333333 0.006666666666666667 0.008333333333333333
3 0.5966666666666667 0.4766666666666667 0.0033333333333333335 0.009166666666666667