2 0.4508333333333333 0.19416666666666665 0.0525 0.1025
2 0.495 0.25333333333333335 0.06666666666666667 0.11333333333333333
2 0.5516666666666666 0.19583333333333333 0.058333333333333334 0.09333333333333334
2 0.6283333333333333 0.19 0.0575 0.0875
2 0.7025 0.23833333333333334 0.0625 0.09583333333333334
2 0.6016666666666667 0.2625 0.06833333333333333 0.09583333333333334
1 0.5958333333333333 0.3125 0.10583333333333333 0.22583333333333333
3 0.3425 0.15 0.06166666666666667 0.115
3 0.695 0.31416666666666665 0.06416666666666666 0.12
3 0.7466666666666667 0.395 0.08916666666666667 0.13416666666666666
3 0.7725 0.30833333333333335 0.06666666666666667 0.11416666666666667
3 0.7933333333333333 0.2725 0.059166666666666666 0.10583333333333333
3 0.8766666666666667 0.3575 0.075 0.12416666666666666
0 0.24583333333333332 0.23166666666666666 0.06166666666666667 0.12333333333333334
0 0.20833333333333334 0.295 0.09333333333333334 0.14166666666666666
0 0.37666666666666665 0.28833333333333333 0.055 0.13333333333333333
0 0.33666666666666667 0.3516666666666667 0.09416666666666666 0.15416666666666667
0 0.26416666666666666 0.42333333333333334 0.105 0.17333333333333334
0 0.19916666666666666 0.5233333333333333 0.135 0.20416666666666666
0 0.37083333333333335 0.5808333333333333 0.13666666666666666 0.21166666666666667
0 0.515 0.8191666666666667 0.12416666666666666 0.24333333333333335
4 0.495 0.33166666666666667 0.04666666666666667 0.13333333333333333
4 0.46 0.45916666666666667 0.09166666666666666 0.16583333333333333
4 0.5108333333333334 0.6191666666666666 0.12583333333333332 0.2075
4 0.6025 0.5383333333333333 0.095 0.18083333333333335
4 0.5875 0.43083333333333335 0.06583333333333333 0.14833333333333334
4 0.7283333333333334 0.5 0.08333333333333333 0.165
4 0.7816666666666666 0.6333333333333333 0.13166666666666665 0.19416666666666665
4 0.6933333333333334 0.7691666666666667 0.13666666666666666 0.22
3 0.45166666666666666 0.37333333333333335 0.08583333333333333 0.15