4 0.6766666666666666 0.5025 0.0175 0.03916666666666667
4 0.5941666666666666 0.47833333333333333 0.011666666666666667 0.023333333333333334
0 0.2658333333333333 0.5108333333333334 0.035 0.06583333333333333
0 0.36916666666666664 0.4725 0.0125 0.028333333333333332
4 0.535 0.4658333333333333 0.010833333333333334 0.019166666666666665
4 0.5625 0.46416666666666667 0.006666666666666667 0.014166666666666666
4 0.5775 0.46166666666666667 0.004166666666666667 0.010833333333333334
0 0.39416666666666667 0.46416666666666667 0.01 0.018333333333333333
0 0.44416666666666665 0.45916666666666667 0.005833333333333334 0.013333333333333334
0 0.49916666666666665 0.4558333333333333 0.005833333333333334 0.011666666666666667
0 0.4741666666666667 0.4525 0.0033333333333333335 0.008333333333333333
0 0.44166666666666665 0.45166666666666666 0.0033333333333333335 0.0075
4 0.5041666666666667 0.4525 0.0033333333333333335 0.009166666666666667
4 0.5466666666666666 0.45416666666666666 0.0025 0.0075