1 0.7475 0.5383333333333333 0.0425 0.10833333333333334
3 0.7758333333333334 0.5725 0.03333333333333333 0.043333333333333335
3 0.2891666666666667 0.4683333333333333 0.018333333333333333 0.03333333333333333
1 0.31666666666666665 0.465 0.014166666666666666 0.03166666666666667
1 0.5691666666666667 0.5041666666666667 0.020833333333333332 0.035833333333333335
1 0.5358333333333334 0.49 0.013333333333333334 0.03166666666666667
4 0.49833333333333335 0.4791666666666667 0.010833333333333334 0.010833333333333334
0 0.35833333333333334 0.46 0.008333333333333333 0.016666666666666666
2 0.0875 0.44 0.005833333333333334 0.021666666666666667
3 0.17583333333333334 0.44166666666666665 0.009166666666666667 0.018333333333333333
2 0.25083333333333335 0.445 0.0075 0.008333333333333333
4 0.4658333333333333 0.4708333333333333 0.005833333333333334 0.005833333333333334
4 0.46416666666666667 0.4666666666666667 0.0033333333333333335 0.005833333333333334
0 0.37833333333333335 0.4583333333333333 0.004166666666666667 0.009166666666666667
0 0.3858333333333333 0.4575 0.006666666666666667 0.006666666666666667
2 0.2841666666666667 0.445 0.0075 0.0075
3 0.29083333333333333 0.44333333333333336 0.005 0.004166666666666667
3 0.315 0.445 0.0033333333333333335 0.008333333333333333