1 0.14333333333333334 0.6608333333333334 0.011666666666666667 0.030833333333333334
1 0.175 0.7208333333333333 0.016666666666666666 0.04083333333333333
1 0.1375 0.615 0.009166666666666667 0.025
1 0.24666666666666667 0.6608333333333334 0.008333333333333333 0.030833333333333334
1 0.36583333333333334 0.7058333333333333 0.013333333333333334 0.04083333333333333
1 0.43416666666666665 0.6433333333333333 0.011666666666666667 0.025833333333333333
1 0.5308333333333334 0.6758333333333333 0.014166666666666666 0.035833333333333335
1 0.25833333333333336 0.59 0.0075 0.0275
1 0.7933333333333333 0.5841666666666666 0.008333333333333333 0.0225
3 0.21666666666666667 0.62 0.01 0.028333333333333332
1 0.805 0.59 0.015833333333333335 0.0125