2 0.25916666666666666 0.47583333333333333 0.011666666666666667 0.013333333333333334
2 0.3358333333333333 0.4483333333333333 0.0075 0.009166666666666667
3 0.10833333333333334 0.53 0.014166666666666666 0.021666666666666667
3 0.17666666666666667 0.5033333333333333 0.0125 0.018333333333333333
3 0.5941666666666666 0.4766666666666667 0.008333333333333333 0.015
4 0.6741666666666667 0.5558333333333333 0.02 0.03666666666666667
4 0.565 0.44916666666666666 0.005833333333333334 0.013333333333333334
0 0.37333333333333335 0.55 0.020833333333333332 0.035833333333333335
0 0.4275 0.475 0.011666666666666667 0.015
0 0.45916666666666667 0.44666666666666666 0.005 0.0125
0 0.4708333333333333 0.43333333333333335 0.004166666666666667 0.008333333333333333
2 0.37666666666666665 0.43333333333333335 0.005833333333333334 0.006666666666666667
4 0.5508333333333333 0.43583333333333335 0.0033333333333333335 0.009166666666666667