4 0.77 0.45666666666666667 0.034166666666666665 0.06166666666666667
3 0.8258333333333333 0.42583333333333334 0.015 0.02666666666666667
4 0.8083333333333333 0.405 0.011666666666666667 0.021666666666666667
0 0.36 0.5183333333333333 0.023333333333333334 0.045
3 0.5808333333333333 0.44083333333333335 0.015 0.019166666666666665
4 0.7633333333333333 0.39666666666666667 0.0075 0.014166666666666666
0 0.6525 0.415 0.01 0.02
3 0.6275 0.4125 0.006666666666666667 0.009166666666666667
0 0.6025 0.41333333333333333 0.005833333333333334 0.01
3 0.5933333333333334 0.41 0.0033333333333333335 0.008333333333333333
4 0.6875 0.4008333333333333 0.004166666666666667 0.011666666666666667