3 0.15166666666666667 0.5158333333333334 0.013333333333333334 0.0175
3 0.2625 0.4716666666666667 0.011666666666666667 0.013333333333333334
3 0.33416666666666667 0.4525 0.006666666666666667 0.014166666666666666
0 0.4125 0.5141666666666667 0.013333333333333334 0.025833333333333333
0 0.44916666666666666 0.4675 0.010833333333333334 0.0125
0 0.4725 0.44333333333333336 0.005 0.010833333333333334
4 0.6275 0.5283333333333333 0.018333333333333333 0.021666666666666667
4 0.5975 0.4741666666666667 0.010833333333333334 0.010833333333333334
4 0.5675 0.45 0.005 0.009166666666666667
4 0.8941666666666667 0.7825 0.041666666666666664 0.056666666666666664
0 0.19583333333333333 0.7408333333333333 0.010833333333333334 0.028333333333333332
3 0.30666666666666664 0.4475 0.006666666666666667 0.006666666666666667
3 0.39916666666666667 0.4241666666666667 0.004166666666666667 0.006666666666666667
3 0.37666666666666665 0.42916666666666664 0.0025 0.01
3 0.38666666666666666 0.4275 0.004166666666666667 0.005833333333333334
3 0.41583333333333333 0.42 0.004166666666666667 0.005
4 0.5541666666666667 0.43333333333333335 0.0025 0.008333333333333333
3 0.5466666666666666 0.42583333333333334 0.0025 0.004166666666666667
0 0.4816666666666667 0.43 0.0025 0.0075
0 0.48333333333333334 0.42333333333333334 0.004166666666666667 0.0033333333333333335