4 0.08666666666666667 0.75 0.04666666666666667 0.10333333333333333
4 0.395 0.5616666666666666 0.0175 0.035
4 0.4741666666666667 0.53 0.0125 0.025833333333333333
0 0.7941666666666667 0.605 0.050833333333333335 0.09583333333333334
0 0.675 0.5308333333333334 0.016666666666666666 0.03833333333333333
1 0.5216666666666666 0.49083333333333334 0.005833333333333334 0.015
4 0.4066666666666667 0.53 0.008333333333333333 0.019166666666666665
4 0.36916666666666664 0.53 0.006666666666666667 0.015833333333333335
0 0.5216666666666666 0.5041666666666667 0.006666666666666667 0.015833333333333335
0 0.4741666666666667 0.505 0.005833333333333334 0.011666666666666667
0 0.4675 0.5041666666666667 0.004166666666666667 0.009166666666666667
4 0.38666666666666666 0.5216666666666666 0.004166666666666667 0.009166666666666667
0 0.64 0.505 0.010833333333333334 0.020833333333333332