2 0.31916666666666665 0.7216666666666667 0.11583333333333333 0.19083333333333333
2 0.095 0.75 0.12416666666666666 0.2025
1 0.25833333333333336 0.4058333333333333 0.11083333333333334 0.2775
3 0.6475 0.8516666666666667 0.16833333333333333 0.20916666666666667
3 0.10166666666666667 0.4025 0.09083333333333334 0.155
3 0.06666666666666667 0.5933333333333334 0.0675 0.11666666666666667
3 0.44166666666666665 0.3883333333333333 0.0925 0.16
4 0.38666666666666666 0.4675 0.09583333333333334 0.15833333333333333
4 0.3175 0.3308333333333333 0.0875 0.14416666666666667
4 0.2275 0.2825 0.0875 0.1325
4 0.2633333333333333 0.2075 0.0675 0.1225
4 0.3541666666666667 0.24916666666666668 0.075 0.135
4 0.3566666666666667 0.15916666666666668 0.059166666666666666 0.11583333333333333
4 0.43166666666666664 0.20666666666666667 0.07 0.12833333333333333
4 0.4508333333333333 0.2916666666666667 0.07 0.14166666666666666
0 0.45166666666666666 0.14833333333333334 0.043333333333333335 0.11666666666666667
0 0.5133333333333333 0.22416666666666665 0.08166666666666667 0.135
0 0.6216666666666667 0.24 0.07166666666666667 0.13583333333333333
0 0.6108333333333333 0.31166666666666665 0.06916666666666667 0.1425
0 0.5608333333333333 0.4066666666666667 0.09166666666666666 0.16
0 0.5408333333333334 0.5408333333333334 0.09916666666666667 0.17166666666666666
0 0.7316666666666667 0.4891666666666667 0.09333333333333334 0.17083333333333334
0 0.7741666666666667 0.6983333333333334 0.10583333333333333 0.18666666666666668