4 0.4225 0.4425 0.010833333333333334 0.020833333333333332
4 0.5691666666666667 0.5408333333333334 0.025833333333333333 0.04416666666666667
4 0.6366666666666667 0.435 0.008333333333333333 0.019166666666666665
0 0.4583333333333333 0.41333333333333333 0.008333333333333333 0.015833333333333335
0 0.6341666666666667 0.42833333333333334 0.0075 0.0175
0 0.66 0.42333333333333334 0.0075 0.0175
0 0.765 0.4241666666666667 0.008333333333333333 0.019166666666666665
0 0.7166666666666667 0.4225 0.006666666666666667 0.015833333333333335
2 0.8183333333333334 0.43 0.01 0.019166666666666665
0 0.6808333333333333 0.4066666666666667 0.008333333333333333 0.015833333333333335
0 0.7958333333333333 0.4125 0.010833333333333334 0.0175