0 0.6325 0.5016666666666667 0.03 0.06583333333333333
0 0.6425 0.47 0.019166666666666665 0.021666666666666667
4 0.39166666666666666 0.47333333333333333 0.015833333333333335 0.021666666666666667
4 0.18 0.5491666666666667 0.030833333333333334 0.06
4 0.47583333333333333 0.4508333333333333 0.009166666666666667 0.023333333333333334
4 0.4225 0.44916666666666666 0.006666666666666667 0.015833333333333335
4 0.39166666666666666 0.45 0.005833333333333334 0.010833333333333334
0 0.49 0.43416666666666665 0.004166666666666667 0.010833333333333334
0 0.5275 0.44083333333333335 0.006666666666666667 0.01
1 0.5391666666666667 0.4266666666666667 0.005 0.015833333333333335
0 0.6283333333333333 0.4483333333333333 0.006666666666666667 0.018333333333333333
0 0.48583333333333334 0.435 0.0025 0.008333333333333333
4 0.41 0.4425 0.0033333333333333335 0.008333333333333333