0 0.7966666666666666 0.5833333333333334 0.0325 0.0675
0 0.6491666666666667 0.5116666666666667 0.018333333333333333 0.029166666666666667
4 0.315 0.44083333333333335 0.016666666666666666 0.028333333333333332
0 0.6091666666666666 0.47833333333333333 0.010833333333333334 0.0225
0 0.6641666666666667 0.49166666666666664 0.010833333333333334 0.0125
4 0.465 0.45166666666666666 0.009166666666666667 0.0175
4 0.5475 0.4608333333333333 0.008333333333333333 0.010833333333333334
4 0.5741666666666667 0.46 0.005 0.010833333333333334
4 0.6 0.4675 0.005833333333333334 0.0125
0 0.6483333333333333 0.475 0.005833333333333334 0.008333333333333333
0 0.7008333333333333 0.49416666666666664 0.005833333333333334 0.011666666666666667
1 0.6766666666666666 0.4741666666666667 0.0033333333333333335 0.011666666666666667