0 0.44583333333333336 0.47833333333333333 0.01 0.019166666666666665
0 0.4708333333333333 0.4525 0.005833333333333334 0.013333333333333334
4 0.6125 0.4891666666666667 0.011666666666666667 0.013333333333333334
4 0.5691666666666667 0.45916666666666667 0.0075 0.0075
1 0.37833333333333335 0.5525 0.02 0.043333333333333335
1 0.6766666666666666 0.5683333333333334 0.019166666666666665 0.04583333333333333
1 0.74 0.6483333333333333 0.03 0.058333333333333334
1 0.3283333333333333 0.6125 0.028333333333333332 0.0475
3 0.23916666666666667 0.4841666666666667 0.011666666666666667 0.020833333333333332
2 0.12916666666666668 0.5241666666666667 0.014166666666666666 0.02666666666666667
3 0.3325 0.4533333333333333 0.008333333333333333 0.0075
3 0.37166666666666665 0.44 0.005833333333333334 0.005833333333333334
3 0.405 0.43166666666666664 0.0033333333333333335 0.009166666666666667
3 0.38083333333333336 0.43083333333333335 0.004166666666666667 0.004166666666666667
0 0.48083333333333333 0.44 0.004166666666666667 0.006666666666666667
4 0.5675 0.44333333333333336 0.004166666666666667 0.0075
4 0.5541666666666667 0.43416666666666665 0.0033333333333333335 0.005833333333333334