0 0.33166666666666667 0.5116666666666667 0.024166666666666666 0.043333333333333335
4 0.5441666666666667 0.5025 0.015833333333333335 0.0275
4 0.4066666666666667 0.49416666666666664 0.009166666666666667 0.016666666666666666
0 0.27416666666666667 0.5 0.0125 0.0275
0 0.2025 0.5008333333333334 0.010833333333333334 0.021666666666666667
3 0.6741666666666667 0.4891666666666667 0.011666666666666667 0.0225
4 0.25416666666666665 0.49416666666666664 0.005833333333333334 0.014166666666666666
4 0.31666666666666665 0.495 0.006666666666666667 0.015833333333333335
0 0.13916666666666666 0.5066666666666667 0.005 0.015833333333333335
3 0.7966666666666666 0.48 0.010833333333333334 0.025833333333333333
0 0.1925 0.4975 0.005833333333333334 0.011666666666666667
0 0.215 0.49333333333333335 0.005 0.009166666666666667
0 0.17666666666666667 0.49416666666666664 0.0033333333333333335 0.008333333333333333
4 0.28 0.49166666666666664 0.005 0.013333333333333334
4 0.2875 0.49083333333333334 0.0033333333333333335 0.009166666666666667
3 0.7508333333333334 0.4816666666666667 0.011666666666666667 0.025