2 0.22916666666666666 0.4875 0.010833333333333334 0.013333333333333334
2 0.30333333333333334 0.46 0.009166666666666667 0.01
0 0.3541666666666667 0.5708333333333333 0.021666666666666667 0.04
0 0.4325 0.4816666666666667 0.009166666666666667 0.02
0 0.45416666666666666 0.4558333333333333 0.009166666666666667 0.01
4 0.7008333333333333 0.5866666666666667 0.025 0.03
4 0.5866666666666667 0.49083333333333334 0.0125 0.0125
4 0.575 0.45916666666666667 0.008333333333333333 0.009166666666666667
3 0.3308333333333333 0.44333333333333336 0.006666666666666667 0.0075
3 0.3566666666666667 0.44666666666666666 0.005 0.011666666666666667
3 0.4041666666666667 0.4241666666666667 0.004166666666666667 0.005833333333333334
0 0.4716666666666667 0.4375 0.0033333333333333335 0.0075
4 0.5533333333333333 0.44333333333333336 0.0033333333333333335 0.008333333333333333
3 0.5375 0.4241666666666667 0.0025 0.004166666666666667