3 0.5883333333333334 0.6875 0.009166666666666667 0.0275
1 0.27166666666666667 0.6391666666666667 0.006666666666666667 0.019166666666666665
1 0.2608333333333333 0.6491666666666667 0.008333333333333333 0.02
1 0.2425 0.665 0.0075 0.023333333333333334
1 0.22666666666666666 0.6891666666666667 0.009166666666666667 0.02666666666666667
1 0.21916666666666668 0.71 0.01 0.029166666666666667
1 0.25666666666666665 0.7341666666666666 0.013333333333333334 0.03333333333333333
1 0.3283333333333333 0.75 0.013333333333333334 0.035
1 0.4191666666666667 0.7633333333333333 0.015 0.03833333333333333
1 0.5533333333333333 0.7816666666666666 0.014166666666666666 0.04083333333333333
1 0.7366666666666667 0.7925 0.014166666666666666 0.041666666666666664
1 0.9233333333333333 0.7816666666666666 0.015 0.04083333333333333
1 0.8091666666666667 0.7325 0.011666666666666667 0.029166666666666667
1 0.6975 0.735 0.01 0.03166666666666667
1 0.6183333333333333 0.7308333333333333 0.011666666666666667 0.03166666666666667
1 0.5241666666666667 0.72 0.01 0.029166666666666667
1 0.5183333333333333 0.6758333333333333 0.0075 0.025
1 0.45166666666666666 0.7116666666666667 0.009166666666666667 0.029166666666666667
1 0.4041666666666667 0.7066666666666667 0.010833333333333334 0.028333333333333332
1 0.3858333333333333 0.695 0.01 0.028333333333333332
1 0.37833333333333335 0.6783333333333333 0.006666666666666667 0.025
1 0.38166666666666665 0.6633333333333333 0.006666666666666667 0.020833333333333332
1 0.3775 0.6475 0.006666666666666667 0.019166666666666665
1 0.37833333333333335 0.6316666666666667 0.006666666666666667 0.02
1 0.625 0.6608333333333334 0.006666666666666667 0.0275
1 0.43333333333333335 0.6358333333333334 0.011666666666666667 0.009166666666666667
1 0.24583333333333332 0.5783333333333334 0.006666666666666667 0.015
1 0.2275 0.5833333333333334 0.010833333333333334 0.009166666666666667
1 0.23166666666666666 0.5591666666666667 0.005 0.014166666666666666
1 0.195 0.585 0.010833333333333334 0.009166666666666667
1 0.16083333333333333 0.5866666666666667 0.010833333333333334 0.009166666666666667
1 0.16416666666666666 0.5625 0.004166666666666667 0.0125
1 0.2758333333333333 0.5591666666666667 0.008333333333333333 0.008333333333333333
1 0.25166666666666665 0.5608333333333333 0.009166666666666667 0.008333333333333333
1 0.32416666666666666 0.575 0.004166666666666667 0.009166666666666667
1 0.30083333333333334 0.5583333333333333 0.008333333333333333 0.005833333333333334