4 0.33 0.6216666666666667 0.03166666666666667 0.05416666666666667
4 0.17916666666666667 0.5075 0.015 0.02666666666666667
4 0.6691666666666667 0.5258333333333334 0.016666666666666666 0.03
4 0.43416666666666665 0.4775 0.011666666666666667 0.019166666666666665
0 0.43333333333333335 0.47 0.006666666666666667 0.015833333333333335
0 0.46 0.4625 0.006666666666666667 0.0175
0 0.5116666666666667 0.4583333333333333 0.006666666666666667 0.014166666666666666
0 0.5525 0.4583333333333333 0.006666666666666667 0.014166666666666666
0 0.24166666666666667 0.46416666666666667 0.0075 0.014166666666666666
2 0.5941666666666666 0.4608333333333333 0.010833333333333334 0.015833333333333335
2 0.8208333333333333 0.49 0.010833333333333334 0.023333333333333334
2 0.685 0.4475 0.01 0.015833333333333335