0 0.21916666666666668 0.48333333333333334 0.010833333333333334 0.0175
0 0.2833333333333333 0.47333333333333333 0.006666666666666667 0.015833333333333335
0 0.32916666666666666 0.47 0.008333333333333333 0.015833333333333335
0 0.18166666666666667 0.49333333333333335 0.010833333333333334 0.019166666666666665
4 0.18083333333333335 0.5025 0.011666666666666667 0.020833333333333332
4 0.4275 0.5283333333333333 0.016666666666666666 0.028333333333333332
4 0.7583333333333333 0.5683333333333334 0.019166666666666665 0.03833333333333333
2 0.37416666666666665 0.47 0.008333333333333333 0.015833333333333335
2 0.5566666666666666 0.4841666666666667 0.008333333333333333 0.019166666666666665
2 0.8058333333333333 0.5016666666666667 0.014166666666666666 0.0225
2 0.8175 0.4725 0.008333333333333333 0.0175
2 0.6308333333333334 0.4608333333333333 0.008333333333333333 0.020833333333333332
0 0.25416666666666665 0.4583333333333333 0.01 0.014166666666666666
3 0.46 0.45416666666666666 0.008333333333333333 0.015833333333333335
0 0.3616666666666667 0.4533333333333333 0.0075 0.014166666666666666