3 0.2708333333333333 0.6641666666666667 0.034166666666666665 0.0625
3 0.7675 0.6883333333333334 0.035 0.06333333333333334
1 0.3383333333333333 0.5783333333333334 0.0225 0.050833333333333335
1 0.6825 0.5866666666666667 0.0225 0.0525
0 0.41833333333333333 0.48333333333333334 0.01 0.019166666666666665
4 0.5508333333333333 0.45666666666666667 0.009166666666666667 0.009166666666666667
4 0.5983333333333334 0.49 0.013333333333333334 0.015
2 0.07166666666666667 0.5466666666666666 0.015833333333333335 0.030833333333333334
3 0.195 0.49583333333333335 0.013333333333333334 0.0225
2 0.30083333333333334 0.4558333333333333 0.009166666666666667 0.009166666666666667
2 0.3425 0.44083333333333335 0.0075 0.008333333333333333
3 0.3541666666666667 0.43 0.005 0.005833333333333334
3 0.37916666666666665 0.43166666666666664 0.004166666666666667 0.009166666666666667
3 0.395 0.42083333333333334 0.0025 0.005833333333333334
3 0.4091666666666667 0.4166666666666667 0.004166666666666667 0.005
3 0.4008333333333333 0.41833333333333333 0.0033333333333333335 0.005
0 0.44666666666666666 0.4525 0.005833333333333334 0.013333333333333334
0 0.45666666666666667 0.43833333333333335 0.0075 0.0075
4 0.5475 0.44083333333333335 0.006666666666666667 0.006666666666666667
4 0.5341666666666667 0.43083333333333335 0.0033333333333333335 0.0075