3 0.31583333333333335 0.32916666666666666 0.07166666666666667 0.13666666666666666
3 0.37083333333333335 0.39916666666666667 0.0925 0.14916666666666667
3 0.52 0.2991666666666667 0.06833333333333333 0.11916666666666667
3 0.5008333333333334 0.38416666666666666 0.0825 0.14333333333333334
3 0.24833333333333332 0.4608333333333333 0.10833333333333334 0.16583333333333333
1 0.6516666666666666 0.3025 0.09916666666666667 0.2225
2 0.3475 0.5491666666666667 0.09666666666666666 0.18083333333333335
2 0.5816666666666667 0.4816666666666667 0.095 0.16083333333333333
2 0.7525 0.5 0.10083333333333333 0.16333333333333333
2 0.8466666666666667 0.7183333333333334 0.13083333333333333 0.20333333333333334
2 0.605 0.7416666666666667 0.12833333333333333 0.21083333333333334
2 0.36666666666666664 0.8075 0.1275 0.22583333333333333