4 0.6641666666666667 0.5741666666666667 0.018333333333333333 0.034166666666666665
4 0.5808333333333333 0.475 0.01 0.020833333333333332
3 0.5533333333333333 0.4475 0.005833333333333334 0.009166666666666667
3 0.19416666666666665 0.4891666666666667 0.011666666666666667 0.021666666666666667
3 0.24 0.47333333333333333 0.010833333333333334 0.014166666666666666
3 0.27666666666666667 0.4608333333333333 0.009166666666666667 0.011666666666666667
3 0.32166666666666666 0.4483333333333333 0.008333333333333333 0.008333333333333333
0 0.35083333333333333 0.5566666666666666 0.02 0.04083333333333333
0 0.4225 0.4716666666666667 0.011666666666666667 0.020833333333333332
0 0.44083333333333335 0.44666666666666666 0.006666666666666667 0.008333333333333333
0 0.46 0.43083333333333335 0.0025 0.0075
0 0.4675 0.4225 0.0025 0.006666666666666667
3 0.36583333333333334 0.43166666666666664 0.005833333333333334 0.008333333333333333
3 0.3908333333333333 0.42333333333333334 0.004166666666666667 0.005
4 0.54 0.4325 0.0025 0.008333333333333333
4 0.5316666666666666 0.425 0.0016666666666666668 0.006666666666666667