4 0.8025 0.5358333333333334 0.035833333333333335 0.06833333333333333
4 0.6208333333333333 0.47833333333333333 0.015833333333333335 0.035
4 0.5325 0.4625 0.01 0.023333333333333334
0 0.2916666666666667 0.49083333333333334 0.0175 0.041666666666666664
0 0.3525 0.4675 0.010833333333333334 0.0225
0 0.4191666666666667 0.45666666666666667 0.0075 0.015833333333333335
0 0.48583333333333334 0.4483333333333333 0.006666666666666667 0.014166666666666666
4 0.5633333333333334 0.4575 0.0075 0.0175
4 0.5758333333333333 0.45166666666666666 0.005833333333333334 0.015
4 0.49083333333333334 0.4425 0.0033333333333333335 0.009166666666666667
4 0.5383333333333333 0.44333333333333336 0.0033333333333333335 0.009166666666666667
0 0.4216666666666667 0.445 0.0033333333333333335 0.008333333333333333
0 0.4575 0.445 0.004166666666666667 0.01