4 0.16333333333333333 0.6808333333333333 0.019166666666666665 0.065
4 0.29 0.5083333333333333 0.010833333333333334 0.020833333333333332
4 0.5225 0.5358333333333334 0.015 0.02666666666666667
0 0.2916666666666667 0.5008333333333334 0.008333333333333333 0.0175
0 0.32166666666666666 0.49166666666666664 0.008333333333333333 0.0175
0 0.3775 0.4816666666666667 0.0075 0.014166666666666666
0 0.4191666666666667 0.47833333333333333 0.008333333333333333 0.014166666666666666
0 0.3466666666666667 0.4683333333333333 0.006666666666666667 0.0125
2 0.6516666666666666 0.48833333333333334 0.01 0.023333333333333334
2 0.4608333333333333 0.4775 0.008333333333333333 0.015833333333333335
2 0.545 0.4608333333333333 0.005833333333333334 0.010833333333333334
2 0.7283333333333334 0.4666666666666667 0.008333333333333333 0.015833333333333335
0 0.175 0.49 0.006666666666666667 0.014166666666666666
0 0.4475 0.46166666666666667 0.008333333333333333 0.0125