3 0.10583333333333333 0.23 0.02666666666666667 0.07833333333333334
3 0.12083333333333333 0.27166666666666667 0.04083333333333333 0.09666666666666666
2 0.20333333333333334 0.25583333333333336 0.05 0.09333333333333334
1 0.7241666666666666 0.5316666666666666 0.016666666666666666 0.03
1 0.9258333333333333 0.8175 0.02 0.03916666666666667
1 0.9225 0.8683333333333333 0.02666666666666667 0.0525
3 0.68 0.5033333333333333 0.018333333333333333 0.035
0 0.8008333333333333 0.5825 0.008333333333333333 0.018333333333333333
4 0.9266666666666666 0.7525 0.010833333333333334 0.02
3 0.11416666666666667 0.25166666666666665 0.030833333333333334 0.085
0 0.8375 0.6075 0.005833333333333334 0.011666666666666667
0 0.8566666666666667 0.6216666666666667 0.0033333333333333335 0.01
4 0.9275 0.7308333333333333 0.0075 0.0125
4 0.9266666666666666 0.7158333333333333 0.005833333333333334 0.01
4 0.9275 0.7066666666666667 0.0033333333333333335 0.008333333333333333
0 0.8708333333333333 0.6291666666666667 0.0025 0.0075