2 0.6791666666666667 0.52 0.019166666666666665 0.04416666666666667
2 0.5433333333333333 0.5358333333333334 0.0175 0.04666666666666667
2 0.49666666666666665 0.5108333333333334 0.008333333333333333 0.02666666666666667
2 0.5575 0.495 0.006666666666666667 0.02
2 0.6225 0.49916666666666665 0.008333333333333333 0.025
2 0.5841666666666666 0.4866666666666667 0.004166666666666667 0.015
2 0.5783333333333334 0.48333333333333334 0.0033333333333333335 0.011666666666666667
4 0.0975 0.6025 0.025 0.06333333333333334
4 0.07666666666666666 0.5666666666666667 0.018333333333333333 0.035
4 0.13416666666666666 0.5375 0.005833333333333334 0.016666666666666666
4 0.13916666666666666 0.5375 0.006666666666666667 0.018333333333333333
4 0.14416666666666667 0.5341666666666667 0.005 0.015833333333333335
4 0.18 0.535 0.008333333333333333 0.021666666666666667
4 0.17416666666666666 0.5266666666666666 0.0033333333333333335 0.0125
4 0.2833333333333333 0.5225 0.011666666666666667 0.021666666666666667
4 0.415 0.5066666666666667 0.009166666666666667 0.02
4 0.66 0.5216666666666666 0.021666666666666667 0.04583333333333333
4 0.6108333333333333 0.5 0.0125 0.028333333333333332
4 0.4816666666666667 0.49583333333333335 0.006666666666666667 0.016666666666666666
4 0.49583333333333335 0.49083333333333334 0.005 0.015
2 0.07833333333333334 0.5433333333333333 0.005 0.011666666666666667
2 0.1225 0.535 0.0033333333333333335 0.009166666666666667
4 0.20666666666666667 0.5216666666666666 0.004166666666666667 0.01
4 0.24166666666666667 0.5166666666666667 0.0025 0.009166666666666667
2 0.23416666666666666 0.5158333333333334 0.0016666666666666668 0.006666666666666667
2 0.32166666666666666 0.5075 0.0016666666666666668 0.0075
4 0.3383333333333333 0.5016666666666667 0.0025 0.0075
2 0.3 0.5066666666666667 0.0025 0.0075
2 0.4225 0.4891666666666667 0.0025 0.0075
2 0.5508333333333333 0.4816666666666667 0.0033333333333333335 0.008333333333333333
2 0.5208333333333334 0.4841666666666667 0.0033333333333333335 0.0075
4 0.435 0.49083333333333334 0.0033333333333333335 0.009166666666666667
4 0.4625 0.49 0.004166666666666667 0.01
4 0.48583333333333334 0.4875 0.005833333333333334 0.0125
2 0.4725 0.4866666666666667 0.0025 0.006666666666666667