2 0.87 0.78 0.1 0.21416666666666667
2 0.5375 0.275 0.006666666666666667 0.015833333333333335
2 0.5566666666666666 0.2708333333333333 0.005833333333333334 0.014166666666666666
2 0.4875 0.27666666666666667 0.005833333333333334 0.016666666666666666
2 0.4925 0.2808333333333333 0.006666666666666667 0.018333333333333333
2 0.5175 0.2841666666666667 0.0075 0.020833333333333332
2 0.5433333333333333 0.29083333333333333 0.008333333333333333 0.021666666666666667
2 0.5708333333333333 0.31833333333333336 0.014166666666666666 0.03166666666666667
2 0.6283333333333333 0.3883333333333333 0.0225 0.0575
4 0.45416666666666666 0.2708333333333333 0.005833333333333334 0.015833333333333335
4 0.44416666666666665 0.2708333333333333 0.005833333333333334 0.015
4 0.43416666666666665 0.2683333333333333 0.0033333333333333335 0.0125
4 0.43416666666666665 0.27416666666666667 0.004166666666666667 0.015833333333333335
4 0.4058333333333333 0.2758333333333333 0.005833333333333334 0.015833333333333335
4 0.37 0.2808333333333333 0.004166666666666667 0.015833333333333335
4 0.37416666666666665 0.2891666666666667 0.006666666666666667 0.019166666666666665
4 0.41 0.29583333333333334 0.009166666666666667 0.025
4 0.3883333333333333 0.32083333333333336 0.013333333333333334 0.03166666666666667
4 0.22 0.43583333333333335 0.035 0.06916666666666667
4 0.33 0.3625 0.02 0.045
2 0.525 0.2658333333333333 0.004166666666666667 0.013333333333333334
2 0.5116666666666667 0.265 0.004166666666666667 0.0125
4 0.4658333333333333 0.26166666666666666 0.0033333333333333335 0.013333333333333334
4 0.47333333333333333 0.26166666666666666 0.0033333333333333335 0.011666666666666667