4 0.8316666666666667 0.6658333333333334 0.08083333333333333 0.16583333333333333
4 0.8783333333333333 0.6116666666666667 0.050833333333333335 0.13916666666666666
4 0.19 0.36333333333333334 0.011666666666666667 0.035
4 0.20083333333333334 0.3641666666666667 0.013333333333333334 0.03833333333333333
4 0.2225 0.375 0.0175 0.04583333333333333
4 0.2791666666666667 0.36 0.018333333333333333 0.04
4 0.32916666666666666 0.3491666666666667 0.015 0.03666666666666667
4 0.5058333333333334 0.28 0.004166666666666667 0.013333333333333334
4 0.48833333333333334 0.2866666666666667 0.005833333333333334 0.015833333333333335
4 0.47833333333333333 0.29583333333333334 0.0075 0.02
4 0.4725 0.30666666666666664 0.008333333333333333 0.0225
4 0.465 0.32166666666666666 0.010833333333333334 0.030833333333333334
2 0.6091666666666666 0.2775 0.004166666666666667 0.0125
2 0.6008333333333333 0.2816666666666667 0.004166666666666667 0.013333333333333334
2 0.5991666666666666 0.28833333333333333 0.006666666666666667 0.016666666666666666
2 0.6058333333333333 0.295 0.006666666666666667 0.020833333333333332
2 0.6308333333333334 0.3075 0.008333333333333333 0.0225
2 0.6683333333333333 0.3283333333333333 0.0125 0.029166666666666667
2 0.8208333333333333 0.37333333333333335 0.015833333333333335 0.043333333333333335
4 0.8416666666666667 0.8075 0.0975 0.17833333333333334