4 0.09833333333333333 0.5283333333333333 0.011666666666666667 0.0275
4 0.14333333333333334 0.5366666666666666 0.0175 0.03916666666666667
4 0.2225 0.5033333333333333 0.006666666666666667 0.016666666666666666
4 0.19833333333333333 0.5008333333333334 0.005 0.015
4 0.2025 0.4975 0.0033333333333333335 0.010833333333333334
4 0.2816666666666667 0.49083333333333334 0.0033333333333333335 0.009166666666666667
4 0.3025 0.49083333333333334 0.0033333333333333335 0.009166666666666667
2 0.2866666666666667 0.49166666666666664 0.006666666666666667 0.008333333333333333
2 0.25833333333333336 0.5433333333333333 0.023333333333333334 0.05
2 0.2966666666666667 0.5116666666666667 0.011666666666666667 0.02666666666666667
2 0.2625 0.5108333333333334 0.013333333333333334 0.015833333333333335
2 0.14333333333333334 0.5833333333333334 0.04 0.07583333333333334
2 0.3725 0.5133333333333333 0.0125 0.03
2 0.42333333333333334 0.5016666666666667 0.0075 0.020833333333333332
2 0.4058333333333333 0.49416666666666664 0.006666666666666667 0.015833333333333335
2 0.46416666666666667 0.51 0.011666666666666667 0.0275
2 0.45 0.4975 0.0075 0.02
4 0.48083333333333333 0.49166666666666664 0.005833333333333334 0.014166666666666666
4 0.4325 0.4891666666666667 0.005833333333333334 0.015833333333333335
4 0.40166666666666667 0.4891666666666667 0.005 0.013333333333333334