4 0.4083333333333333 0.3408333333333333 0.021666666666666667 0.03916666666666667
4 0.5141666666666667 0.30583333333333335 0.014166666666666666 0.03
4 0.6416666666666667 0.28833333333333333 0.010833333333333334 0.024166666666666666
4 0.6941666666666667 0.2825 0.01 0.021666666666666667
4 0.7708333333333334 0.2783333333333333 0.008333333333333333 0.019166666666666665
4 0.8125 0.27666666666666667 0.0075 0.0175
4 0.8433333333333334 0.27416666666666667 0.005833333333333334 0.015833333333333335
4 0.8625 0.27166666666666667 0.004166666666666667 0.013333333333333334
4 0.8741666666666666 0.27 0.004166666666666667 0.0125
4 0.8808333333333334 0.26916666666666667 0.0033333333333333335 0.009166666666666667
4 0.8991666666666667 0.26916666666666667 0.0033333333333333335 0.010833333333333334
2 0.6491666666666667 0.4025 0.03166666666666667 0.06416666666666666
2 0.7008333333333333 0.325 0.015833333333333335 0.035833333333333335
2 0.8008333333333333 0.3025 0.0125 0.0275
2 0.8841666666666667 0.2966666666666667 0.008333333333333333 0.0225
2 0.9158333333333334 0.29333333333333333 0.008333333333333333 0.019166666666666665
2 0.9341666666666667 0.29 0.004166666666666667 0.015833333333333335