4 0.7175 0.5958333333333333 0.059166666666666666 0.12666666666666668
4 0.6166666666666667 0.4216666666666667 0.024166666666666666 0.06166666666666667
4 0.6708333333333333 0.35333333333333333 0.0175 0.03666666666666667
4 0.6825 0.32 0.01 0.02666666666666667
4 0.6358333333333334 0.3 0.0075 0.019166666666666665
4 0.5541666666666667 0.295 0.005833333333333334 0.015833333333333335
4 0.49916666666666665 0.2975 0.005833333333333334 0.0125
4 0.4058333333333333 0.31166666666666665 0.005 0.011666666666666667
2 0.16333333333333333 0.5208333333333334 0.028333333333333332 0.059166666666666666
2 0.4025 0.3775 0.011666666666666667 0.030833333333333334
2 0.4841666666666667 0.335 0.011666666666666667 0.025
2 0.465 0.31416666666666665 0.005833333333333334 0.015
2 0.5058333333333334 0.31666666666666665 0.0075 0.015833333333333335
2 0.3641666666666667 0.33 0.004166666666666667 0.011666666666666667
4 0.07083333333333333 0.43666666666666665 0.0025 0.009166666666666667
4 0.12833333333333333 0.4066666666666667 0.0025 0.009166666666666667
4 0.22916666666666666 0.36 0.0025 0.009166666666666667
4 0.18583333333333332 0.3775 0.0025 0.008333333333333333
4 0.3025 0.33666666666666667 0.0025 0.008333333333333333
4 0.26416666666666666 0.34833333333333333 0.0025 0.008333333333333333
2 0.15083333333333335 0.40166666666666667 0.0025 0.0075
2 0.1975 0.37916666666666665 0.0033333333333333335 0.009166666666666667
2 0.2625 0.3516666666666667 0.0025 0.009166666666666667
2 0.30583333333333335 0.3416666666666667 0.0025 0.009166666666666667
4 0.3616666666666667 0.32083333333333336 0.0033333333333333335 0.009166666666666667