2 0.7391666666666666 0.4066666666666667 0.030833333333333334 0.06583333333333333
2 0.5666666666666667 0.3441666666666667 0.019166666666666665 0.0425
2 0.4533333333333333 0.31833333333333336 0.011666666666666667 0.03333333333333333
2 0.3408333333333333 0.31666666666666665 0.009166666666666667 0.028333333333333332
2 0.265 0.315 0.006666666666666667 0.019166666666666665
2 0.24166666666666667 0.31333333333333335 0.006666666666666667 0.016666666666666666
2 0.22166666666666668 0.31166666666666665 0.005833333333333334 0.014166666666666666
2 0.215 0.30666666666666664 0.005 0.016666666666666666
2 0.22333333333333333 0.2966666666666667 0.005833333333333334 0.016666666666666666
2 0.24 0.29083333333333333 0.004166666666666667 0.014166666666666666
4 0.16916666666666666 0.30833333333333335 0.0033333333333333335 0.010833333333333334
4 0.15 0.31583333333333335 0.004166666666666667 0.013333333333333334
4 0.17666666666666667 0.30583333333333335 0.0033333333333333335 0.010833333333333334
4 0.165 0.3075 0.004166666666666667 0.01
4 0.18083333333333335 0.3016666666666667 0.0025 0.0075
4 0.13833333333333334 0.31416666666666665 0.0033333333333333335 0.011666666666666667
4 0.135 0.31333333333333335 0.0033333333333333335 0.009166666666666667
4 0.13166666666666665 0.325 0.005 0.015
4 0.12166666666666667 0.33166666666666667 0.006666666666666667 0.015833333333333335
4 0.10666666666666667 0.3625 0.01 0.025
4 0.10916666666666666 0.34833333333333333 0.006666666666666667 0.020833333333333332
4 0.11 0.3375 0.004166666666666667 0.0125
4 0.17333333333333334 0.37083333333333335 0.0175 0.03666666666666667
4 0.23916666666666667 0.39666666666666667 0.025 0.0525
4 0.2275 0.4775 0.0325 0.08416666666666667
4 0.09 0.3308333333333333 0.0033333333333333335 0.0125
4 0.11333333333333333 0.32166666666666666 0.004166666666666667 0.013333333333333334
2 0.8983333333333333 0.305 0.008333333333333333 0.02
2 0.8725 0.3 0.008333333333333333 0.02
2 0.07166666666666667 0.3333333333333333 0.005833333333333334 0.01
2 0.09666666666666666 0.32416666666666666 0.004166666666666667 0.009166666666666667