2 0.20416666666666666 0.6875 0.06916666666666667 0.14583333333333334
2 0.37583333333333335 0.5683333333333334 0.019166666666666665 0.06583333333333333
3 0.31083333333333335 0.5258333333333334 0.0075 0.0225
3 0.18833333333333332 0.5375 0.005 0.015833333333333335
3 0.12666666666666668 0.5425 0.0033333333333333335 0.011666666666666667
3 0.2525 0.5183333333333333 0.0033333333333333335 0.0125
2 0.31833333333333336 0.5283333333333333 0.0125 0.029166666666666667
2 0.23333333333333334 0.5158333333333334 0.004166666666666667 0.0125
2 0.21916666666666668 0.5158333333333334 0.0033333333333333335 0.01
2 0.20166666666666666 0.5158333333333334 0.0033333333333333335 0.0075
3 0.19333333333333333 0.5216666666666666 0.0033333333333333335 0.009166666666666667
4 0.4925 0.49833333333333335 0.006666666666666667 0.0225
4 0.39916666666666667 0.49833333333333335 0.005 0.015833333333333335
4 0.34 0.5 0.005833333333333334 0.014166666666666666
4 0.3025 0.5016666666666667 0.0033333333333333335 0.009166666666666667
2 0.24833333333333332 0.5175 0.0033333333333333335 0.013333333333333334