4 0.6675 0.5741666666666667 0.07083333333333333 0.13333333333333333
4 0.29583333333333334 0.47 0.04416666666666667 0.08833333333333333
4 0.45166666666666666 0.4141666666666667 0.035 0.0575
4 0.5633333333333334 0.4041666666666667 0.023333333333333334 0.04666666666666667
4 0.6275 0.41583333333333333 0.025833333333333333 0.050833333333333335
4 0.5741666666666667 0.45916666666666667 0.0425 0.07833333333333334
2 0.4241666666666667 0.71 0.1175 0.20416666666666666
2 0.19 0.585 0.07083333333333333 0.13916666666666666
2 0.6766666666666666 0.4691666666666667 0.04833333333333333 0.07833333333333334
2 0.5141666666666667 0.42833333333333334 0.03833333333333333 0.04083333333333333
2 0.5341666666666667 0.3775 0.01 0.023333333333333334
2 0.6016666666666667 0.3858333333333333 0.01 0.025
2 0.6191666666666666 0.39166666666666666 0.011666666666666667 0.028333333333333332