2 0.5416666666666666 0.2675 0.004166666666666667 0.009166666666666667
4 0.38916666666666666 0.2725 0.004166666666666667 0.01
2 0.6141666666666666 0.2833333333333333 0.005833333333333334 0.013333333333333334
4 0.4525 0.27416666666666667 0.005833333333333334 0.011666666666666667
4 0.5166666666666667 0.29333333333333333 0.009166666666666667 0.021666666666666667
4 0.5225 0.2833333333333333 0.006666666666666667 0.02
2 0.49416666666666664 0.27 0.005 0.010833333333333334
4 0.4266666666666667 0.27416666666666667 0.005833333333333334 0.0125
4 0.4 0.27416666666666667 0.005 0.011666666666666667
4 0.51 0.2758333333333333 0.005833333333333334 0.015
2 0.6675 0.30666666666666664 0.009166666666666667 0.02
2 0.6283333333333333 0.28833333333333333 0.006666666666666667 0.015833333333333335
4 0.7541666666666667 0.3 0.0075 0.015833333333333335
2 0.5525 0.2733333333333333 0.006666666666666667 0.013333333333333334
4 0.485 0.275 0.005833333333333334 0.014166666666666666
2 0.3 0.2816666666666667 0.006666666666666667 0.014166666666666666
2 0.645 0.29583333333333334 0.0075 0.016666666666666666
2 0.59 0.2775 0.006666666666666667 0.014166666666666666
2 0.6866666666666666 0.31833333333333336 0.0125 0.025
2 0.7241666666666666 0.3408333333333333 0.016666666666666666 0.035
4 0.5075 0.30333333333333334 0.011666666666666667 0.025
4 0.49583333333333335 0.31833333333333336 0.014166666666666666 0.03166666666666667
4 0.4425 0.3408333333333333 0.018333333333333333 0.04
4 0.31416666666666665 0.37 0.024166666666666666 0.04833333333333333
2 0.7075 0.38 0.025833333333333333 0.05333333333333334
2 0.6375 0.4266666666666667 0.0375 0.07333333333333333
2 0.6566666666666666 0.5233333333333333 0.050833333333333335 0.11083333333333334
4 0.42083333333333334 0.2675 0.005 0.011666666666666667
4 0.43166666666666664 0.26666666666666666 0.004166666666666667 0.01
4 0.44666666666666666 0.2658333333333333 0.005 0.011666666666666667
2 0.5558333333333333 0.26416666666666666 0.004166666666666667 0.011666666666666667