4 0.07916666666666666 0.3125 0.006666666666666667 0.013333333333333334
2 0.12916666666666668 0.2966666666666667 0.005833333333333334 0.011666666666666667
2 0.18833333333333332 0.29083333333333333 0.005833333333333334 0.011666666666666667
0 0.7808333333333334 0.32166666666666666 0.014166666666666666 0.020833333333333332
4 0.08583333333333333 0.31333333333333335 0.006666666666666667 0.013333333333333334
2 0.15666666666666668 0.2941666666666667 0.005833333333333334 0.011666666666666667
4 0.1525 0.3433333333333333 0.013333333333333334 0.03
2 0.17916666666666667 0.3 0.006666666666666667 0.015
2 0.2733333333333333 0.3025 0.01 0.021666666666666667
2 0.14916666666666667 0.3125 0.009166666666666667 0.0175
2 0.1225 0.31583333333333335 0.008333333333333333 0.018333333333333333
2 0.2075 0.305 0.009166666666666667 0.0175
4 0.10583333333333333 0.335 0.01 0.0225
4 0.16 0.36583333333333334 0.0175 0.03833333333333333
2 0.32166666666666666 0.30583333333333335 0.0125 0.02666666666666667
2 0.39916666666666667 0.31916666666666665 0.015833333333333335 0.034166666666666665
2 0.5041666666666667 0.3475 0.021666666666666667 0.0475
4 0.17166666666666666 0.4 0.0275 0.05333333333333334
2 0.6391666666666667 0.40166666666666667 0.03333333333333333 0.07166666666666667
2 0.8833333333333333 0.5408333333333334 0.051666666666666666 0.12083333333333333