2 0.32916666666666666 0.6175 0.04083333333333333 0.09583333333333334
2 0.3616666666666667 0.5641666666666667 0.023333333333333334 0.05583333333333333
2 0.33666666666666667 0.535 0.015 0.029166666666666667
2 0.32 0.5225 0.008333333333333333 0.021666666666666667
2 0.35333333333333333 0.51 0.005 0.014166666666666666
2 0.3858333333333333 0.5016666666666667 0.004166666666666667 0.0125
4 0.44333333333333336 0.5 0.0075 0.0175
4 0.45416666666666666 0.5066666666666667 0.009166666666666667 0.02
4 0.45166666666666666 0.495 0.0033333333333333335 0.009166666666666667
4 0.465 0.49083333333333334 0.004166666666666667 0.009166666666666667
4 0.5041666666666667 0.51 0.014166666666666666 0.025833333333333333
2 0.4141666666666667 0.49416666666666664 0.0033333333333333335 0.009166666666666667
4 0.5041666666666667 0.48333333333333334 0.005833333333333334 0.009166666666666667