2 0.13916666666666666 0.2916666666666667 0.004166666666666667 0.008333333333333333
2 0.4033333333333333 0.345 0.005833333333333334 0.014166666666666666
2 0.18333333333333332 0.2975 0.004166666666666667 0.01
4 0.09833333333333333 0.3025 0.005833333333333334 0.011666666666666667
2 0.12916666666666668 0.2941666666666667 0.004166666666666667 0.009166666666666667
2 0.20083333333333334 0.3025 0.005833333333333334 0.011666666666666667
4 0.08666666666666667 0.30583333333333335 0.006666666666666667 0.014166666666666666
2 0.0675 0.325 0.006666666666666667 0.0275
2 0.17416666666666666 0.30916666666666665 0.0075 0.015833333333333335
3 0.7491666666666666 0.5966666666666667 0.03166666666666667 0.065
2 0.55 0.4266666666666667 0.016666666666666666 0.03333333333333333
2 0.2808333333333333 0.37916666666666665 0.018333333333333333 0.04083333333333333
2 0.22166666666666668 0.49 0.04 0.09