2 0.48833333333333334 0.2825 0.011666666666666667 0.020833333333333332
2 0.15166666666666667 0.31416666666666665 0.008333333333333333 0.020833333333333332
2 0.37333333333333335 0.2825 0.008333333333333333 0.018333333333333333
2 0.5533333333333333 0.2941666666666667 0.0125 0.025
2 0.25916666666666666 0.2941666666666667 0.006666666666666667 0.018333333333333333
4 0.325 0.305 0.0125 0.025
2 0.625 0.3325 0.015833333333333335 0.035833333333333335
4 0.3591666666666667 0.31166666666666665 0.014166666666666666 0.029166666666666667
4 0.14666666666666667 0.3383333333333333 0.014166666666666666 0.03166666666666667
4 0.24333333333333335 0.31333333333333335 0.0125 0.025833333333333333
4 0.32666666666666666 0.33916666666666667 0.019166666666666665 0.03833333333333333
2 0.6766666666666666 0.4191666666666667 0.03333333333333333 0.06833333333333333
4 0.18666666666666668 0.425 0.0225 0.06666666666666667