2 0.89 0.5433333333333333 0.0075 0.014166666666666666
4 0.89 0.5433333333333333 0.0075 0.014166666666666666
2 0.7641666666666667 0.5525 0.006666666666666667 0.015833333333333335
2 0.6566666666666666 0.5666666666666667 0.009166666666666667 0.02
4 0.8366666666666667 0.5566666666666666 0.011666666666666667 0.02
2 0.5958333333333333 0.5791666666666667 0.010833333333333334 0.025833333333333333
4 0.805 0.5666666666666667 0.0125 0.025
4 0.7891666666666667 0.5783333333333334 0.015833333333333335 0.0325
2 0.46166666666666667 0.6183333333333333 0.023333333333333334 0.04833333333333333
4 0.815 0.6233333333333333 0.030833333333333334 0.06333333333333334
2 0.17666666666666667 0.7433333333333333 0.07166666666666667 0.1425