2 0.32 0.6208333333333333 0.0425 0.09416666666666666
2 0.26166666666666666 0.57 0.019166666666666665 0.04416666666666667
2 0.21416666666666667 0.555 0.0033333333333333335 0.0125
2 0.16333333333333333 0.5775 0.0125 0.034166666666666665
2 0.15666666666666668 0.5691666666666667 0.004166666666666667 0.0175
2 0.2708333333333333 0.5408333333333334 0.0033333333333333335 0.0125
4 0.3325 0.5316666666666666 0.0075 0.016666666666666666
4 0.35333333333333333 0.5241666666666667 0.005 0.013333333333333334
4 0.38666666666666666 0.5216666666666666 0.008333333333333333 0.02
4 0.42083333333333334 0.5058333333333334 0.005 0.011666666666666667
2 0.3933333333333333 0.5066666666666667 0.004166666666666667 0.009166666666666667
2 0.5283333333333333 0.4866666666666667 0.0075 0.01
4 0.5291666666666667 0.49833333333333335 0.0033333333333333335 0.015833333333333335
4 0.44416666666666665 0.49833333333333335 0.004166666666666667 0.009166666666666667
4 0.4691666666666667 0.49083333333333334 0.0033333333333333335 0.009166666666666667