4 0.295 0.3883333333333333 0.025833333333333333 0.05
4 0.35 0.33916666666666667 0.015 0.035833333333333335
4 0.39416666666666667 0.31333333333333335 0.011666666666666667 0.028333333333333332
4 0.4225 0.29333333333333333 0.009166666666666667 0.0225
4 0.4325 0.28 0.006666666666666667 0.018333333333333333
4 0.40166666666666667 0.27666666666666667 0.005 0.015
4 0.39666666666666667 0.27166666666666667 0.004166666666666667 0.013333333333333334
4 0.4241666666666667 0.2658333333333333 0.004166666666666667 0.011666666666666667
4 0.4483333333333333 0.2633333333333333 0.0033333333333333335 0.010833333333333334
4 0.44666666666666666 0.2608333333333333 0.0025 0.010833333333333334
2 0.8425 0.635 0.06333333333333334 0.16083333333333333
2 0.5941666666666666 0.36666666666666664 0.021666666666666667 0.050833333333333335
2 0.5675 0.3125 0.01 0.03
2 0.5483333333333333 0.2866666666666667 0.0075 0.021666666666666667
2 0.535 0.2708333333333333 0.005833333333333334 0.015833333333333335
2 0.5158333333333334 0.2675 0.005833333333333334 0.015833333333333335
2 0.495 0.26666666666666666 0.004166666666666667 0.015
2 0.49166666666666664 0.26416666666666666 0.004166666666666667 0.015
4 0.4558333333333333 0.2608333333333333 0.0033333333333333335 0.0125
4 0.4633333333333333 0.2608333333333333 0.0033333333333333335 0.013333333333333334
4 0.4725 0.25416666666666665 0.0033333333333333335 0.010833333333333334
2 0.5325 0.26 0.0033333333333333335 0.01
2 0.5491666666666667 0.25666666666666665 0.0033333333333333335 0.010833333333333334
2 0.5133333333333333 0.25416666666666665 0.004166666666666667 0.010833333333333334
2 0.5233333333333333 0.255 0.0033333333333333335 0.010833333333333334