2 0.6991666666666667 0.4058333333333333 0.029166666666666667 0.06916666666666667
2 0.8833333333333333 0.31333333333333335 0.009166666666666667 0.025833333333333333
2 0.7433333333333333 0.2966666666666667 0.008333333333333333 0.021666666666666667
2 0.9091666666666667 0.2975 0.004166666666666667 0.01
2 0.835 0.29 0.004166666666666667 0.009166666666666667
4 0.9283333333333333 0.30833333333333335 0.009166666666666667 0.0225
4 0.9216666666666666 0.3 0.006666666666666667 0.015833333333333335
4 0.8208333333333333 0.2966666666666667 0.006666666666666667 0.019166666666666665
4 0.8233333333333334 0.2866666666666667 0.004166666666666667 0.01
4 0.7733333333333333 0.2825 0.0033333333333333335 0.009166666666666667
2 0.77 0.2825 0.0033333333333333335 0.009166666666666667
4 0.7258333333333333 0.29 0.005833333333333334 0.015833333333333335
2 0.665 0.29333333333333333 0.0075 0.018333333333333333
4 0.6408333333333334 0.2841666666666667 0.005 0.015
2 0.605 0.2916666666666667 0.0075 0.018333333333333333
2 0.5541666666666667 0.29333333333333333 0.005833333333333334 0.016666666666666666
4 0.5566666666666666 0.28583333333333333 0.004166666666666667 0.015
4 0.49166666666666664 0.2916666666666667 0.005 0.015
2 0.5008333333333334 0.3 0.006666666666666667 0.020833333333333332
2 0.4741666666666667 0.3491666666666667 0.023333333333333334 0.04583333333333333
2 0.4425 0.3075 0.009166666666666667 0.024166666666666666
4 0.3983333333333333 0.30666666666666664 0.0075 0.019166666666666665
2 0.3775 0.33916666666666667 0.014166666666666666 0.034166666666666665
2 0.3566666666666667 0.32166666666666666 0.009166666666666667 0.0225
2 0.32416666666666666 0.33416666666666667 0.0125 0.030833333333333334
4 0.32083333333333336 0.3175 0.005833333333333334 0.0175
4 0.25583333333333336 0.3333333333333333 0.0075 0.020833333333333332
4 0.195 0.34833333333333333 0.010833333333333334 0.0225
4 0.16 0.3625 0.010833333333333334 0.024166666666666666
4 0.13666666666666666 0.38 0.013333333333333334 0.03
4 0.13 0.385 0.0075 0.02