2 0.23416666666666666 0.6075 0.03666666666666667 0.07166666666666667
2 0.3541666666666667 0.5408333333333334 0.0125 0.03666666666666667
2 0.3566666666666667 0.5208333333333334 0.006666666666666667 0.020833333333333332
2 0.3441666666666667 0.5158333333333334 0.005 0.015
2 0.3233333333333333 0.515 0.0033333333333333335 0.0125
2 0.30833333333333335 0.5141666666666667 0.004166666666666667 0.0125
4 0.5108333333333334 0.4891666666666667 0.0033333333333333335 0.009166666666666667
4 0.45416666666666666 0.49333333333333335 0.0033333333333333335 0.009166666666666667
4 0.3875 0.5008333333333334 0.0033333333333333335 0.009166666666666667
4 0.13083333333333333 0.5525 0.004166666666666667 0.009166666666666667
4 0.17583333333333334 0.5391666666666667 0.004166666666666667 0.009166666666666667
2 0.18583333333333332 0.5391666666666667 0.005 0.009166666666666667
2 0.22666666666666666 0.53 0.004166666666666667 0.009166666666666667
2 0.2758333333333333 0.5208333333333334 0.0033333333333333335 0.01