2 0.5725 0.4508333333333333 0.014166666666666666 0.025
4 0.5716666666666667 0.4508333333333333 0.015 0.025
2 0.5541666666666667 0.4475 0.0125 0.0225
2 0.495 0.4475 0.0125 0.021666666666666667
4 0.555 0.47583333333333333 0.019166666666666665 0.035833333333333335
4 0.6033333333333334 0.48083333333333333 0.0225 0.03666666666666667
2 0.5333333333333333 0.505 0.030833333333333334 0.03
4 0.4891666666666667 0.5 0.025833333333333333 0.043333333333333335
4 0.5966666666666667 0.5216666666666666 0.0325 0.0525
2 0.6566666666666666 0.5158333333333334 0.0325 0.049166666666666664
4 0.4241666666666667 0.5625 0.03916666666666667 0.06166666666666667
4 0.68 0.5741666666666667 0.041666666666666664 0.06583333333333333
2 0.6191666666666666 0.6458333333333334 0.045 0.08416666666666667
2 0.43833333333333335 0.645 0.051666666666666666 0.08583333333333333