4 0.4175 0.275 0.005833333333333334 0.011666666666666667
2 0.49083333333333334 0.2708333333333333 0.004166666666666667 0.013333333333333334
2 0.49833333333333335 0.27416666666666667 0.006666666666666667 0.013333333333333334
4 0.41583333333333333 0.2783333333333333 0.005833333333333334 0.013333333333333334
2 0.5066666666666667 0.2791666666666667 0.005833333333333334 0.013333333333333334
2 0.5166666666666667 0.2841666666666667 0.006666666666666667 0.015
4 0.4091666666666667 0.2816666666666667 0.005833333333333334 0.014166666666666666
2 0.53 0.2916666666666667 0.008333333333333333 0.018333333333333333
2 0.13166666666666665 0.3425 0.011666666666666667 0.0225
4 0.4025 0.29 0.0075 0.0175
2 0.5558333333333333 0.30583333333333335 0.010833333333333334 0.023333333333333334
4 0.3725 0.3333333333333333 0.014166666666666666 0.034166666666666665
4 0.3775 0.315 0.011666666666666667 0.02666666666666667
2 0.6 0.3283333333333333 0.016666666666666666 0.035
4 0.38916666666666666 0.3 0.009166666666666667 0.02
4 0.09583333333333334 0.37166666666666665 0.015833333333333335 0.03333333333333333
2 0.6666666666666666 0.36583333333333334 0.025833333333333333 0.05333333333333334
4 0.3675 0.35833333333333334 0.019166666666666665 0.0425
4 0.32916666666666666 0.38083333333333336 0.024166666666666666 0.051666666666666666
4 0.2125 0.4266666666666667 0.030833333333333334 0.06166666666666667
2 0.6225 0.4508333333333333 0.043333333333333335 0.08833333333333333
2 0.79 0.5175 0.0525 0.1175
2 0.13 0.3283333333333333 0.008333333333333333 0.015833333333333335
4 0.42333333333333334 0.26916666666666667 0.004166666666666667 0.01
4 0.4266666666666667 0.2658333333333333 0.004166666666666667 0.01