4 0.32916666666666666 0.36 0.018333333333333333 0.0425
4 0.3983333333333333 0.30333333333333334 0.010833333333333334 0.02666666666666667
4 0.4191666666666667 0.2866666666666667 0.006666666666666667 0.018333333333333333
4 0.43666666666666665 0.275 0.005 0.014166666666666666
4 0.4425 0.27 0.005 0.013333333333333334
2 0.7908333333333334 0.475 0.043333333333333335 0.08916666666666667
2 0.6291666666666667 0.3458333333333333 0.0175 0.041666666666666664
2 0.565 0.29833333333333334 0.0075 0.020833333333333332
2 0.5433333333333333 0.2825 0.006666666666666667 0.016666666666666666
2 0.5283333333333333 0.2708333333333333 0.004166666666666667 0.0125
4 0.44666666666666666 0.26666666666666666 0.0033333333333333335 0.011666666666666667