2 0.6908333333333333 0.43583333333333335 0.013333333333333334 0.025
2 0.71 0.5025 0.024166666666666666 0.045
2 0.7783333333333333 0.44333333333333336 0.0125 0.025833333333333333
2 0.8933333333333333 0.4625 0.014166666666666666 0.0275
2 0.5666666666666667 0.43416666666666665 0.014166666666666666 0.024166666666666666
2 0.41833333333333333 0.43583333333333335 0.010833333333333334 0.0225
2 0.355 0.4166666666666667 0.006666666666666667 0.014166666666666666
4 0.19916666666666666 0.6458333333333334 0.043333333333333335 0.07583333333333334
4 0.22083333333333333 0.5 0.018333333333333333 0.03166666666666667
4 0.24416666666666667 0.44 0.008333333333333333 0.014166666666666666
4 0.3025 0.4083333333333333 0.005833333333333334 0.009166666666666667
2 0.37833333333333335 0.39416666666666667 0.005 0.010833333333333334
2 0.08833333333333333 0.4625 0.0025 0.006666666666666667
2 0.12916666666666668 0.44333333333333336 0.0025 0.004166666666666667
2 0.19916666666666666 0.4175 0.0025 0.005
2 0.27166666666666667 0.4025 0.0033333333333333335 0.0025
2 0.23916666666666667 0.4083333333333333 0.0025 0.005
4 0.0975 0.465 0.0033333333333333335 0.006666666666666667
4 0.10083333333333333 0.4508333333333333 0.0025 0.0033333333333333335
4 0.15083333333333335 0.44583333333333336 0.0025 0.004166666666666667
4 0.1725 0.435 0.0025 0.0033333333333333335
4 0.1475 0.44 0.0025 0.004166666666666667
4 0.2075 0.4191666666666667 0.0016666666666666668 0.004166666666666667
4 0.245 0.4116666666666667 0.0016666666666666668 0.004166666666666667
4 0.2875 0.405 0.0025 0.0033333333333333335
4 0.31416666666666665 0.40166666666666667 0.0033333333333333335 0.005
2 0.3275 0.39416666666666667 0.0033333333333333335 0.004166666666666667
2 0.3675 0.38916666666666666 0.004166666666666667 0.004166666666666667
4 0.08583333333333333 0.46 0.0016666666666666668 0.008333333333333333