4 0.19166666666666668 0.5341666666666667 0.04 0.10333333333333333
4 0.32083333333333336 0.38333333333333336 0.02666666666666667 0.050833333333333335
4 0.3566666666666667 0.3408333333333333 0.015833333333333335 0.035
4 0.31083333333333335 0.31833333333333336 0.01 0.024166666666666666
4 0.34833333333333333 0.32166666666666666 0.010833333333333334 0.0275
4 0.2575 0.32083333333333336 0.009166666666666667 0.021666666666666667
4 0.2175 0.325 0.009166666666666667 0.02
4 0.17916666666666667 0.3283333333333333 0.0075 0.019166666666666665
4 0.17583333333333334 0.32416666666666666 0.005833333333333334 0.018333333333333333
4 0.19 0.31583333333333335 0.005833333333333334 0.015833333333333335
4 0.21916666666666668 0.30833333333333335 0.005833333333333334 0.013333333333333334
4 0.25333333333333335 0.3 0.005833333333333334 0.015
4 0.2725 0.2966666666666667 0.004166666666666667 0.013333333333333334
4 0.29583333333333334 0.2925 0.004166666666666667 0.013333333333333334
4 0.33 0.2875 0.004166666666666667 0.014166666666666666
4 0.9208333333333333 0.3566666666666667 0.015833333333333335 0.03666666666666667
2 0.77 0.43083333333333335 0.0375 0.075
2 0.6391666666666667 0.3525 0.021666666666666667 0.04666666666666667
2 0.58 0.32166666666666666 0.014166666666666666 0.03333333333333333
2 0.5175 0.3025 0.010833333333333334 0.025
2 0.44583333333333336 0.2975 0.009166666666666667 0.021666666666666667
2 0.34833333333333333 0.2991666666666667 0.006666666666666667 0.016666666666666666
2 0.33416666666666667 0.2925 0.004166666666666667 0.015
2 0.2991666666666667 0.2991666666666667 0.005833333333333334 0.015833333333333335
2 0.30833333333333335 0.3 0.005833333333333334 0.016666666666666666
2 0.37333333333333335 0.29833333333333334 0.005833333333333334 0.0175
2 0.37916666666666665 0.28583333333333333 0.005833333333333334 0.014166666666666666
2 0.43833333333333335 0.2783333333333333 0.005833333333333334 0.014166666666666666
2 0.46166666666666667 0.2733333333333333 0.004166666666666667 0.011666666666666667
2 0.4725 0.27166666666666667 0.0033333333333333335 0.01
2 0.4741666666666667 0.26916666666666667 0.0025 0.010833333333333334
4 0.6691666666666667 0.29083333333333333 0.006666666666666667 0.015833333333333335
4 0.4083333333333333 0.275 0.004166666666666667 0.010833333333333334
4 0.4033333333333333 0.27416666666666667 0.0033333333333333335 0.010833333333333334
4 0.3983333333333333 0.2733333333333333 0.0033333333333333335 0.009166666666666667
4 0.38916666666666666 0.2733333333333333 0.0033333333333333335 0.01
4 0.39416666666666667 0.2775 0.004166666666666667 0.011666666666666667
4 0.3725 0.2816666666666667 0.004166666666666667 0.0125