3 0.8175 0.335 0.0025 0.01
3 0.3458333333333333 0.36583333333333334 0.004166666666666667 0.009166666666666667
3 0.695 0.3283333333333333 0.004166666666666667 0.011666666666666667
3 0.5741666666666667 0.335 0.0033333333333333335 0.009166666666666667
3 0.1825 0.4066666666666667 0.0025 0.008333333333333333
2 0.9333333333333333 0.36583333333333334 0.005833333333333334 0.011666666666666667
3 0.12083333333333333 0.4225 0.0033333333333333335 0.009166666666666667
2 0.7575 0.3375 0.004166666666666667 0.013333333333333334
2 0.8891666666666667 0.35333333333333333 0.005833333333333334 0.015
2 0.8041666666666667 0.34 0.004166666666666667 0.013333333333333334
2 0.8425 0.3433333333333333 0.004166666666666667 0.0125
2 0.9316666666666666 0.38333333333333336 0.009166666666666667 0.025
2 0.8375 0.36583333333333334 0.008333333333333333 0.024166666666666666
2 0.6766666666666666 0.35833333333333334 0.010833333333333334 0.0275
2 0.4658333333333333 0.38416666666666666 0.016666666666666666 0.035
2 0.2425 0.4683333333333333 0.0225 0.0475
4 0.7891666666666667 0.45666666666666667 0.028333333333333332 0.060833333333333336
4 0.6508333333333334 0.5816666666666667 0.051666666666666666 0.11833333333333333
3 0.755 0.33 0.0033333333333333335 0.009166666666666667