4 0.4766666666666667 0.3933333333333333 0.03166666666666667 0.060833333333333336
4 0.6558333333333334 0.35083333333333333 0.0225 0.0425
4 0.7433333333333333 0.3283333333333333 0.013333333333333334 0.03
4 0.8433333333333334 0.33666666666666667 0.0125 0.025833333333333333
4 0.865 0.32083333333333336 0.005833333333333334 0.011666666666666667
4 0.9316666666666666 0.3541666666666667 0.008333333333333333 0.0225
4 0.9175 0.3375 0.0075 0.018333333333333333
4 0.8883333333333333 0.3283333333333333 0.006666666666666667 0.015
4 0.8275 0.30833333333333335 0.005833333333333334 0.014166666666666666
4 0.7858333333333334 0.3 0.005 0.011666666666666667
4 0.7283333333333334 0.2891666666666667 0.005833333333333334 0.013333333333333334
4 0.6633333333333333 0.28 0.004166666666666667 0.0125
4 0.6058333333333333 0.27666666666666667 0.004166666666666667 0.0125
4 0.5458333333333333 0.275 0.004166666666666667 0.010833333333333334
4 0.49583333333333335 0.2733333333333333 0.0033333333333333335 0.011666666666666667
4 0.455 0.2733333333333333 0.0033333333333333335 0.009166666666666667
4 0.4483333333333333 0.27 0.0033333333333333335 0.010833333333333334
4 0.4683333333333333 0.2683333333333333 0.0033333333333333335 0.009166666666666667
4 0.4741666666666667 0.2683333333333333 0.0025 0.008333333333333333
4 0.4716666666666667 0.2675 0.0025 0.008333333333333333
2 0.8983333333333333 0.32166666666666666 0.005833333333333334 0.011666666666666667
2 0.8633333333333333 0.31333333333333335 0.004166666666666667 0.01
2 0.8225 0.3025 0.005833333333333334 0.0125
2 0.7791666666666667 0.295 0.004166666666666667 0.009166666666666667