2 0.7241666666666666 0.5333333333333333 0.028333333333333332 0.05583333333333333
2 0.49083333333333334 0.4525 0.0175 0.02666666666666667
2 0.4575 0.4141666666666667 0.008333333333333333 0.015
2 0.37166666666666665 0.4508333333333333 0.013333333333333334 0.023333333333333334
2 0.3233333333333333 0.43 0.009166666666666667 0.015
2 0.25166666666666665 0.4658333333333333 0.014166666666666666 0.021666666666666667
2 0.21166666666666667 0.44916666666666666 0.0075 0.016666666666666666
2 0.11833333333333333 0.49666666666666665 0.011666666666666667 0.021666666666666667
2 0.11333333333333333 0.4725 0.0075 0.015
2 0.5258333333333334 0.4008333333333333 0.006666666666666667 0.0125
2 0.5175 0.395 0.005833333333333334 0.009166666666666667
4 0.17916666666666667 0.6808333333333333 0.0475 0.08166666666666667
4 0.20666666666666667 0.5708333333333333 0.025833333333333333 0.0525
4 0.12 0.5558333333333333 0.018333333333333333 0.041666666666666664
4 0.06833333333333333 0.4791666666666667 0.006666666666666667 0.014166666666666666
4 0.19833333333333333 0.4425 0.006666666666666667 0.0125
4 0.38416666666666666 0.4125 0.006666666666666667 0.0125
4 0.4116666666666667 0.40166666666666667 0.005 0.009166666666666667
4 0.43666666666666665 0.40166666666666667 0.005833333333333334 0.010833333333333334
2 0.40166666666666667 0.39916666666666667 0.0033333333333333335 0.006666666666666667
2 0.44666666666666666 0.39666666666666667 0.0033333333333333335 0.006666666666666667
2 0.49166666666666664 0.39416666666666667 0.0033333333333333335 0.006666666666666667
4 0.36833333333333335 0.405 0.0033333333333333335 0.0075
2 0.32083333333333336 0.4125 0.0033333333333333335 0.008333333333333333
2 0.22166666666666668 0.4266666666666667 0.0033333333333333335 0.006666666666666667
4 0.16333333333333333 0.43916666666666665 0.0033333333333333335 0.005
4 0.08583333333333333 0.45916666666666667 0.0025 0.0033333333333333335
4 0.075 0.4625 0.0016666666666666668 0.005