4 0.8133333333333334 0.7925 0.0725 0.17166666666666666
4 0.53 0.3825 0.008333333333333333 0.02
4 0.5183333333333333 0.36333333333333334 0.005 0.011666666666666667
4 0.5008333333333334 0.3525 0.0033333333333333335 0.009166666666666667
4 0.485 0.3466666666666667 0.0025 0.0075
3 0.2783333333333333 0.39666666666666667 0.013333333333333334 0.030833333333333334
3 0.3333333333333333 0.3625 0.006666666666666667 0.0175
3 0.175 0.38 0.01 0.023333333333333334
2 0.3883333333333333 0.38083333333333336 0.01 0.025833333333333333
2 0.4266666666666667 0.3566666666666667 0.0033333333333333335 0.014166666666666666
3 0.42333333333333334 0.3575 0.0033333333333333335 0.014166666666666666
2 0.4325 0.35083333333333333 0.0033333333333333335 0.0125
4 0.4666666666666667 0.3408333333333333 0.0025 0.008333333333333333
2 0.43333333333333335 0.3441666666666667 0.0025 0.01
2 0.4275 0.34 0.0025 0.009166666666666667
4 0.43666666666666665 0.335 0.0016666666666666668 0.0075
2 0.41 0.3358333333333333 0.0025 0.008333333333333333
2 0.3725 0.33166666666666667 0.0025 0.0075
4 0.3983333333333333 0.3308333333333333 0.0025 0.0075
4 0.3625 0.3283333333333333 0.0016666666666666668 0.0075
2 0.3408333333333333 0.32916666666666666 0.0025 0.0075
2 0.3 0.3275 0.0025 0.006666666666666667
4 0.2825 0.325 0.0025 0.006666666666666667
4 0.305 0.3258333333333333 0.0016666666666666668 0.006666666666666667
2 0.25833333333333336 0.3275 0.0033333333333333335 0.008333333333333333
2 0.23416666666666666 0.3275 0.0025 0.006666666666666667
2 0.21833333333333332 0.32666666666666666 0.0025 0.006666666666666667