3 0.22083333333333333 0.38416666666666666 0.01 0.025833333333333333
3 0.37333333333333335 0.37166666666666665 0.005 0.020833333333333332
4 0.6116666666666667 0.5366666666666666 0.03 0.07833333333333334
4 0.5366666666666666 0.42583333333333334 0.015833333333333335 0.0375
4 0.5183333333333333 0.38416666666666666 0.008333333333333333 0.0225
4 0.5125 0.36583333333333334 0.006666666666666667 0.015833333333333335
4 0.5025 0.35833333333333334 0.005 0.013333333333333334
4 0.48333333333333334 0.3516666666666667 0.004166666666666667 0.011666666666666667
4 0.4633333333333333 0.3458333333333333 0.004166666666666667 0.010833333333333334
4 0.44333333333333336 0.3416666666666667 0.004166666666666667 0.01
4 0.4266666666666667 0.33916666666666667 0.0033333333333333335 0.008333333333333333
4 0.4033333333333333 0.3358333333333333 0.0025 0.009166666666666667
4 0.34 0.3308333333333333 0.0016666666666666668 0.008333333333333333
4 0.29583333333333334 0.3308333333333333 0.0025 0.009166666666666667
4 0.23833333333333334 0.3325 0.0025 0.009166666666666667
4 0.1875 0.3375 0.0033333333333333335 0.01
4 0.14416666666666667 0.3433333333333333 0.0033333333333333335 0.010833333333333334
4 0.10583333333333333 0.35 0.0033333333333333335 0.010833333333333334
2 0.3775 0.37 0.005833333333333334 0.021666666666666667
2 0.4083333333333333 0.35583333333333333 0.005 0.014166666666666666
2 0.41583333333333333 0.3475 0.0033333333333333335 0.010833333333333334
2 0.3933333333333333 0.3408333333333333 0.0025 0.008333333333333333
2 0.3308333333333333 0.335 0.0025 0.009166666666666667
2 0.27416666666666667 0.33416666666666667 0.0025 0.01
2 0.22916666666666666 0.3375 0.0025 0.010833333333333334
2 0.18083333333333335 0.3425 0.0033333333333333335 0.0125
2 0.12 0.35083333333333333 0.0033333333333333335 0.0125
4 0.37166666666666665 0.3333333333333333 0.0033333333333333335 0.008333333333333333
2 0.37 0.33666666666666667 0.0033333333333333335 0.009166666666666667