2 0.41333333333333333 0.5316666666666666 0.04833333333333333 0.095
2 0.39416666666666667 0.39 0.0175 0.0375
2 0.35333333333333333 0.3425 0.0075 0.02
2 0.3616666666666667 0.3283333333333333 0.005 0.015
2 0.93 0.5433333333333333 0.0075 0.018333333333333333
2 0.8208333333333333 0.4791666666666667 0.005833333333333334 0.0175
2 0.755 0.44166666666666665 0.005 0.016666666666666666
2 0.83 0.4716666666666667 0.004166666666666667 0.013333333333333334
4 0.8225 0.5525 0.024166666666666666 0.0475
4 0.8608333333333333 0.5325 0.013333333333333334 0.0325
4 0.6366666666666667 0.43416666666666665 0.014166666666666666 0.030833333333333334
4 0.725 0.4525 0.01 0.021666666666666667
4 0.5233333333333333 0.37833333333333335 0.010833333333333334 0.0225
4 0.5183333333333333 0.3575 0.004166666666666667 0.0125
4 0.48583333333333334 0.35583333333333333 0.005833333333333334 0.015833333333333335
4 0.5758333333333333 0.37583333333333335 0.004166666666666667 0.015
2 0.6616666666666666 0.3975 0.005 0.014166666666666666
4 0.11666666666666667 0.2925 0.0025 0.009166666666666667
4 0.16416666666666666 0.29583333333333334 0.0025 0.009166666666666667
4 0.21166666666666667 0.29833333333333334 0.0033333333333333335 0.0075
4 0.24333333333333335 0.3 0.0033333333333333335 0.01
4 0.2683333333333333 0.30083333333333334 0.0025 0.0075
2 0.06416666666666666 0.2975 0.0016666666666666668 0.0075
2 0.11916666666666667 0.2991666666666667 0.0033333333333333335 0.01
2 0.17416666666666666 0.3025 0.0033333333333333335 0.010833333333333334
2 0.25833333333333336 0.305 0.0033333333333333335 0.01
2 0.30583333333333335 0.30666666666666664 0.0033333333333333335 0.009166666666666667
2 0.41 0.3283333333333333 0.0033333333333333335 0.009166666666666667
2 0.5058333333333334 0.3458333333333333 0.0033333333333333335 0.013333333333333334
2 0.5741666666666667 0.365 0.004166666666666667 0.009166666666666667
4 0.6408333333333334 0.4033333333333333 0.004166666666666667 0.016666666666666666
2 0.8908333333333334 0.5075 0.0025 0.01