4 0.5041666666666667 0.255 0.004166666666666667 0.009166666666666667
2 0.44583333333333336 0.26 0.004166666666666667 0.009166666666666667
2 0.7233333333333334 0.25333333333333335 0.005833333333333334 0.0125
2 0.7708333333333334 0.24666666666666667 0.005833333333333334 0.011666666666666667
4 0.45916666666666667 0.25916666666666666 0.004166666666666667 0.009166666666666667
4 0.18416666666666667 0.29833333333333334 0.0033333333333333335 0.009166666666666667
4 0.6008333333333333 0.255 0.005833333333333334 0.013333333333333334
4 0.7 0.26416666666666666 0.0075 0.0175
2 0.07333333333333333 0.32416666666666666 0.004166666666666667 0.010833333333333334
4 0.6416666666666667 0.25 0.005833333333333334 0.0125
4 0.7091666666666666 0.26666666666666666 0.0075 0.0175
4 0.08833333333333333 0.41083333333333333 0.008333333333333333 0.02
4 0.6858333333333333 0.2625 0.0075 0.015833333333333335
4 0.14166666666666666 0.31333333333333335 0.005 0.011666666666666667
4 0.08583333333333333 0.3283333333333333 0.005833333333333334 0.013333333333333334
2 0.8383333333333334 0.2808333333333333 0.009166666666666667 0.02
4 0.6066666666666667 0.2575 0.006666666666666667 0.014166666666666666
2 0.8241666666666667 0.2875 0.01 0.0225
2 0.7625 0.25166666666666665 0.005833333333333334 0.011666666666666667
4 0.6166666666666667 0.2525 0.005833333333333334 0.013333333333333334
4 0.6283333333333333 0.25833333333333336 0.006666666666666667 0.015833333333333335
2 0.8075 0.2683333333333333 0.0075 0.016666666666666666
4 0.6566666666666666 0.26 0.006666666666666667 0.015833333333333335
4 0.12833333333333333 0.3325 0.006666666666666667 0.0175
2 0.7758333333333334 0.2625 0.0075 0.016666666666666666
2 0.7408333333333333 0.25916666666666666 0.0075 0.015833333333333335
4 0.6516666666666666 0.2808333333333333 0.01 0.0225
4 0.6925 0.275 0.010833333333333334 0.021666666666666667
4 0.7183333333333334 0.26916666666666667 0.009166666666666667 0.019166666666666665
2 0.7866666666666666 0.2975 0.014166666666666666 0.03
2 0.4666666666666667 0.3225 0.014166666666666666 0.035
4 0.34 0.31916666666666665 0.0125 0.0275
4 0.45916666666666667 0.2966666666666667 0.011666666666666667 0.025833333333333333
4 0.26416666666666666 0.34 0.013333333333333334 0.029166666666666667
4 0.5058333333333334 0.29 0.0125 0.024166666666666666
4 0.42 0.3025 0.0125 0.025833333333333333
4 0.5716666666666667 0.2841666666666667 0.0125 0.025
2 0.5566666666666666 0.30833333333333335 0.014166666666666666 0.0325
2 0.45666666666666667 0.3458333333333333 0.019166666666666665 0.045
4 0.16916666666666666 0.38 0.0175 0.03833333333333333
2 0.6583333333333333 0.3 0.014166666666666666 0.03166666666666667
2 0.545 0.36583333333333334 0.0275 0.055
2 0.6141666666666666 0.3983333333333333 0.035833333333333335 0.07166666666666667
4 0.8333333333333334 0.24916666666666668 0.005833333333333334 0.013333333333333334
2 0.48333333333333334 0.25666666666666665 0.004166666666666667 0.010833333333333334