2 0.29083333333333333 0.41333333333333333 0.005 0.01
4 0.29333333333333333 0.4216666666666667 0.005 0.010833333333333334
2 0.14416666666666667 0.43916666666666665 0.004166666666666667 0.008333333333333333
2 0.22583333333333333 0.425 0.0033333333333333335 0.0075
4 0.10833333333333334 0.455 0.005 0.01
4 0.14166666666666666 0.445 0.005833333333333334 0.009166666666666667
4 0.11666666666666667 0.4508333333333333 0.005833333333333334 0.009166666666666667
2 0.08 0.455 0.004166666666666667 0.009166666666666667
2 0.06916666666666667 0.4791666666666667 0.005833333333333334 0.014166666666666666
2 0.365 0.4075 0.005 0.01
4 0.25583333333333336 0.425 0.005 0.010833333333333334
4 0.29083333333333333 0.43416666666666665 0.008333333333333333 0.015833333333333335
4 0.18833333333333332 0.4375 0.005833333333333334 0.010833333333333334
4 0.13 0.455 0.006666666666666667 0.011666666666666667
4 0.145 0.4575 0.0075 0.014166666666666666
2 0.4041666666666667 0.415 0.0075 0.014166666666666666
2 0.44666666666666666 0.43166666666666664 0.011666666666666667 0.0225
4 0.11833333333333333 0.47833333333333333 0.010833333333333334 0.02
4 0.29583333333333334 0.4608333333333333 0.014166666666666666 0.025833333333333333
4 0.22166666666666668 0.6083333333333333 0.03666666666666667 0.06666666666666667
2 0.6625 0.5308333333333334 0.034166666666666665 0.05416666666666667