4 0.6166666666666667 0.245 0.004166666666666667 0.009166666666666667
4 0.7275 0.25666666666666665 0.006666666666666667 0.010833333333333334
2 0.6841666666666667 0.25333333333333335 0.005833333333333334 0.009166666666666667
4 0.61 0.2991666666666667 0.013333333333333334 0.028333333333333332
4 0.7325 0.26 0.005833333333333334 0.011666666666666667
4 0.5933333333333334 0.25083333333333335 0.005833333333333334 0.01
2 0.6625 0.2525 0.004166666666666667 0.01
4 0.6883333333333334 0.25666666666666665 0.005833333333333334 0.010833333333333334
4 0.7808333333333334 0.26666666666666666 0.006666666666666667 0.015
4 0.7658333333333334 0.2633333333333333 0.0075 0.014166666666666666
4 0.3933333333333333 0.26916666666666667 0.004166666666666667 0.009166666666666667
2 0.15166666666666667 0.33 0.005833333333333334 0.0125
4 0.6016666666666667 0.25333333333333335 0.005833333333333334 0.011666666666666667
4 0.625 0.255 0.005833333333333334 0.011666666666666667
4 0.6066666666666667 0.24916666666666668 0.004166666666666667 0.01
4 0.5875 0.25166666666666665 0.005833333333333334 0.010833333333333334
4 0.6575 0.25666666666666665 0.004166666666666667 0.010833333333333334
2 0.7725 0.25916666666666666 0.005833333333333334 0.011666666666666667
2 0.8275 0.26416666666666666 0.004166666666666667 0.009166666666666667
2 0.8766666666666667 0.275 0.005833333333333334 0.0125
4 0.33666666666666667 0.2891666666666667 0.005833333333333334 0.011666666666666667
2 0.8675 0.2783333333333333 0.005833333333333334 0.0125
4 0.7366666666666667 0.27 0.0075 0.015833333333333335
2 0.6966666666666667 0.2841666666666667 0.008333333333333333 0.02
4 0.38083333333333336 0.27666666666666667 0.005833333333333334 0.011666666666666667
4 0.7875 0.2683333333333333 0.005833333333333334 0.014166666666666666
2 0.5716666666666667 0.31833333333333336 0.014166666666666666 0.03166666666666667
2 0.7608333333333334 0.2808333333333333 0.0075 0.015
4 0.21583333333333332 0.3175 0.0075 0.015833333333333335
4 0.085 0.35083333333333333 0.009166666666666667 0.016666666666666666
4 0.5791666666666667 0.2783333333333333 0.009166666666666667 0.018333333333333333
2 0.8125 0.2775 0.006666666666666667 0.015833333333333335
4 0.6875 0.27166666666666667 0.0075 0.015833333333333335
4 0.6183333333333333 0.275 0.009166666666666667 0.016666666666666666
4 0.5441666666666667 0.2816666666666667 0.009166666666666667 0.018333333333333333
4 0.5116666666666667 0.2875 0.01 0.021666666666666667
2 0.61 0.2991666666666667 0.013333333333333334 0.028333333333333332
4 0.4741666666666667 0.2975 0.011666666666666667 0.023333333333333334
2 0.6541666666666667 0.2891666666666667 0.010833333333333334 0.0225
2 0.585 0.3408333333333333 0.019166666666666665 0.04083333333333333
4 0.38416666666666666 0.3233333333333333 0.015 0.029166666666666667
4 0.32166666666666666 0.3591666666666667 0.020833333333333332 0.04083333333333333
4 0.23083333333333333 0.4275 0.030833333333333334 0.0625
2 0.635 0.3975 0.035833333333333335 0.06583333333333333
2 0.9016666666666666 0.6633333333333333 0.06833333333333333 0.1775