4 0.8766666666666667 0.2725 0.004166666666666667 0.009166666666666667
4 0.8558333333333333 0.27166666666666667 0.004166666666666667 0.01
4 0.8216666666666667 0.27416666666666667 0.005833333333333334 0.0125
4 0.8191666666666667 0.275 0.005833333333333334 0.014166666666666666
4 0.8641666666666666 0.27666666666666667 0.004166666666666667 0.010833333333333334
2 0.9283333333333333 0.2841666666666667 0.0025 0.008333333333333333
2 0.9308333333333333 0.28833333333333333 0.004166666666666667 0.01
2 0.8958333333333334 0.29833333333333334 0.005833333333333334 0.015833333333333335
4 0.8716666666666667 0.275 0.004166666666666667 0.01
2 0.9091666666666667 0.28583333333333333 0.005 0.01
4 0.8383333333333334 0.2725 0.005833333333333334 0.011666666666666667
4 0.8091666666666667 0.2775 0.005833333333333334 0.015
4 0.7666666666666667 0.285 0.009166666666666667 0.02
4 0.7941666666666667 0.2808333333333333 0.006666666666666667 0.015833333333333335
2 0.16416666666666666 0.31916666666666665 0.010833333333333334 0.021666666666666667
2 0.8866666666666667 0.305 0.0075 0.02
4 0.7266666666666667 0.29 0.011666666666666667 0.0225
2 0.8641666666666666 0.31166666666666665 0.009166666666666667 0.021666666666666667
4 0.4191666666666667 0.3433333333333333 0.021666666666666667 0.04083333333333333
4 0.645 0.29833333333333334 0.014166666666666666 0.02666666666666667
2 0.7891666666666667 0.32666666666666666 0.013333333333333334 0.034166666666666665
4 0.5841666666666666 0.30833333333333335 0.015833333333333335 0.03
2 0.6966666666666667 0.37583333333333335 0.024166666666666666 0.05583333333333333
2 0.74 0.6916666666666667 0.07833333333333334 0.18916666666666668