4 0.44166666666666665 0.5658333333333333 0.005833333333333334 0.015
2 0.33 0.565 0.0025 0.008333333333333333
2 0.345 0.5658333333333333 0.004166666666666667 0.009166666666666667
4 0.4058333333333333 0.5625 0.004166666666666667 0.009166666666666667
4 0.41 0.5616666666666666 0.0033333333333333335 0.009166666666666667
4 0.3933333333333333 0.5625 0.0025 0.009166666666666667
4 0.4266666666666667 0.56 0.0033333333333333335 0.009166666666666667
4 0.44666666666666666 0.5716666666666667 0.0075 0.015833333333333335
2 0.35833333333333334 0.57 0.0033333333333333335 0.0125
4 0.43333333333333335 0.5641666666666667 0.005 0.011666666666666667
2 0.35083333333333333 0.575 0.005 0.016666666666666666
4 0.4608333333333333 0.5791666666666667 0.01 0.021666666666666667
2 0.325 0.585 0.008333333333333333 0.0225
4 0.3958333333333333 0.5625 0.0025 0.009166666666666667
2 0.35583333333333333 0.5683333333333334 0.0025 0.011666666666666667
2 0.335 0.5633333333333334 0.0025 0.0075
2 0.3541666666666667 0.5641666666666667 0.0025 0.009166666666666667
2 0.37083333333333335 0.5625 0.0025 0.006666666666666667