2 0.145 0.7166666666666667 0.06 0.11833333333333333
2 0.405 0.6241666666666666 0.024166666666666666 0.05
2 0.505 0.5975 0.014166666666666666 0.034166666666666665
2 0.5416666666666666 0.585 0.01 0.025833333333333333
2 0.5591666666666667 0.5766666666666667 0.009166666666666667 0.0225
2 0.5475 0.575 0.0075 0.016666666666666666
2 0.5208333333333334 0.5725 0.006666666666666667 0.015833333333333335
2 0.4725 0.5725 0.005833333333333334 0.015833333333333335
2 0.32083333333333336 0.5658333333333333 0.004166666666666667 0.0125
2 0.355 0.5683333333333334 0.005 0.013333333333333334
2 0.4116666666666667 0.5708333333333333 0.005833333333333334 0.015
4 0.8266666666666667 0.6908333333333333 0.05333333333333334 0.10666666666666667
4 0.7266666666666667 0.6191666666666666 0.023333333333333334 0.05333333333333334
4 0.7141666666666666 0.595 0.016666666666666666 0.03666666666666667
4 0.7191666666666666 0.5791666666666667 0.009166666666666667 0.025833333333333333
4 0.6841666666666667 0.57 0.009166666666666667 0.02
4 0.6308333333333334 0.5658333333333333 0.006666666666666667 0.015833333333333335
4 0.5591666666666667 0.5625 0.004166666666666667 0.008333333333333333
4 0.49833333333333335 0.565 0.005833333333333334 0.014166666666666666
4 0.4525 0.565 0.005833333333333334 0.013333333333333334
4 0.415 0.5641666666666667 0.005 0.0125
2 0.2325 0.5575 0.0016666666666666668 0.008333333333333333
2 0.2125 0.5541666666666667 0.0016666666666666668 0.005833333333333334
2 0.225 0.5533333333333333 0.0016666666666666668 0.005
4 0.3441666666666667 0.5625 0.0025 0.0075
4 0.38166666666666665 0.5633333333333334 0.004166666666666667 0.010833333333333334
2 0.21666666666666667 0.5533333333333333 0.0016666666666666668 0.004166666666666667