2 0.22916666666666666 0.33166666666666667 0.0033333333333333335 0.009166666666666667
4 0.17166666666666666 0.3283333333333333 0.0033333333333333335 0.006666666666666667
2 0.24916666666666668 0.3375 0.0033333333333333335 0.01
2 0.24333333333333335 0.3333333333333333 0.0033333333333333335 0.009166666666666667
2 0.355 0.3416666666666667 0.004166666666666667 0.010833333333333334
4 0.375 0.33666666666666667 0.0025 0.008333333333333333
2 0.3516666666666667 0.35 0.005833333333333334 0.014166666666666666
4 0.4033333333333333 0.3466666666666667 0.0033333333333333335 0.010833333333333334
4 0.38083333333333336 0.3383333333333333 0.0033333333333333335 0.0075
4 0.18583333333333332 0.335 0.005 0.009166666666666667
2 0.3375 0.33666666666666667 0.0033333333333333335 0.008333333333333333
2 0.21583333333333332 0.32916666666666666 0.004166666666666667 0.0075
2 0.3283333333333333 0.33416666666666667 0.0033333333333333335 0.0075
2 0.23166666666666666 0.33916666666666667 0.005 0.01
4 0.1675 0.33666666666666667 0.005 0.01
4 0.10083333333333333 0.3441666666666667 0.005833333333333334 0.010833333333333334
2 0.345 0.36 0.005833333333333334 0.015
2 0.19833333333333333 0.3425 0.005833333333333334 0.0125
4 0.13916666666666666 0.3383333333333333 0.005833333333333334 0.011666666666666667
4 0.4116666666666667 0.3525 0.005 0.0125
2 0.12166666666666667 0.3491666666666667 0.0075 0.013333333333333334
2 0.155 0.3458333333333333 0.006666666666666667 0.0125
4 0.065 0.3491666666666667 0.006666666666666667 0.011666666666666667
4 0.42833333333333334 0.36083333333333334 0.006666666666666667 0.015833333333333335
4 0.45416666666666666 0.375 0.01 0.020833333333333332
2 0.33666666666666667 0.4008333333333333 0.015 0.034166666666666665
4 0.4875 0.4025 0.014166666666666666 0.0325
4 0.5608333333333333 0.4775 0.03 0.058333333333333334
2 0.3491666666666667 0.3441666666666667 0.0033333333333333335 0.009166666666666667
2 0.3475 0.3375 0.0033333333333333335 0.0075
4 0.39416666666666667 0.33916666666666667 0.0033333333333333335 0.009166666666666667
4 0.4 0.34 0.0033333333333333335 0.0075
4 0.38666666666666666 0.3333333333333333 0.0025 0.006666666666666667
4 0.39916666666666667 0.3333333333333333 0.0025 0.006666666666666667
4 0.37666666666666665 0.33416666666666667 0.0025 0.0075
4 0.37333333333333335 0.33416666666666667 0.0033333333333333335 0.008333333333333333
2 0.2525 0.335 0.0033333333333333335 0.009166666666666667
4 0.17916666666666667 0.3308333333333333 0.0033333333333333335 0.008333333333333333
4 0.18916666666666668 0.3325 0.0033333333333333335 0.008333333333333333
4 0.17666666666666667 0.3258333333333333 0.0025 0.006666666666666667
4 0.19833333333333333 0.3233333333333333 0.0033333333333333335 0.005833333333333334
2 0.3408333333333333 0.3325 0.0025 0.006666666666666667