4 0.2816666666666667 0.30666666666666664 0.0125 0.02666666666666667
4 0.36 0.2875 0.009166666666666667 0.023333333333333334
4 0.4241666666666667 0.27666666666666667 0.009166666666666667 0.02
4 0.485 0.27416666666666667 0.009166666666666667 0.020833333333333332
4 0.5116666666666667 0.2783333333333333 0.010833333333333334 0.021666666666666667
4 0.49333333333333335 0.29083333333333333 0.013333333333333334 0.025
4 0.42583333333333334 0.31833333333333336 0.014166666666666666 0.035833333333333335
4 0.2916666666666667 0.3958333333333333 0.029166666666666667 0.0625
2 0.9183333333333333 0.6375 0.035833333333333335 0.11666666666666667
2 0.7183333333333334 0.3883333333333333 0.025833333333333333 0.060833333333333336
2 0.6833333333333333 0.3258333333333333 0.014166666666666666 0.035833333333333335
2 0.6108333333333333 0.26666666666666666 0.006666666666666667 0.018333333333333333
2 0.6575 0.275 0.008333333333333333 0.02
2 0.6916666666666667 0.29583333333333334 0.009166666666666667 0.0275
2 0.5191666666666667 0.2633333333333333 0.005833333333333334 0.015833333333333335
2 0.43 0.2675 0.005833333333333334 0.015833333333333335
2 0.34833333333333333 0.2758333333333333 0.005833333333333334 0.015833333333333335
2 0.19083333333333333 0.3075 0.006666666666666667 0.021666666666666667
2 0.28583333333333333 0.2875 0.005 0.018333333333333333