4 0.7683333333333333 0.6916666666666667 0.04583333333333333 0.1225
4 0.7441666666666666 0.5441666666666667 0.025 0.06416666666666666
4 0.8141666666666667 0.5291666666666667 0.0225 0.04666666666666667
4 0.8983333333333333 0.5391666666666667 0.019166666666666665 0.04083333333333333
4 0.2625 0.3441666666666667 0.004166666666666667 0.013333333333333334
4 0.305 0.3458333333333333 0.005 0.014166666666666666
4 0.36083333333333334 0.3475 0.005 0.013333333333333334
4 0.4008333333333333 0.34833333333333333 0.005 0.014166666666666666
4 0.4483333333333333 0.35083333333333333 0.004166666666666667 0.010833333333333334
4 0.4875 0.35083333333333333 0.004166666666666667 0.011666666666666667
4 0.5191666666666667 0.35333333333333333 0.0033333333333333335 0.009166666666666667
3 0.24083333333333334 0.33916666666666667 0.0025 0.01
3 0.25916666666666666 0.3441666666666667 0.0033333333333333335 0.010833333333333334
2 0.27166666666666667 0.355 0.005833333333333334 0.015
2 0.3466666666666667 0.3566666666666667 0.005833333333333334 0.0175
2 0.4266666666666667 0.36 0.005 0.014166666666666666
2 0.4766666666666667 0.36083333333333334 0.004166666666666667 0.014166666666666666
2 0.5208333333333334 0.36 0.0033333333333333335 0.014166666666666666
2 0.45416666666666666 0.43 0.020833333333333332 0.041666666666666664
2 0.6033333333333334 0.42833333333333334 0.014166666666666666 0.03166666666666667
2 0.73 0.44416666666666665 0.010833333333333334 0.024166666666666666
2 0.7908333333333334 0.4508333333333333 0.0075 0.021666666666666667
2 0.8341666666666666 0.45916666666666667 0.006666666666666667 0.018333333333333333
2 0.8625 0.4608333333333333 0.005833333333333334 0.016666666666666666
2 0.8808333333333334 0.45916666666666667 0.005 0.015
2 0.8966666666666666 0.4575 0.004166666666666667 0.0125
2 0.9025 0.4558333333333333 0.0033333333333333335 0.011666666666666667
2 0.9091666666666667 0.455 0.0033333333333333335 0.010833333333333334
2 0.9141666666666667 0.45416666666666666 0.0025 0.009166666666666667
2 0.9258333333333333 0.4558333333333333 0.0025 0.009166666666666667