2 0.07916666666666666 0.44916666666666666 0.004166666666666667 0.008333333333333333
2 0.06916666666666667 0.4575 0.005 0.01
2 0.23833333333333334 0.42583333333333334 0.005833333333333334 0.011666666666666667
2 0.1525 0.44166666666666665 0.006666666666666667 0.011666666666666667
2 0.3358333333333333 0.42 0.0075 0.013333333333333334
2 0.08833333333333333 0.4633333333333333 0.008333333333333333 0.0125
4 0.165 0.4508333333333333 0.009166666666666667 0.014166666666666666
4 0.14083333333333334 0.46 0.009166666666666667 0.015833333333333335
2 0.43416666666666665 0.41833333333333333 0.008333333333333333 0.015833333333333335
4 0.07083333333333333 0.5233333333333333 0.013333333333333334 0.025833333333333333
4 0.24666666666666667 0.44416666666666665 0.009166666666666667 0.016666666666666666
4 0.20166666666666666 0.4425 0.009166666666666667 0.015833333333333335
4 0.13083333333333333 0.4775 0.013333333333333334 0.02
4 0.33416666666666667 0.4475 0.013333333333333334 0.0225
2 0.5858333333333333 0.44333333333333336 0.014166666666666666 0.02666666666666667
4 0.395 0.4575 0.016666666666666666 0.028333333333333332
4 0.11833333333333333 0.7483333333333333 0.06166666666666667 0.0925
2 0.8941666666666667 0.7333333333333333 0.0625 0.10416666666666667