3 0.2925 0.605 0.005833333333333334 0.015
3 0.42083333333333334 0.6466666666666666 0.018333333333333333 0.0325
2 0.7258333333333333 0.5941666666666666 0.014166666666666666 0.03
2 0.7933333333333333 0.5808333333333333 0.009166666666666667 0.023333333333333334
2 0.5425 0.5916666666666667 0.0075 0.015833333333333335
2 0.5825 0.5841666666666666 0.005833333333333334 0.013333333333333334
2 0.6166666666666667 0.58 0.004166666666666667 0.013333333333333334
2 0.6641666666666667 0.5766666666666667 0.005833333333333334 0.0125
4 0.69 0.57 0.004166666666666667 0.0125
2 0.7208333333333333 0.5733333333333334 0.006666666666666667 0.014166666666666666
4 0.7558333333333334 0.5666666666666667 0.005 0.014166666666666666
4 0.8158333333333333 0.5641666666666667 0.005833333333333334 0.015833333333333335
4 0.8791666666666667 0.5608333333333333 0.006666666666666667 0.0175
3 0.425 0.5908333333333333 0.004166666666666667 0.011666666666666667
3 0.5116666666666667 0.585 0.0033333333333333335 0.011666666666666667
3 0.5725 0.5791666666666667 0.004166666666666667 0.01
3 0.6441666666666667 0.5741666666666667 0.004166666666666667 0.010833333333333334
2 0.7891666666666667 0.5725 0.006666666666666667 0.018333333333333333