4 0.6641666666666667 0.24916666666666668 0.005833333333333334 0.015
4 0.63 0.2608333333333333 0.006666666666666667 0.0175
4 0.6 0.2775 0.008333333333333333 0.021666666666666667
4 0.5233333333333333 0.2866666666666667 0.011666666666666667 0.025
4 0.44666666666666666 0.2925 0.010833333333333334 0.0275
4 0.385 0.32916666666666666 0.0175 0.03666666666666667
4 0.3025 0.41083333333333333 0.03 0.06666666666666667
2 0.7641666666666667 0.2575 0.005833333333333334 0.013333333333333334
2 0.7475 0.2658333333333333 0.005833333333333334 0.015833333333333335
2 0.7375 0.2775 0.006666666666666667 0.019166666666666665
2 0.725 0.29333333333333333 0.010833333333333334 0.024166666666666666
2 0.6391666666666667 0.315 0.015 0.034166666666666665
2 0.65 0.3541666666666667 0.020833333333333332 0.04833333333333333
2 0.8408333333333333 0.5033333333333333 0.0425 0.105
4 0.40166666666666667 0.25583333333333336 0.004166666666666667 0.010833333333333334
4 0.37666666666666665 0.22 0.004166666666666667 0.01
4 0.37833333333333335 0.26166666666666666 0.0033333333333333335 0.015
4 0.4975 0.24166666666666667 0.004166666666666667 0.011666666666666667
4 0.7366666666666667 0.24083333333333334 0.004166666666666667 0.01
4 0.7908333333333334 0.23666666666666666 0.0033333333333333335 0.010833333333333334
2 0.8058333333333333 0.25 0.006666666666666667 0.0125