2 0.25 0.6108333333333333 0.04583333333333333 0.05333333333333334
2 0.3641666666666667 0.5441666666666667 0.020833333333333332 0.04083333333333333
2 0.325 0.5216666666666666 0.009166666666666667 0.025
2 0.37 0.525 0.010833333333333334 0.028333333333333332
2 0.20833333333333334 0.5383333333333333 0.008333333333333333 0.020833333333333332
4 0.22166666666666668 0.5258333333333334 0.009166666666666667 0.0125
2 0.2175 0.52 0.004166666666666667 0.016666666666666666
2 0.235 0.515 0.0033333333333333335 0.015
2 0.2808333333333333 0.5066666666666667 0.0033333333333333335 0.010833333333333334
2 0.32 0.5016666666666667 0.0033333333333333335 0.009166666666666667
4 0.4 0.505 0.005833333333333334 0.015833333333333335
4 0.365 0.5033333333333333 0.004166666666666667 0.010833333333333334
4 0.375 0.49833333333333335 0.004166666666666667 0.010833333333333334
2 0.515 0.5091666666666667 0.008333333333333333 0.025
4 0.5291666666666667 0.49083333333333334 0.004166666666666667 0.01