2 0.11166666666666666 0.5516666666666666 0.020833333333333332 0.04416666666666667
2 0.20833333333333334 0.5166666666666667 0.008333333333333333 0.02
2 0.23666666666666666 0.5066666666666667 0.005833333333333334 0.014166666666666666
2 0.25 0.5033333333333333 0.005833333333333334 0.013333333333333334
2 0.2608333333333333 0.49916666666666665 0.005833333333333334 0.01
2 0.27166666666666667 0.495 0.005 0.009166666666666667
3 0.3825 0.515 0.013333333333333334 0.0325
3 0.3441666666666667 0.49666666666666665 0.005833333333333334 0.014166666666666666
4 0.4791666666666667 0.4925 0.0075 0.0175
4 0.42083333333333334 0.49 0.005833333333333334 0.013333333333333334
4 0.38166666666666665 0.4875 0.0033333333333333335 0.008333333333333333
4 0.51 0.48 0.004166666666666667 0.008333333333333333