2 0.9066666666666666 0.5566666666666666 0.005833333333333334 0.016666666666666666
2 0.13916666666666666 0.5858333333333333 0.0075 0.023333333333333334
2 0.22666666666666666 0.5883333333333334 0.009166666666666667 0.024166666666666666
2 0.32666666666666666 0.6016666666666667 0.010833333333333334 0.030833333333333334
2 0.2816666666666667 0.6508333333333334 0.030833333333333334 0.0675
4 0.8583333333333333 0.6291666666666667 0.03 0.06416666666666666
4 0.8333333333333334 0.58 0.015833333333333335 0.03
4 0.7658333333333334 0.565 0.005833333333333334 0.015
4 0.7616666666666667 0.5725 0.010833333333333334 0.020833333333333332
4 0.6741666666666667 0.6 0.02 0.035
4 0.5883333333333334 0.5916666666666667 0.0125 0.025833333333333333
4 0.4816666666666667 0.5875 0.0125 0.021666666666666667
4 0.3883333333333333 0.5833333333333334 0.006666666666666667 0.019166666666666665
4 0.8091666666666667 0.5566666666666666 0.0033333333333333335 0.014166666666666666
4 0.8633333333333333 0.5441666666666667 0.0033333333333333335 0.010833333333333334
4 0.9258333333333333 0.5341666666666667 0.0025 0.010833333333333334
4 0.305 0.5791666666666667 0.005833333333333334 0.0175
4 0.21583333333333332 0.5758333333333333 0.005833333333333334 0.016666666666666666
3 0.15166666666666667 0.575 0.005833333333333334 0.015