4 0.8308333333333333 0.5958333333333333 0.0475 0.09916666666666667
4 0.6191666666666666 0.4066666666666667 0.0175 0.043333333333333335
4 0.6008333333333333 0.36583333333333334 0.014166666666666666 0.028333333333333332
4 0.6341666666666667 0.355 0.010833333333333334 0.023333333333333334
4 0.7108333333333333 0.355 0.010833333333333334 0.021666666666666667
4 0.7608333333333334 0.35333333333333333 0.008333333333333333 0.019166666666666665
4 0.765 0.3425 0.004166666666666667 0.015
4 0.7216666666666667 0.3283333333333333 0.004166666666666667 0.011666666666666667
4 0.6883333333333334 0.32 0.005 0.010833333333333334
4 0.6216666666666667 0.30916666666666665 0.004166666666666667 0.009166666666666667
2 0.31833333333333336 0.41333333333333333 0.020833333333333332 0.045
2 0.39666666666666667 0.35833333333333334 0.013333333333333334 0.02666666666666667
2 0.4741666666666667 0.3383333333333333 0.008333333333333333 0.019166666666666665
2 0.5825 0.33416666666666667 0.006666666666666667 0.015833333333333335
2 0.64 0.33166666666666667 0.005833333333333334 0.013333333333333334
2 0.6508333333333334 0.32083333333333336 0.004166666666666667 0.010833333333333334
2 0.6683333333333333 0.3275 0.004166666666666667 0.0125
2 0.14833333333333334 0.36833333333333335 0.005833333333333334 0.014166666666666666
2 0.12333333333333334 0.36916666666666664 0.005 0.0125
2 0.25083333333333335 0.35 0.005833333333333334 0.015833333333333335
2 0.335 0.33 0.005 0.0125
4 0.20833333333333334 0.345 0.005 0.0125
4 0.22166666666666668 0.345 0.004166666666666667 0.014166666666666666
4 0.225 0.33916666666666667 0.0033333333333333335 0.011666666666666667
4 0.26666666666666666 0.3275 0.0025 0.009166666666666667
4 0.2708333333333333 0.33416666666666667 0.0033333333333333335 0.0125
4 0.29 0.3283333333333333 0.0033333333333333335 0.010833333333333334
4 0.29583333333333334 0.325 0.0025 0.009166666666666667
4 0.305 0.32166666666666666 0.0025 0.008333333333333333
2 0.09 0.7108333333333333 0.05333333333333334 0.1325
4 0.25416666666666665 0.33166666666666667 0.0025 0.009166666666666667
4 0.22916666666666666 0.3325 0.0025 0.005833333333333334
4 0.3308333333333333 0.31833333333333336 0.0016666666666666668 0.006666666666666667
4 0.36916666666666664 0.3125 0.0033333333333333335 0.0075
2 0.35583333333333333 0.3225 0.0025 0.005
2 0.3575 0.31833333333333336 0.0016666666666666668 0.005
2 0.39416666666666667 0.3125 0.0016666666666666668 0.005
2 0.195 0.3425 0.0025 0.005
2 0.2025 0.3383333333333333 0.0016666666666666668 0.005
2 0.10333333333333333 0.37 0.0025 0.005
2 0.11666666666666667 0.3641666666666667 0.0016666666666666668 0.005833333333333334
2 0.16833333333333333 0.35 0.0033333333333333335 0.005833333333333334
2 0.18083333333333335 0.3433333333333333 0.0016666666666666668 0.005
4 0.15583333333333332 0.35083333333333333 0.0016666666666666668 0.004166666666666667
4 0.07583333333333334 0.38 0.0033333333333333335 0.009166666666666667
4 0.59 0.30833333333333335 0.0025 0.005833333333333334
4 0.5466666666666666 0.30416666666666664 0.0025 0.006666666666666667
4 0.5158333333333334 0.30333333333333334 0.0025 0.0075
2 0.5858333333333333 0.31166666666666665 0.0016666666666666668 0.005833333333333334
4 0.17 0.3458333333333333 0.0016666666666666668 0.004166666666666667