4 0.38083333333333336 0.37666666666666665 0.03166666666666667 0.0575
4 0.545 0.28833333333333333 0.01 0.025833333333333333
4 0.5616666666666666 0.30333333333333334 0.0125 0.029166666666666667
4 0.5266666666666666 0.32166666666666666 0.0175 0.03833333333333333
4 0.4241666666666667 0.27166666666666667 0.010833333333333334 0.020833333333333332
4 0.38333333333333336 0.25666666666666665 0.0075 0.015833333333333335
4 0.37166666666666665 0.26416666666666666 0.008333333333333333 0.0175
4 0.41333333333333333 0.25 0.005 0.015833333333333335
4 0.45166666666666666 0.24416666666666667 0.005833333333333334 0.013333333333333334
2 0.49083333333333334 0.25916666666666666 0.006666666666666667 0.015833333333333335
4 0.49333333333333335 0.2783333333333333 0.008333333333333333 0.021666666666666667
2 0.49833333333333335 0.25333333333333335 0.005833333333333334 0.015833333333333335
2 0.52 0.265 0.005833333333333334 0.018333333333333333
2 0.7266666666666667 0.395 0.023333333333333334 0.06
2 0.7358333333333333 0.33166666666666667 0.014166666666666666 0.034166666666666665
2 0.7025 0.3 0.01 0.024166666666666666
2 0.65 0.2816666666666667 0.0075 0.021666666666666667
2 0.5783333333333334 0.2708333333333333 0.006666666666666667 0.02
2 0.7916666666666666 0.7625 0.08916666666666667 0.2025
2 0.5408333333333334 0.24666666666666667 0.005 0.015
4 0.4691666666666667 0.23916666666666667 0.005 0.013333333333333334
4 0.5125 0.23416666666666666 0.005 0.013333333333333334
4 0.5475 0.23166666666666666 0.004166666666666667 0.014166666666666666
4 0.6266666666666667 0.23166666666666666 0.0033333333333333335 0.0125
4 0.6 0.23166666666666666 0.004166666666666667 0.009166666666666667
2 0.5875 0.23833333333333334 0.004166666666666667 0.011666666666666667
2 0.6458333333333334 0.2375 0.004166666666666667 0.014166666666666666