4 0.2916666666666667 0.2966666666666667 0.0033333333333333335 0.009166666666666667
2 0.09583333333333334 0.3125 0.0033333333333333335 0.009166666666666667
4 0.09083333333333334 0.30583333333333335 0.004166666666666667 0.01
2 0.15416666666666667 0.3075 0.0025 0.009166666666666667
4 0.16333333333333333 0.2991666666666667 0.0033333333333333335 0.009166666666666667
4 0.22916666666666666 0.2966666666666667 0.0033333333333333335 0.009166666666666667
2 0.20666666666666667 0.30333333333333334 0.0033333333333333335 0.01
4 0.33166666666666667 0.2991666666666667 0.004166666666666667 0.009166666666666667
4 0.365 0.3025 0.0033333333333333335 0.010833333333333334
2 0.32083333333333336 0.3075 0.004166666666666667 0.0125
2 0.3441666666666667 0.31916666666666665 0.005833333333333334 0.015
2 0.25666666666666665 0.30333333333333334 0.0033333333333333335 0.010833333333333334
4 0.4008333333333333 0.30916666666666665 0.005833333333333334 0.0125
4 0.4508333333333333 0.3258333333333333 0.0075 0.0175
4 0.5041666666666667 0.3441666666666667 0.010833333333333334 0.020833333333333332
2 0.36583333333333334 0.3408333333333333 0.008333333333333333 0.023333333333333334
4 0.6666666666666666 0.41833333333333333 0.014166666666666666 0.035
4 0.8191666666666667 0.5308333333333334 0.0275 0.056666666666666664
2 0.445 0.43916666666666665 0.030833333333333334 0.060833333333333336
2 0.23666666666666666 0.8116666666666666 0.09583333333333334 0.17083333333333334