4 0.07416666666666667 0.5483333333333333 0.004166666666666667 0.009166666666666667
4 0.1225 0.56 0.006666666666666667 0.0125
4 0.2275 0.5708333333333333 0.0075 0.015
4 0.4116666666666667 0.5833333333333334 0.0075 0.0175
4 0.31666666666666665 0.5791666666666667 0.0075 0.016666666666666666
2 0.1375 0.5758333333333333 0.01 0.020833333333333332
2 0.17416666666666666 0.5875 0.011666666666666667 0.025833333333333333
4 0.47 0.5908333333333333 0.01 0.023333333333333334
2 0.21333333333333335 0.6 0.015 0.03166666666666667
4 0.5333333333333333 0.605 0.014166666666666666 0.03333333333333333
2 0.19583333333333333 0.66 0.03916666666666667 0.075
4 0.6708333333333333 0.6525 0.04083333333333333 0.07166666666666667