4 0.105 0.6383333333333333 0.035 0.06416666666666666
4 0.25416666666666665 0.49833333333333335 0.02 0.0325
4 0.4058333333333333 0.45416666666666666 0.014166666666666666 0.025833333333333333
4 0.49166666666666664 0.4275 0.010833333333333334 0.019166666666666665
4 0.4533333333333333 0.4166666666666667 0.005833333333333334 0.014166666666666666
4 0.425 0.405 0.0033333333333333335 0.0075
2 0.635 0.5616666666666666 0.0225 0.04583333333333333
2 0.6091666666666666 0.49833333333333335 0.0225 0.043333333333333335
2 0.635 0.4483333333333333 0.016666666666666666 0.02666666666666667
2 0.6516666666666666 0.42 0.01 0.016666666666666666
2 0.6791666666666667 0.41 0.006666666666666667 0.0125
2 0.7258333333333333 0.4141666666666667 0.0075 0.0125
2 0.8808333333333334 0.44166666666666665 0.0075 0.016666666666666666
2 0.7883333333333333 0.42333333333333334 0.006666666666666667 0.014166666666666666
2 0.6158333333333333 0.4066666666666667 0.005833333333333334 0.011666666666666667
2 0.54 0.405 0.005833333333333334 0.011666666666666667
2 0.49416666666666664 0.3983333333333333 0.0033333333333333335 0.008333333333333333
4 0.10083333333333333 0.4525 0.0016666666666666668 0.004166666666666667
4 0.12916666666666668 0.44916666666666666 0.0025 0.004166666666666667
2 0.07833333333333334 0.4608333333333333 0.0016666666666666668 0.0033333333333333335
2 0.11666666666666667 0.44916666666666666 0.0016666666666666668 0.004166666666666667
2 0.1575 0.44 0.0016666666666666668 0.004166666666666667
2 0.17583333333333334 0.43666666666666665 0.0016666666666666668 0.004166666666666667
2 0.22916666666666666 0.42916666666666664 0.0025 0.004166666666666667
2 0.26166666666666666 0.41833333333333333 0.0025 0.006666666666666667
2 0.2758333333333333 0.41583333333333333 0.0025 0.005
2 0.27 0.4166666666666667 0.0016666666666666668 0.0033333333333333335
2 0.21166666666666667 0.43083333333333335 0.0016666666666666668 0.004166666666666667
2 0.2991666666666667 0.415 0.0025 0.005
2 0.45666666666666667 0.3858333333333333 0.0016666666666666668 0.004166666666666667
2 0.41 0.39 0.0016666666666666668 0.004166666666666667
4 0.3308333333333333 0.4091666666666667 0.0025 0.004166666666666667
4 0.4475 0.39416666666666667 0.0025 0.004166666666666667
4 0.45 0.39 0.0016666666666666668 0.004166666666666667
4 0.42833333333333334 0.39 0.0016666666666666668 0.004166666666666667
4 0.3408333333333333 0.405 0.0016666666666666668 0.0033333333333333335
2 0.5025 0.3883333333333333 0.0025 0.006666666666666667
2 0.49083333333333334 0.3858333333333333 0.0033333333333333335 0.0033333333333333335
2 0.35833333333333334 0.3975 0.0016666666666666668 0.0033333333333333335
2 0.18916666666666668 0.43083333333333335 0.0016666666666666668 0.0033333333333333335
4 0.31416666666666665 0.4075 0.0008333333333333334 0.004166666666666667
4 0.39 0.395 0.0016666666666666668 0.0033333333333333335