2 0.2475 0.6691666666666667 0.06916666666666667 0.14416666666666667
2 0.36083333333333334 0.5733333333333334 0.03 0.07166666666666667
2 0.38083333333333336 0.5366666666666666 0.014166666666666666 0.043333333333333335
2 0.32916666666666666 0.5183333333333333 0.011666666666666667 0.028333333333333332
2 0.2966666666666667 0.5158333333333334 0.0075 0.024166666666666666
2 0.25166666666666665 0.5141666666666667 0.0075 0.0175
2 0.21666666666666667 0.5141666666666667 0.006666666666666667 0.015
2 0.18166666666666667 0.5158333333333334 0.005 0.013333333333333334
4 0.43583333333333335 0.4975 0.009166666666666667 0.018333333333333333
4 0.365 0.49833333333333335 0.0075 0.015833333333333335
2 0.36333333333333334 0.5258333333333334 0.0125 0.0325
4 0.28833333333333333 0.5033333333333333 0.005833333333333334 0.013333333333333334
4 0.2683333333333333 0.5041666666666667 0.006666666666666667 0.0125