4 0.745 0.6258333333333334 0.051666666666666666 0.10916666666666666
4 0.5316666666666666 0.45 0.023333333333333334 0.049166666666666664
4 0.44166666666666665 0.3958333333333333 0.013333333333333334 0.03
4 0.5191666666666667 0.3858333333333333 0.01 0.0225
4 0.5533333333333333 0.37916666666666665 0.0075 0.0175
4 0.5633333333333334 0.37 0.004166666666666667 0.015
4 0.1025 0.35 0.005833333333333334 0.0125
4 0.1475 0.3425 0.005833333333333334 0.0125
4 0.1875 0.33666666666666667 0.005 0.01
4 0.21416666666666667 0.3333333333333333 0.004166666666666667 0.01
4 0.5666666666666667 0.365 0.0033333333333333335 0.010833333333333334
2 0.2658333333333333 0.4558333333333333 0.024166666666666666 0.0575
2 0.2125 0.4025 0.014166666666666666 0.0325
2 0.31583333333333335 0.37333333333333335 0.008333333333333333 0.0225
2 0.4225 0.36833333333333335 0.006666666666666667 0.018333333333333333
2 0.47833333333333333 0.36333333333333334 0.005 0.015
2 0.5091666666666667 0.3575 0.0033333333333333335 0.010833333333333334
2 0.05 0.3725 0.005 0.019166666666666665
2 0.14833333333333334 0.3525 0.005 0.015833333333333335
2 0.1975 0.3441666666666667 0.005 0.011666666666666667
2 0.24083333333333334 0.34 0.005 0.008333333333333333
2 0.5158333333333334 0.35083333333333333 0.0025 0.008333333333333333
4 0.5558333333333333 0.35333333333333333 0.0016666666666666668 0.0075
4 0.5608333333333333 0.3566666666666667 0.0025 0.008333333333333333
2 0.425 0.3325 0.0025 0.006666666666666667
2 0.4008333333333333 0.33166666666666667 0.0025 0.006666666666666667