4 0.2475 0.5483333333333333 0.004166666666666667 0.009166666666666667
2 0.07833333333333334 0.5366666666666666 0.004166666666666667 0.011666666666666667
2 0.17916666666666667 0.5425 0.0033333333333333335 0.009166666666666667
2 0.14916666666666667 0.5433333333333333 0.0033333333333333335 0.010833333333333334
4 0.21083333333333334 0.5491666666666667 0.004166666666666667 0.011666666666666667
4 0.16166666666666665 0.55 0.005 0.014166666666666666
4 0.06916666666666667 0.5533333333333333 0.0075 0.019166666666666665
4 0.10416666666666667 0.5466666666666666 0.005833333333333334 0.0175
4 0.1725 0.5633333333333334 0.0075 0.020833333333333332
4 0.31166666666666665 0.58 0.011666666666666667 0.025833333333333333
4 0.45666666666666667 0.605 0.015 0.035
4 0.7441666666666666 0.6391666666666667 0.0325 0.06583333333333333