4 0.24916666666666668 0.43833333333333335 0.0325 0.065
4 0.3591666666666667 0.36833333333333335 0.0225 0.043333333333333335
4 0.44333333333333336 0.33666666666666667 0.015833333333333335 0.03333333333333333
4 0.5483333333333333 0.3225 0.011666666666666667 0.029166666666666667
4 0.6566666666666666 0.31583333333333335 0.010833333333333334 0.02666666666666667
4 0.7783333333333333 0.31916666666666665 0.008333333333333333 0.02666666666666667
4 0.8441666666666666 0.32166666666666666 0.009166666666666667 0.02666666666666667
4 0.9083333333333333 0.32 0.009166666666666667 0.021666666666666667
2 0.8841666666666667 0.35833333333333334 0.016666666666666666 0.03666666666666667
2 0.6833333333333333 0.39916666666666667 0.02666666666666667 0.060833333333333336
2 0.7325 0.35583333333333333 0.018333333333333333 0.041666666666666664
2 0.895 0.5625 0.0475 0.125