2 0.6266666666666667 0.6741666666666667 0.055 0.095
2 0.415 0.6208333333333333 0.04666666666666667 0.08083333333333333
2 0.41333333333333333 0.5416666666666666 0.03 0.060833333333333336
2 0.48833333333333334 0.39416666666666667 0.010833333333333334 0.025833333333333333
2 0.5558333333333333 0.405 0.021666666666666667 0.020833333333333332
2 0.545 0.37833333333333335 0.008333333333333333 0.020833333333333332
2 0.595 0.37833333333333335 0.0075 0.020833333333333332
4 0.395 0.5725 0.041666666666666664 0.06833333333333333
4 0.5091666666666667 0.38416666666666666 0.0125 0.023333333333333334
4 0.48583333333333334 0.41583333333333333 0.02 0.03333333333333333
4 0.5258333333333334 0.3925 0.014166666666666666 0.025833333333333333
4 0.5266666666666666 0.4216666666666667 0.020833333333333332 0.03916666666666667
4 0.5891666666666666 0.4008333333333333 0.015 0.03
4 0.6125 0.38666666666666666 0.013333333333333334 0.024166666666666666