0 0.11416666666666667 0.4225 0.014166666666666666 0.010833333333333334
2 0.425 0.4483333333333333 0.015833333333333335 0.0275
4 0.6016666666666667 0.5033333333333333 0.0225 0.041666666666666664
4 0.59 0.4841666666666667 0.03 0.024166666666666666
2 0.4066666666666667 0.44083333333333335 0.015833333333333335 0.02666666666666667
2 0.3908333333333333 0.43666666666666665 0.015 0.025
2 0.4266666666666667 0.4666666666666667 0.019166666666666665 0.034166666666666665
4 0.5158333333333334 0.4375 0.015833333333333335 0.025833333333333333
2 0.4075 0.4875 0.021666666666666667 0.04
4 0.5533333333333333 0.44333333333333336 0.015833333333333335 0.02666666666666667
4 0.5783333333333334 0.45666666666666667 0.0175 0.029166666666666667
4 0.615 0.5233333333333333 0.0275 0.04833333333333333
2 0.38916666666666666 0.5183333333333333 0.03 0.049166666666666664
4 0.6358333333333334 0.6058333333333333 0.04 0.07166666666666667
2 0.355 0.5916666666666667 0.043333333333333335 0.07166666666666667