2 0.28583333333333333 0.6925 0.06166666666666667 0.14916666666666667
2 0.2625 0.5925 0.03166666666666667 0.0675
3 0.25 0.5883333333333334 0.010833333333333334 0.05333333333333334
3 0.2375 0.5525 0.009166666666666667 0.028333333333333332
2 0.24 0.5475 0.006666666666666667 0.0275
2 0.28833333333333333 0.5283333333333333 0.0075 0.021666666666666667
2 0.23916666666666667 0.48 0.005833333333333334 0.0125
2 0.23333333333333334 0.48083333333333333 0.005833333333333334 0.0125
4 0.22916666666666666 0.4816666666666667 0.005 0.015833333333333335
4 0.22416666666666665 0.48 0.005833333333333334 0.0175
3 0.22083333333333333 0.48083333333333333 0.004166666666666667 0.016666666666666666
3 0.215 0.4816666666666667 0.006666666666666667 0.015833333333333335
2 0.3625 0.5125 0.0075 0.018333333333333333
2 0.4241666666666667 0.5008333333333334 0.005833333333333334 0.015
2 0.4666666666666667 0.49333333333333335 0.005 0.0125
4 0.5075 0.5025 0.010833333333333334 0.0225
4 0.5 0.49833333333333335 0.008333333333333333 0.020833333333333332
2 0.5158333333333334 0.49416666666666664 0.009166666666666667 0.016666666666666666
2 0.5166666666666667 0.48333333333333334 0.005 0.009166666666666667