4 0.5091666666666667 0.23 0.005 0.011666666666666667
4 0.07 0.36666666666666664 0.0033333333333333335 0.011666666666666667
2 0.205 0.3075 0.0033333333333333335 0.009166666666666667
4 0.06666666666666667 0.375 0.004166666666666667 0.0125
4 0.16333333333333333 0.32166666666666666 0.0033333333333333335 0.011666666666666667
4 0.08583333333333333 0.3616666666666667 0.0033333333333333335 0.010833333333333334
2 0.47 0.23916666666666667 0.004166666666666667 0.01
4 0.13166666666666665 0.3383333333333333 0.004166666666666667 0.010833333333333334
2 0.18416666666666667 0.325 0.004166666666666667 0.0125
2 0.5541666666666667 0.2375 0.004166666666666667 0.013333333333333334
2 0.19 0.31666666666666665 0.0033333333333333335 0.009166666666666667
4 0.07333333333333333 0.38083333333333336 0.004166666666666667 0.015833333333333335
4 0.59 0.22833333333333333 0.005833333333333334 0.013333333333333334
4 0.635 0.2325 0.006666666666666667 0.014166666666666666
4 0.10416666666666667 0.36 0.004166666666666667 0.014166666666666666
4 0.11666666666666667 0.35 0.004166666666666667 0.0125
2 0.5833333333333334 0.24416666666666667 0.005833333333333334 0.015
2 0.5583333333333333 0.25416666666666665 0.006666666666666667 0.019166666666666665
4 0.6983333333333334 0.2475 0.006666666666666667 0.016666666666666666
2 0.49 0.27166666666666667 0.008333333333333333 0.021666666666666667
2 0.14916666666666667 0.35 0.008333333333333333 0.0175
4 0.7175 0.265 0.009166666666666667 0.021666666666666667
2 0.3375 0.31916666666666665 0.014166666666666666 0.03333333333333333
4 0.5983333333333334 0.3016666666666667 0.016666666666666666 0.03666666666666667
4 0.6791666666666667 0.2808333333333333 0.014166666666666666 0.0275
2 0.18916666666666668 0.4325 0.02666666666666667 0.058333333333333334
4 0.7858333333333334 0.5483333333333333 0.056666666666666664 0.1225
4 0.5833333333333334 0.3433333333333333 0.024166666666666666 0.05333333333333334
4 0.08666666666666667 0.36 0.0033333333333333335 0.010833333333333334
4 0.21083333333333334 0.30083333333333334 0.0025 0.01