4 0.3983333333333333 0.35833333333333334 0.020833333333333332 0.0475
4 0.44583333333333336 0.27416666666666667 0.005833333333333334 0.015833333333333335
4 0.43333333333333335 0.2816666666666667 0.004166666666666667 0.019166666666666665
4 0.43666666666666665 0.2875 0.005 0.016666666666666666
4 0.5208333333333334 0.3258333333333333 0.0175 0.03833333333333333
4 0.5558333333333333 0.3 0.011666666666666667 0.028333333333333332
4 0.585 0.2891666666666667 0.008333333333333333 0.021666666666666667
4 0.5858333333333333 0.2791666666666667 0.006666666666666667 0.0175
2 0.65 0.4266666666666667 0.03166666666666667 0.07916666666666666
2 0.7216666666666667 0.3625 0.021666666666666667 0.0525
2 0.7466666666666667 0.3283333333333333 0.0125 0.034166666666666665
2 0.7116666666666667 0.2816666666666667 0.005 0.018333333333333333
2 0.6866666666666666 0.2725 0.005 0.015833333333333335
2 0.7408333333333333 0.30666666666666664 0.008333333333333333 0.028333333333333332
2 0.7441666666666666 0.29583333333333334 0.005833333333333334 0.0225
2 0.68 0.2675 0.0033333333333333335 0.013333333333333334
2 0.6633333333333333 0.25916666666666666 0.005833333333333334 0.011666666666666667
2 0.6475 0.25666666666666665 0.005833333333333334 0.009166666666666667
4 0.5841666666666666 0.26666666666666666 0.006666666666666667 0.015
4 0.5891666666666666 0.2625 0.006666666666666667 0.015833333333333335