1 0.8833333333333333 0.4841666666666667 0.09 0.21583333333333332
1 0.10583333333333333 0.6041666666666666 0.08333333333333333 0.24333333333333335
1 0.18083333333333335 0.5108333333333334 0.07833333333333334 0.195
0 0.37083333333333335 0.30916666666666665 0.024166666666666666 0.050833333333333335
0 0.43083333333333335 0.24083333333333334 0.0125 0.03333333333333333
0 0.45666666666666667 0.20916666666666667 0.009166666666666667 0.023333333333333334
0 0.4716666666666667 0.1875 0.0075 0.0175
0 0.4816666666666667 0.17166666666666666 0.006666666666666667 0.015
0 0.48833333333333334 0.16333333333333333 0.004166666666666667 0.013333333333333334
0 0.4925 0.15583333333333332 0.0033333333333333335 0.010833333333333334
4 0.6758333333333333 0.2891666666666667 0.024166666666666666 0.055
4 0.6158333333333333 0.225 0.013333333333333334 0.034166666666666665
4 0.5908333333333333 0.19666666666666666 0.008333333333333333 0.025
4 0.5766666666666667 0.17583333333333334 0.0075 0.02
4 0.5666666666666667 0.16333333333333333 0.005833333333333334 0.015833333333333335
4 0.5608333333333333 0.15583333333333332 0.005 0.014166666666666666
4 0.5566666666666666 0.14916666666666667 0.0033333333333333335 0.010833333333333334