4 0.4558333333333333 0.6141666666666666 0.06833333333333333 0.14916666666666667
4 0.6441666666666667 0.6433333333333333 0.07583333333333334 0.16
4 0.7041666666666667 0.46166666666666667 0.04083333333333333 0.08083333333333333
0 0.6716666666666666 0.5008333333333334 0.04416666666666667 0.09833333333333333
0 0.8183333333333334 0.49833333333333335 0.058333333333333334 0.09416666666666666
0 0.5425 0.4925 0.04583333333333333 0.016666666666666666
2 0.4558333333333333 0.5391666666666667 0.05583333333333333 0.11583333333333333
2 0.7025 0.5658333333333333 0.06583333333333333 0.12333333333333334
2 0.39166666666666666 0.4683333333333333 0.04583333333333333 0.08916666666666667
1 0.5791666666666667 0.4008333333333333 0.03916666666666667 0.10666666666666667
1 0.3408333333333333 0.48583333333333334 0.07416666666666667 0.17583333333333334
1 0.5433333333333333 0.4766666666666667 0.06 0.15833333333333333