0 0.385 0.3475 0.03166666666666667 0.06833333333333333
0 0.4508333333333333 0.25083333333333335 0.016666666666666666 0.0375
0 0.4775 0.21083333333333334 0.010833333333333334 0.025833333333333333
0 0.49083333333333334 0.18916666666666668 0.008333333333333333 0.020833333333333332
0 0.49916666666666665 0.17333333333333334 0.005833333333333334 0.015
0 0.5041666666666667 0.16333333333333333 0.0033333333333333335 0.011666666666666667
0 0.5075 0.15666666666666668 0.004166666666666667 0.010833333333333334
4 0.755 0.31916666666666665 0.035833333333333335 0.07083333333333333
4 0.6641666666666667 0.23583333333333334 0.018333333333333333 0.04083333333333333
4 0.6241666666666666 0.19833333333333333 0.0125 0.02666666666666667
4 0.6041666666666666 0.17916666666666667 0.008333333333333333 0.021666666666666667
4 0.5916666666666667 0.16666666666666666 0.005833333333333334 0.015833333333333335
4 0.5833333333333334 0.15666666666666668 0.005 0.013333333333333334
4 0.5766666666666667 0.15083333333333335 0.004166666666666667 0.009166666666666667