1 0.22416666666666665 0.5516666666666666 0.11166666666666666 0.2608333333333333
1 0.36666666666666664 0.38 0.055 0.1325
1 0.5916666666666667 0.4083333333333333 0.0625 0.15
0 0.2966666666666667 0.4508333333333333 0.06166666666666667 0.1025
0 0.58 0.5525 0.07916666666666666 0.14666666666666667
2 0.7108333333333333 0.5333333333333333 0.0675 0.13916666666666666
0 0.7175 0.4775 0.0625 0.11583333333333333
4 0.38333333333333336 0.4975 0.06416666666666666 0.12
4 0.6591666666666667 0.4191666666666667 0.04833333333333333 0.08833333333333333
4 0.8108333333333333 0.455 0.05416666666666667 0.105
2 0.445 0.4241666666666667 0.04666666666666667 0.0875
2 0.5425 0.405 0.03833333333333333 0.07833333333333334