1 0.20333333333333334 0.4608333333333333 0.02666666666666667 0.06416666666666666
1 0.405 0.4275 0.018333333333333333 0.049166666666666664
1 0.5166666666666667 0.42833333333333334 0.018333333333333333 0.05
4 0.33416666666666667 0.445 0.016666666666666666 0.03166666666666667
4 0.4091666666666667 0.44916666666666666 0.018333333333333333 0.03666666666666667
4 0.45666666666666667 0.43666666666666665 0.010833333333333334 0.02666666666666667
2 0.24583333333333332 0.4558333333333333 0.018333333333333333 0.035
2 0.2725 0.47833333333333333 0.021666666666666667 0.04583333333333333
2 0.46166666666666667 0.4666666666666667 0.019166666666666665 0.04083333333333333
0 0.3175 0.46 0.018333333333333333 0.03666666666666667
0 0.3641666666666667 0.47833333333333333 0.025 0.045
0 0.5416666666666666 0.4475 0.016666666666666666 0.034166666666666665