1 0.12083333333333333 0.6191666666666666 0.1075 0.265
1 0.20833333333333334 0.5125 0.0825 0.20416666666666666
1 0.9016666666666666 0.4683333333333333 0.0675 0.20833333333333334
2 0.39 0.31083333333333335 0.0275 0.05333333333333334
2 0.7066666666666667 0.2891666666666667 0.0275 0.0575
2 0.4425 0.23833333333333334 0.014166666666666666 0.03333333333333333
2 0.4675 0.20666666666666667 0.01 0.024166666666666666
2 0.48 0.18833333333333332 0.0075 0.019166666666666665
2 0.5125 0.18416666666666667 0.006666666666666667 0.019166666666666665
2 0.5591666666666667 0.18083333333333335 0.0075 0.02
2 0.585 0.17833333333333334 0.0075 0.0175
2 0.6066666666666667 0.17583333333333334 0.009166666666666667 0.019166666666666665
2 0.6033333333333334 0.19583333333333333 0.010833333333333334 0.025
2 0.6341666666666667 0.22166666666666668 0.015 0.034166666666666665
4 0.20083333333333334 0.25083333333333335 0.015833333333333335 0.03
0 0.30416666666666664 0.18833333333333332 0.0075 0.021666666666666667