4 0.12833333333333333 0.5483333333333333 0.04833333333333333 0.06416666666666666
4 0.27166666666666667 0.4766666666666667 0.03333333333333333 0.04666666666666667
0 0.31833333333333336 0.4275 0.020833333333333332 0.034166666666666665
2 0.41833333333333333 0.44916666666666666 0.024166666666666666 0.04
2 0.425 0.5325 0.03833333333333333 0.06
2 0.5591666666666667 0.4191666666666667 0.018333333333333333 0.03166666666666667
1 0.415 0.39416666666666667 0.024166666666666666 0.04583333333333333
1 0.47833333333333333 0.4266666666666667 0.028333333333333332 0.056666666666666664
1 0.8666666666666667 0.4925 0.05 0.08583333333333333
4 0.6183333333333333 0.48583333333333334 0.03166666666666667 0.04833333333333333
0 0.6566666666666666 0.43666666666666665 0.019166666666666665 0.03333333333333333
0 0.8166666666666667 0.4575 0.028333333333333332 0.04