4 0.38666666666666666 0.45416666666666666 0.03333333333333333 0.06
4 0.4425 0.42833333333333334 0.0225 0.050833333333333335
4 0.5458333333333333 0.44916666666666666 0.025 0.056666666666666664
2 0.48833333333333334 0.4116666666666667 0.019166666666666665 0.04583333333333333
2 0.42916666666666664 0.48 0.03666666666666667 0.06833333333333333
2 0.39666666666666667 0.4141666666666667 0.0175 0.0475
1 0.46416666666666667 0.4241666666666667 0.03666666666666667 0.08833333333333333
1 0.315 0.45166666666666666 0.03666666666666667 0.10416666666666667
1 0.3283333333333333 0.41 0.020833333333333332 0.08
0 0.3466666666666667 0.44 0.029166666666666667 0.05583333333333333
0 0.48833333333333334 0.4691666666666667 0.035 0.06416666666666666
0 0.5758333333333333 0.42583333333333334 0.025833333333333333 0.050833333333333335