0 0.19166666666666668 0.6158333333333333 0.0825 0.15083333333333335
1 0.41833333333333333 0.29833333333333334 0.03166666666666667 0.09083333333333334
1 0.43083333333333335 0.285 0.019166666666666665 0.0825
1 0.7416666666666667 0.2891666666666667 0.03333333333333333 0.09166666666666666
1 0.7266666666666667 0.2758333333333333 0.0225 0.08333333333333333
2 0.6808333333333333 0.23416666666666666 0.014166666666666666 0.035
2 0.48333333333333334 0.24166666666666667 0.013333333333333334 0.03166666666666667
2 0.5091666666666667 0.21083333333333334 0.009166666666666667 0.024166666666666666
2 0.5258333333333334 0.19333333333333333 0.0075 0.0175
2 0.5341666666666667 0.18166666666666667 0.005833333333333334 0.015833333333333335
2 0.5608333333333333 0.18 0.005833333333333334 0.015833333333333335
2 0.5908333333333333 0.17833333333333334 0.005833333333333334 0.015
2 0.6216666666666667 0.17583333333333334 0.005 0.015833333333333335
2 0.6325 0.14583333333333334 0.009166666666666667 0.009166666666666667
2 0.6333333333333333 0.1875 0.0075 0.02
2 0.6508333333333334 0.20333333333333334 0.008333333333333333 0.025833333333333333
4 0.3308333333333333 0.215 0.009166666666666667 0.023333333333333334
0 0.3983333333333333 0.17583333333333334 0.006666666666666667 0.015833333333333335