4 0.2833333333333333 0.4241666666666667 0.015833333333333335 0.025833333333333333
4 0.3333333333333333 0.43666666666666665 0.019166666666666665 0.03
4 0.625 0.545 0.05416666666666667 0.075
1 0.8491666666666666 0.6716666666666666 0.1225 0.23333333333333334
1 0.21583333333333332 0.5525 0.07833333333333334 0.14
1 0.16583333333333333 0.4766666666666667 0.04416666666666667 0.08666666666666667
2 0.38083333333333336 0.5158333333333334 0.04083333333333333 0.06583333333333333
2 0.5308333333333334 0.48 0.0325 0.0475
2 0.48333333333333334 0.44916666666666666 0.020833333333333332 0.035
0 0.51 0.46166666666666667 0.024166666666666666 0.04
0 0.4575 0.4325 0.016666666666666666 0.028333333333333332
0 0.4425 0.42 0.013333333333333334 0.023333333333333334
0 0.4583333333333333 0.43166666666666664 0.015833333333333335 0.0275