0 0.5275 0.5033333333333333 0.0225 0.0325
0 0.5466666666666666 0.4533333333333333 0.009166666666666667 0.015833333333333335
0 0.3925 0.49 0.016666666666666666 0.029166666666666667
2 0.515 0.47583333333333333 0.014166666666666666 0.024166666666666666
2 0.4266666666666667 0.4675 0.013333333333333334 0.0225
2 0.615 0.5691666666666667 0.035 0.055
1 0.6558333333333334 0.5033333333333333 0.02666666666666667 0.056666666666666664
1 0.6141666666666666 0.48 0.020833333333333332 0.043333333333333335
1 0.5908333333333333 0.46416666666666667 0.016666666666666666 0.035
4 0.41083333333333333 0.5283333333333333 0.029166666666666667 0.0425
4 0.4866666666666667 0.45916666666666667 0.010833333333333334 0.019166666666666665
4 0.3958333333333333 0.4533333333333333 0.01 0.018333333333333333