1 0.69 0.4216666666666667 0.03833333333333333 0.09
1 0.605 0.47 0.041666666666666664 0.11666666666666667
1 0.2708333333333333 0.5316666666666666 0.058333333333333334 0.1425
4 0.20166666666666666 0.4775 0.03166666666666667 0.06
4 0.455 0.41833333333333333 0.020833333333333332 0.04416666666666667
4 0.5791666666666667 0.45166666666666666 0.029166666666666667 0.056666666666666664
0 0.5491666666666667 0.42083333333333334 0.024166666666666666 0.04583333333333333
0 0.3566666666666667 0.4241666666666667 0.021666666666666667 0.04416666666666667
0 0.33666666666666667 0.4725 0.028333333333333332 0.060833333333333336
2 0.41583333333333333 0.5175 0.0375 0.0775
2 0.22916666666666666 0.44916666666666666 0.025833333333333333 0.049166666666666664
2 0.44583333333333336 0.4666666666666667 0.030833333333333334 0.06