1 0.61 0.43916666666666665 0.04833333333333333 0.11583333333333333
1 0.48 0.4 0.03166666666666667 0.0875
1 0.5258333333333334 0.38083333333333336 0.03 0.07583333333333334
1 0.5708333333333333 0.4058333333333333 0.024166666666666666 0.0525
1 0.38416666666666666 0.41833333333333333 0.028333333333333332 0.05416666666666667
0 0.36 0.4633333333333333 0.04083333333333333 0.07083333333333333
0 0.435 0.435 0.030833333333333334 0.06
0 0.5316666666666666 0.42833333333333334 0.03 0.06
4 0.4608333333333333 0.46166666666666667 0.03833333333333333 0.07083333333333333
4 0.43416666666666665 0.395 0.025 0.04833333333333333
4 0.37166666666666665 0.4033333333333333 0.0125 0.04833333333333333