0 0.48 0.45916666666666667 0.02 0.034166666666666665
0 0.44916666666666666 0.4533333333333333 0.0175 0.03166666666666667
0 0.31333333333333335 0.45916666666666667 0.014166666666666666 0.030833333333333334
4 0.29333333333333333 0.4741666666666667 0.016666666666666666 0.035
4 0.39666666666666667 0.45166666666666666 0.015 0.029166666666666667
4 0.5191666666666667 0.44666666666666666 0.015 0.03
1 0.49166666666666664 0.43416666666666665 0.018333333333333333 0.04583333333333333
1 0.4683333333333333 0.43083333333333335 0.014166666666666666 0.043333333333333335
1 0.3641666666666667 0.44083333333333335 0.02 0.04583333333333333
2 0.425 0.44166666666666665 0.0125 0.025833333333333333
2 0.38 0.4625 0.018333333333333333 0.0325
2 0.37916666666666665 0.4725 0.0225 0.03666666666666667