2 0.5525 0.7075 0.1075 0.17083333333333334
2 0.7508333333333334 0.6583333333333333 0.10166666666666667 0.14583333333333334
0 0.2758333333333333 0.5866666666666667 0.0725 0.12166666666666667
0 0.43916666666666665 0.56 0.06666666666666667 0.10833333333333334
0 0.57 0.5425 0.06833333333333333 0.10166666666666667
4 0.23833333333333334 0.49666666666666665 0.050833333333333335 0.08416666666666667
4 0.3675 0.485 0.04666666666666667 0.0775
4 0.4875 0.4741666666666667 0.04583333333333333 0.0725
1 0.38666666666666666 0.3975 0.03833333333333333 0.0725
1 0.23333333333333334 0.4075 0.0425 0.08166666666666667
2 0.9116666666666666 0.6108333333333333 0.029166666666666667 0.0425