0 0.43666666666666665 0.4716666666666667 0.0625 0.12166666666666667
0 0.4825 0.24083333333333334 0.019166666666666665 0.04416666666666667
0 0.7416666666666667 0.24833333333333332 0.0225 0.049166666666666664
0 0.3333333333333333 0.2175 0.013333333333333334 0.035
0 0.2975 0.19916666666666666 0.0125 0.028333333333333332
0 0.3225 0.17916666666666667 0.009166666666666667 0.0225
0 0.37333333333333335 0.16833333333333333 0.008333333333333333 0.020833333333333332
0 0.45166666666666666 0.15416666666666667 0.0075 0.019166666666666665
0 0.545 0.14583333333333334 0.005833333333333334 0.016666666666666666
0 0.6383333333333333 0.14083333333333334 0.006666666666666667 0.018333333333333333
0 0.75 0.145 0.005833333333333334 0.0175
0 0.8608333333333333 0.14666666666666667 0.006666666666666667 0.02
4 0.3025 0.30333333333333334 0.03333333333333333 0.06416666666666666
4 0.11166666666666666 0.25666666666666665 0.021666666666666667 0.04583333333333333
4 0.11333333333333333 0.21666666666666667 0.015 0.030833333333333334
4 0.19166666666666668 0.18666666666666668 0.010833333333333334 0.023333333333333334
4 0.2825 0.165 0.009166666666666667 0.021666666666666667
4 0.38416666666666666 0.15333333333333332 0.0075 0.018333333333333333
4 0.51 0.14083333333333334 0.006666666666666667 0.018333333333333333
4 0.6283333333333333 0.1375 0.005833333333333334 0.015833333333333335
4 0.7675 0.13833333333333334 0.0075 0.015833333333333335
4 0.9083333333333333 0.13833333333333334 0.008333333333333333 0.0175
2 0.68 0.16583333333333333 0.011666666666666667 0.028333333333333332