0 0.26916666666666667 0.7408333333333333 0.09083333333333334 0.18916666666666668
0 0.4525 0.3375 0.02666666666666667 0.0575
0 0.48833333333333334 0.26416666666666666 0.016666666666666666 0.034166666666666665
0 0.5041666666666667 0.23166666666666666 0.010833333333333334 0.023333333333333334
0 0.5125 0.21333333333333335 0.0075 0.018333333333333333
0 0.5183333333333333 0.2 0.005833333333333334 0.015833333333333335
4 0.7816666666666666 0.31916666666666665 0.03166666666666667 0.06
4 0.6891666666666667 0.25166666666666665 0.0175 0.03666666666666667
4 0.6458333333333334 0.22 0.011666666666666667 0.025833333333333333
4 0.6233333333333333 0.20666666666666667 0.008333333333333333 0.018333333333333333
4 0.6091666666666666 0.19583333333333333 0.006666666666666667 0.015833333333333335
1 0.5983333333333334 0.1875 0.006666666666666667 0.0225
1 0.5208333333333334 0.18916666666666668 0.006666666666666667 0.021666666666666667
4 0.765 0.17916666666666667 0.009166666666666667 0.0175
2 0.38 0.23416666666666666 0.0125 0.03166666666666667
2 0.5916666666666667 0.18583333333333332 0.005833333333333334 0.0125
2 0.5466666666666666 0.17833333333333334 0.0025 0.009166666666666667
2 0.5633333333333334 0.17833333333333334 0.004166666666666667 0.0075