1 0.8283333333333334 0.4725 0.04833333333333333 0.11166666666666666
1 0.7475 0.5391666666666667 0.055 0.15416666666666667
1 0.3258333333333333 0.6333333333333333 0.0725 0.1875
2 0.5041666666666667 0.6025 0.04416666666666667 0.1
2 0.53 0.5325 0.03666666666666667 0.0725
2 0.2833333333333333 0.5158333333333334 0.028333333333333332 0.06
4 0.25 0.5516666666666666 0.03833333333333333 0.07
4 0.5308333333333334 0.4725 0.025 0.049166666666666664
4 0.695 0.5116666666666667 0.03916666666666667 0.07166666666666667
0 0.4041666666666667 0.5441666666666667 0.03333333333333333 0.075
0 0.4225 0.48333333333333334 0.02666666666666667 0.05
0 0.6425 0.4741666666666667 0.03166666666666667 0.055