0 0.16416666666666666 0.4925 0.055 0.10333333333333333
0 0.36 0.3 0.0225 0.04666666666666667
0 0.42083333333333334 0.23416666666666666 0.0125 0.03166666666666667
0 0.45 0.20416666666666666 0.008333333333333333 0.0225
0 0.4675 0.18833333333333332 0.006666666666666667 0.018333333333333333
0 0.4791666666666667 0.1775 0.005833333333333334 0.015
0 0.4866666666666667 0.17083333333333334 0.004166666666666667 0.01
0 0.4925 0.1625 0.004166666666666667 0.013333333333333334
4 0.7141666666666666 0.45166666666666666 0.05 0.10916666666666666
4 0.6208333333333333 0.2775 0.0225 0.05
4 0.5916666666666667 0.22083333333333333 0.014166666666666666 0.0325
4 0.5766666666666667 0.1925 0.010833333333333334 0.023333333333333334
4 0.5691666666666667 0.17916666666666667 0.006666666666666667 0.016666666666666666
4 0.5625 0.16916666666666666 0.004166666666666667 0.0125
4 0.6566666666666666 0.14416666666666667 0.0075 0.013333333333333334
2 0.4116666666666667 0.175 0.006666666666666667 0.019166666666666665
1 0.49666666666666665 0.15583333333333332 0.005833333333333334 0.018333333333333333
4 0.5583333333333333 0.1625 0.0033333333333333335 0.009166666666666667
1 0.5533333333333333 0.1525 0.005833333333333334 0.015833333333333335
4 0.5558333333333333 0.15916666666666668 0.0025 0.009166666666666667