1 0.7125 0.6041666666666666 0.09916666666666667 0.23916666666666667
1 0.4791666666666667 0.4625 0.05416666666666667 0.14083333333333334
1 0.5575 0.4191666666666667 0.04416666666666667 0.11333333333333333
2 0.6258333333333334 0.4691666666666667 0.04666666666666667 0.08333333333333333
2 0.32666666666666666 0.4866666666666667 0.05333333333333334 0.0925
4 0.4216666666666667 0.6225 0.0775 0.145
4 0.3325 0.4483333333333333 0.034166666666666665 0.075
4 0.4225 0.43333333333333335 0.04 0.07
0 0.5625 0.5241666666666667 0.049166666666666664 0.1
0 0.3908333333333333 0.5333333333333333 0.04583333333333333 0.1075
0 0.23416666666666666 0.6175 0.08083333333333333 0.1425
2 0.49416666666666664 0.45 0.018333333333333333 0.07333333333333333