1 0.37 0.4666666666666667 0.018333333333333333 0.04083333333333333
1 0.39666666666666667 0.5125 0.028333333333333332 0.06166666666666667
1 0.525 0.4633333333333333 0.015833333333333335 0.035833333333333335
2 0.24916666666666668 0.53 0.0325 0.043333333333333335
2 0.4675 0.5666666666666667 0.029166666666666667 0.05
2 0.74 0.5416666666666666 0.029166666666666667 0.041666666666666664
0 0.20416666666666666 0.5708333333333333 0.035 0.055
0 0.6091666666666666 0.49666666666666665 0.016666666666666666 0.0275
0 0.8233333333333334 0.6066666666666667 0.043333333333333335 0.058333333333333334
4 0.3375 0.495 0.0175 0.030833333333333334
4 0.4866666666666667 0.485 0.016666666666666666 0.025833333333333333
4 0.5558333333333333 0.5208333333333334 0.025 0.03666666666666667