0 0.22416666666666665 0.6 0.0775 0.14666666666666667
0 0.415 0.29083333333333333 0.0225 0.05416666666666667
0 0.145 0.21 0.01 0.024166666666666666
0 0.4008333333333333 0.14916666666666667 0.004166666666666667 0.0125
4 0.7275 0.2758333333333333 0.0275 0.055
4 0.3541666666666667 0.1775 0.006666666666666667 0.0175
1 0.46 0.21083333333333334 0.018333333333333333 0.05416666666666667
1 0.6541666666666667 0.20583333333333334 0.018333333333333333 0.055
1 0.6475 0.19916666666666666 0.011666666666666667 0.050833333333333335
2 0.485 0.19083333333333333 0.009166666666666667 0.023333333333333334
2 0.49833333333333335 0.175 0.006666666666666667 0.018333333333333333
2 0.5075 0.16333333333333333 0.004166666666666667 0.015833333333333335
2 0.5125 0.15583333333333332 0.0033333333333333335 0.011666666666666667
2 0.535 0.15416666666666667 0.004166666666666667 0.013333333333333334
2 0.56 0.15333333333333332 0.0033333333333333335 0.011666666666666667
2 0.6258333333333334 0.18416666666666667 0.009166666666666667 0.025833333333333333
2 0.6066666666666667 0.16916666666666666 0.0075 0.019166666666666665
2 0.595 0.16 0.006666666666666667 0.015833333333333335
2 0.5858333333333333 0.15166666666666667 0.005 0.0125