0 0.3925 0.49833333333333335 0.051666666666666666 0.11583333333333333
0 0.48083333333333333 0.29 0.021666666666666667 0.049166666666666664
0 0.5058333333333334 0.22416666666666665 0.013333333333333334 0.030833333333333334
0 0.5166666666666667 0.19416666666666665 0.009166666666666667 0.023333333333333334
0 0.5225 0.17833333333333334 0.0075 0.019166666666666665
0 0.5275 0.16833333333333333 0.005 0.014166666666666666
4 0.7591666666666667 0.2708333333333333 0.024166666666666666 0.0525
4 0.6825 0.2125 0.014166666666666666 0.03333333333333333
4 0.6466666666666666 0.185 0.010833333333333334 0.023333333333333334
4 0.6275 0.17083333333333334 0.006666666666666667 0.018333333333333333
4 0.6133333333333333 0.16 0.006666666666666667 0.015
4 0.6033333333333334 0.15583333333333332 0.005833333333333334 0.011666666666666667
4 0.5966666666666667 0.1525 0.005 0.009166666666666667
1 0.5908333333333333 0.145 0.005833333333333334 0.016666666666666666
4 0.7025 0.1375 0.006666666666666667 0.0125
2 0.4658333333333333 0.16416666666666666 0.006666666666666667 0.015833333333333335