1 0.32416666666666666 0.43833333333333335 0.02 0.043333333333333335
1 0.3675 0.5191666666666667 0.04583333333333333 0.08583333333333333
1 0.67 0.4533333333333333 0.02666666666666667 0.05
2 0.49333333333333335 0.4575 0.0175 0.03
2 0.6258333333333334 0.45166666666666666 0.016666666666666666 0.028333333333333332
2 0.8166666666666667 0.465 0.019166666666666665 0.0325
0 0.32 0.48833333333333334 0.0275 0.04
0 0.5558333333333333 0.48833333333333334 0.024166666666666666 0.03916666666666667
0 0.515 0.44333333333333336 0.015 0.025
4 0.4041666666666667 0.4691666666666667 0.021666666666666667 0.03333333333333333
4 0.6091666666666666 0.5275 0.030833333333333334 0.051666666666666666
4 0.7966666666666666 0.4925 0.025 0.04083333333333333