0 0.11 0.6833333333333333 0.09333333333333334 0.18583333333333332
0 0.4275 0.4225 0.05416666666666667 0.10333333333333333
4 0.29833333333333334 0.2916666666666667 0.03166666666666667 0.06
4 0.11166666666666666 0.25333333333333335 0.02 0.041666666666666664
4 0.10583333333333333 0.21833333333333332 0.014166666666666666 0.030833333333333334
2 0.07083333333333333 0.3425 0.014166666666666666 0.043333333333333335
0 0.465 0.23666666666666666 0.0175 0.04083333333333333
0 0.705 0.24166666666666667 0.019166666666666665 0.04583333333333333
0 0.32166666666666666 0.21666666666666667 0.014166666666666666 0.034166666666666665
0 0.28583333333333333 0.20083333333333334 0.010833333333333334 0.028333333333333332
0 0.30833333333333335 0.18166666666666667 0.009166666666666667 0.021666666666666667
0 0.3575 0.17166666666666666 0.0075 0.019166666666666665
0 0.43333333333333335 0.15833333333333333 0.005833333333333334 0.016666666666666666
0 0.5233333333333333 0.14916666666666667 0.006666666666666667 0.015833333333333335
0 0.615 0.14583333333333334 0.005833333333333334 0.015833333333333335
0 0.7216666666666667 0.14916666666666667 0.006666666666666667 0.015833333333333335
0 0.8283333333333334 0.15083333333333335 0.0075 0.019166666666666665
4 0.8733333333333333 0.14166666666666666 0.008333333333333333 0.0175
4 0.7391666666666666 0.1425 0.006666666666666667 0.015833333333333335
4 0.605 0.14166666666666666 0.005833333333333334 0.015
4 0.49 0.145 0.005833333333333334 0.015833333333333335
4 0.36666666666666664 0.1575 0.006666666666666667 0.016666666666666666
4 0.2675 0.16916666666666666 0.008333333333333333 0.020833333333333332
4 0.18 0.19 0.010833333333333334 0.024166666666666666
2 0.6525 0.16916666666666666 0.010833333333333334 0.025