0 0.4175 0.5091666666666667 0.03916666666666667 0.06166666666666667
0 0.20416666666666666 0.5091666666666667 0.04083333333333333 0.06333333333333334
0 0.5708333333333333 0.46 0.029166666666666667 0.043333333333333335
2 0.82 0.45416666666666666 0.030833333333333334 0.0425
2 0.16416666666666666 0.4841666666666667 0.03833333333333333 0.055
2 0.2991666666666667 0.4633333333333333 0.0325 0.04666666666666667
4 0.465 0.47333333333333333 0.035 0.051666666666666666
4 0.6191666666666666 0.49083333333333334 0.030833333333333334 0.05333333333333334
4 0.75 0.44333333333333336 0.025 0.03833333333333333
1 0.6325 0.43333333333333335 0.02666666666666667 0.06416666666666666
1 0.7808333333333334 0.46416666666666667 0.04583333333333333 0.08083333333333333