4 0.18666666666666668 0.5416666666666666 0.03833333333333333 0.06
4 0.2866666666666667 0.5583333333333333 0.035 0.060833333333333336
4 0.5758333333333333 0.5258333333333334 0.035 0.05583333333333333
0 0.38416666666666666 0.5458333333333333 0.03666666666666667 0.0575
0 0.6716666666666666 0.5625 0.03833333333333333 0.06416666666666666
0 0.7533333333333333 0.54 0.0325 0.059166666666666666
1 0.8025 0.49083333333333334 0.0425 0.07583333333333334
1 0.5133333333333333 0.4725 0.0275 0.0675
1 0.26 0.495 0.03666666666666667 0.0775
2 0.4025 0.49666666666666665 0.025 0.04666666666666667
2 0.4866666666666667 0.5466666666666666 0.03833333333333333 0.058333333333333334
2 0.675 0.49916666666666665 0.029166666666666667 0.045