1 0.4791666666666667 0.45166666666666666 0.018333333333333333 0.0625
1 0.6358333333333334 0.4558333333333333 0.02666666666666667 0.07
1 0.205 0.5066666666666667 0.04083333333333333 0.09166666666666666
2 0.2725 0.49333333333333335 0.025833333333333333 0.0475
2 0.29833333333333334 0.5441666666666667 0.03333333333333333 0.06666666666666667
2 0.5791666666666667 0.5283333333333333 0.030833333333333334 0.065
4 0.39 0.47583333333333333 0.020833333333333332 0.041666666666666664
4 0.49166666666666664 0.48833333333333334 0.025833333333333333 0.049166666666666664
4 0.5508333333333333 0.4658333333333333 0.019166666666666665 0.041666666666666664
0 0.36583333333333334 0.505 0.025 0.051666666666666666
0 0.4325 0.55 0.04 0.07166666666666667
0 0.6875 0.4925 0.03166666666666667 0.05416666666666667