1 0.2575 0.505 0.055 0.11
1 0.49 0.45166666666666666 0.03166666666666667 0.07083333333333333
1 0.6575 0.48583333333333334 0.04583333333333333 0.08916666666666667
2 0.535 0.49166666666666664 0.035833333333333335 0.05416666666666667
2 0.3233333333333333 0.45416666666666666 0.025 0.043333333333333335
2 0.3416666666666667 0.4725 0.03 0.0475
4 0.6116666666666667 0.6558333333333334 0.06666666666666667 0.115
4 0.6208333333333333 0.5516666666666666 0.043333333333333335 0.07166666666666667
4 0.38083333333333336 0.4925 0.03666666666666667 0.05416666666666667
0 0.3516666666666667 0.5941666666666666 0.06416666666666666 0.09333333333333334
0 0.4508333333333333 0.5208333333333334 0.04416666666666667 0.06666666666666667
0 0.61 0.4791666666666667 0.029166666666666667 0.04666666666666667