1 0.19083333333333333 0.7625 0.1125 0.2683333333333333
0 0.4216666666666667 0.35333333333333333 0.03166666666666667 0.06583333333333333
0 0.4708333333333333 0.26 0.015833333333333335 0.03666666666666667
0 0.4891666666666667 0.22083333333333333 0.010833333333333334 0.02666666666666667
0 0.49916666666666665 0.19666666666666666 0.008333333333333333 0.020833333333333332
0 0.5058333333333334 0.18 0.005833333333333334 0.015833333333333335
0 0.5108333333333334 0.17166666666666666 0.004166666666666667 0.01
4 0.8041666666666667 0.33166666666666667 0.03666666666666667 0.07083333333333333
4 0.6816666666666666 0.2425 0.018333333333333333 0.03833333333333333
4 0.6366666666666667 0.2075 0.0125 0.028333333333333332
4 0.6125 0.185 0.008333333333333333 0.019166666666666665
4 0.5975 0.17083333333333334 0.0075 0.015833333333333335
4 0.5875 0.1625 0.005 0.013333333333333334
4 0.58 0.15583333333333332 0.004166666666666667 0.010833333333333334
4 0.575 0.15 0.004166666666666667 0.009166666666666667