4 0.43833333333333335 0.4825 0.025833333333333333 0.058333333333333334
4 0.5633333333333334 0.4716666666666667 0.025 0.050833333333333335
4 0.39 0.45166666666666666 0.0225 0.04666666666666667
0 0.2875 0.4741666666666667 0.03333333333333333 0.0575
0 0.20083333333333334 0.5308333333333334 0.04416666666666667 0.08416666666666667
0 0.6333333333333333 0.5358333333333334 0.04416666666666667 0.07583333333333334
2 0.1375 0.49583333333333335 0.043333333333333335 0.07166666666666667
2 0.25833333333333336 0.4483333333333333 0.025 0.049166666666666664
1 0.5025 0.4425 0.025833333333333333 0.07416666666666667
1 0.6458333333333334 0.47833333333333333 0.04083333333333333 0.095
1 0.14916666666666667 0.445 0.03166666666666667 0.0875
2 0.395 0.5475 0.0475 0.08916666666666667