4 0.6641666666666667 0.335 0.0325 0.07166666666666667
4 0.6133333333333333 0.24083333333333334 0.0175 0.04083333333333333
4 0.5941666666666666 0.20583333333333334 0.013333333333333334 0.025833333333333333
4 0.5841666666666666 0.18333333333333332 0.009166666666666667 0.021666666666666667
4 0.5766666666666667 0.16916666666666666 0.0075 0.019166666666666665
0 0.31 0.3591666666666667 0.03333333333333333 0.065
0 0.4091666666666667 0.26 0.0175 0.0375
0 0.45 0.21833333333333332 0.010833333333333334 0.02666666666666667
0 0.4716666666666667 0.19333333333333333 0.0075 0.020833333333333332
0 0.485 0.17833333333333334 0.006666666666666667 0.015833333333333335
0 0.49416666666666664 0.16916666666666666 0.006666666666666667 0.011666666666666667
0 0.5016666666666667 0.16166666666666665 0.006666666666666667 0.011666666666666667
4 0.5725 0.16083333333333333 0.005833333333333334 0.013333333333333334
4 0.5683333333333334 0.155 0.0025 0.009166666666666667
0 0.5058333333333334 0.15416666666666667 0.0033333333333333335 0.01
0 0.51 0.15083333333333335 0.004166666666666667 0.01
4 0.6466666666666666 0.13583333333333333 0.006666666666666667 0.011666666666666667