1 0.7591666666666667 0.425 0.056666666666666664 0.12583333333333332
1 0.5516666666666666 0.3883333333333333 0.029166666666666667 0.08583333333333333
1 0.3958333333333333 0.39 0.0325 0.07833333333333334
2 0.48833333333333334 0.44416666666666665 0.03 0.06666666666666667
2 0.6375 0.43166666666666664 0.035833333333333335 0.0675
4 0.4425 0.41833333333333333 0.029166666666666667 0.056666666666666664
4 0.565 0.56 0.06416666666666666 0.12166666666666667
0 0.5183333333333333 0.48083333333333333 0.04416666666666667 0.085
2 0.3425 0.6133333333333333 0.06666666666666667 0.14333333333333334
0 0.17833333333333334 0.5375 0.058333333333333334 0.105
0 0.26666666666666666 0.44166666666666665 0.035 0.0625
4 0.19 0.48333333333333334 0.0325 0.07916666666666666