2 0.6408333333333334 0.47833333333333333 0.03666666666666667 0.06916666666666667
2 0.5783333333333334 0.44166666666666665 0.02666666666666667 0.055
2 0.2808333333333333 0.4891666666666667 0.0525 0.08916666666666667
1 0.51 0.4525 0.04416666666666667 0.11166666666666666
1 0.4691666666666667 0.43083333333333335 0.04083333333333333 0.09916666666666667
1 0.33416666666666667 0.435 0.0475 0.1125
4 0.23583333333333334 0.43166666666666664 0.0325 0.06416666666666666
4 0.36 0.4275 0.029166666666666667 0.0575
0 0.42083333333333334 0.5041666666666667 0.05 0.09
0 0.6125 0.5058333333333334 0.041666666666666664 0.08333333333333333
0 0.21166666666666667 0.45416666666666666 0.035 0.075