0 0.5958333333333333 0.495 0.018333333333333333 0.03333333333333333
0 0.5983333333333334 0.5308333333333334 0.025833333333333333 0.0425
0 0.4691666666666667 0.5066666666666667 0.024166666666666666 0.03666666666666667
4 0.5808333333333333 0.5075 0.024166666666666666 0.0375
4 0.4275 0.5233333333333333 0.025 0.043333333333333335
4 0.38416666666666666 0.5 0.025833333333333333 0.035833333333333335
2 0.6975 0.5116666666666667 0.0225 0.035833333333333335
2 0.68 0.5275 0.025833333333333333 0.04083333333333333
2 0.505 0.5008333333333334 0.018333333333333333 0.03333333333333333
1 0.5441666666666667 0.5175 0.029166666666666667 0.06916666666666667
1 0.6133333333333333 0.4766666666666667 0.024166666666666666 0.0475
1 0.3258333333333333 0.5016666666666667 0.035 0.0675