4 0.45 0.465 0.028333333333333332 0.0425
4 0.5008333333333334 0.49916666666666665 0.028333333333333332 0.050833333333333335
4 0.5816666666666667 0.5975 0.0525 0.0825
0 0.3466666666666667 0.5466666666666666 0.04083333333333333 0.0675
0 0.58 0.46416666666666667 0.025 0.0425
0 0.6116666666666667 0.5116666666666667 0.04 0.056666666666666664
1 0.37166666666666665 0.475 0.0425 0.08
1 0.3466666666666667 0.43916666666666665 0.035 0.06416666666666666
1 0.6658333333333334 0.4691666666666667 0.035 0.07666666666666666
2 0.39666666666666667 0.6191666666666666 0.05416666666666667 0.08666666666666667
2 0.48333333333333334 0.4558333333333333 0.024166666666666666 0.03916666666666667
2 0.5291666666666667 0.44583333333333336 0.023333333333333334 0.03666666666666667