2 0.5141666666666667 0.49166666666666664 0.030833333333333334 0.04416666666666667
2 0.575 0.475 0.028333333333333332 0.04
2 0.4666666666666667 0.4691666666666667 0.025833333333333333 0.03666666666666667
1 0.435 0.515 0.04833333333333333 0.09416666666666666
1 0.5025 0.44083333333333335 0.024166666666666666 0.049166666666666664
1 0.26916666666666667 0.4483333333333333 0.029166666666666667 0.056666666666666664
4 0.2866666666666667 0.5066666666666667 0.034166666666666665 0.049166666666666664
4 0.3925 0.4608333333333333 0.025 0.034166666666666665
4 0.6758333333333333 0.5258333333333334 0.04 0.05583333333333333
0 0.5391666666666667 0.545 0.04083333333333333 0.06166666666666667
0 0.6083333333333333 0.45166666666666666 0.019166666666666665 0.03166666666666667
0 0.3475 0.48083333333333333 0.02666666666666667 0.04083333333333333