1 0.6175 0.505 0.03666666666666667 0.06916666666666667
1 0.5475 0.4775 0.028333333333333332 0.05333333333333334
1 0.54 0.45666666666666667 0.010833333333333334 0.041666666666666664
1 0.9058333333333334 0.42333333333333334 0.019166666666666665 0.0225
4 0.6458333333333334 0.48833333333333334 0.02 0.034166666666666665
4 0.5833333333333334 0.475 0.018333333333333333 0.029166666666666667
4 0.41 0.4975 0.021666666666666667 0.035833333333333335
0 0.47833333333333333 0.5116666666666667 0.023333333333333334 0.043333333333333335
0 0.5166666666666667 0.49583333333333335 0.0225 0.035833333333333335
0 0.32666666666666666 0.47583333333333333 0.019166666666666665 0.029166666666666667
2 0.41583333333333333 0.4683333333333333 0.011666666666666667 0.0275
2 0.435 0.4866666666666667 0.02 0.03333333333333333
2 0.2825 0.5083333333333333 0.025833333333333333 0.041666666666666664