4 0.5016666666666667 0.49666666666666665 0.02666666666666667 0.043333333333333335
4 0.26416666666666666 0.495 0.028333333333333332 0.04416666666666667
4 0.29833333333333334 0.44333333333333336 0.02 0.03333333333333333
0 0.3458333333333333 0.4725 0.028333333333333332 0.0425
0 0.4608333333333333 0.4475 0.020833333333333332 0.035
0 0.7366666666666667 0.45416666666666666 0.024166666666666666 0.03666666666666667
1 0.8733333333333333 0.4525 0.0325 0.065
1 0.14916666666666667 0.44583333333333336 0.034166666666666665 0.060833333333333336
1 0.20083333333333334 0.41833333333333333 0.025 0.05
2 0.5975 0.4625 0.024166666666666666 0.04083333333333333
2 0.7175 0.4891666666666667 0.0325 0.0475