1 0.5125 0.63 0.0675 0.17416666666666666
1 0.185 0.6166666666666667 0.05583333333333333 0.1525
1 0.23833333333333334 0.5591666666666667 0.04666666666666667 0.12
4 0.28 0.5341666666666667 0.029166666666666667 0.06166666666666667
4 0.46166666666666667 0.5841666666666666 0.03666666666666667 0.08166666666666667
4 0.6758333333333333 0.5183333333333333 0.03833333333333333 0.059166666666666666
0 0.4125 0.5025 0.018333333333333333 0.05
0 0.405 0.535 0.035833333333333335 0.06416666666666666
0 0.6708333333333333 0.595 0.04416666666666667 0.08833333333333333
2 0.2975 0.6641666666666667 0.058333333333333334 0.10666666666666667
2 0.5308333333333334 0.5283333333333333 0.030833333333333334 0.0625
2 0.5516666666666666 0.49416666666666664 0.028333333333333332 0.051666666666666666