1 0.22083333333333333 0.6525 0.125 0.315
1 0.8041666666666667 0.43833333333333335 0.08583333333333333 0.2
1 0.57 0.41833333333333333 0.06416666666666666 0.1775
0 0.2816666666666667 0.42 0.05333333333333334 0.095
0 0.43 0.44 0.058333333333333334 0.1075
0 0.495 0.5291666666666667 0.06833333333333333 0.14
4 0.27416666666666667 0.49166666666666664 0.07166666666666667 0.12416666666666666
4 0.6 0.3625 0.03833333333333333 0.08416666666666667
4 0.7075 0.38083333333333336 0.030833333333333334 0.09083333333333334
2 0.6816666666666666 0.42833333333333334 0.056666666666666664 0.10833333333333334
2 0.745 0.555 0.0775 0.1575
2 0.5075 0.3858333333333333 0.045 0.08916666666666667