2 0.3466666666666667 0.3825 0.0375 0.0775
2 0.7941666666666667 0.3525 0.045 0.08416666666666667
2 0.6666666666666666 0.235 0.018333333333333333 0.04083333333333333
2 0.43416666666666665 0.26 0.018333333333333333 0.04
2 0.4691666666666667 0.21416666666666667 0.0125 0.028333333333333332
2 0.485 0.19 0.0075 0.019166666666666665
2 0.5208333333333334 0.18583333333333332 0.006666666666666667 0.02
2 0.5725 0.18 0.009166666666666667 0.021666666666666667
2 0.6016666666666667 0.17666666666666667 0.008333333333333333 0.021666666666666667
2 0.6258333333333334 0.17416666666666666 0.009166666666666667 0.021666666666666667
2 0.6241666666666666 0.1975 0.010833333333333334 0.028333333333333332
4 0.15083333333333335 0.27416666666666667 0.018333333333333333 0.04
0 0.285 0.195 0.009166666666666667 0.024166666666666666