4 0.5125 0.2791666666666667 0.0225 0.055
4 0.5125 0.3383333333333333 0.04 0.07916666666666666
4 0.15833333333333333 0.31916666666666665 0.05583333333333333 0.09
0 0.22666666666666666 0.275 0.04083333333333333 0.06833333333333333
0 0.3333333333333333 0.305 0.034166666666666665 0.07583333333333334
0 0.6408333333333334 0.3225 0.035 0.06583333333333333
2 0.5808333333333333 0.41 0.056666666666666664 0.10666666666666667
2 0.43416666666666665 0.2925 0.0325 0.065
2 0.3641666666666667 0.2625 0.02666666666666667 0.056666666666666664
1 0.6725 0.3441666666666667 0.049166666666666664 0.13583333333333333
1 0.2816666666666667 0.33666666666666667 0.065 0.16666666666666666
1 0.43 0.39166666666666666 0.06916666666666667 0.19333333333333333