0 0.3175 0.3441666666666667 0.03333333333333333 0.06583333333333333
0 0.325 0.16583333333333333 0.005 0.013333333333333334
4 0.685 0.32083333333333336 0.03333333333333333 0.06666666666666667
4 0.2725 0.1975 0.008333333333333333 0.020833333333333332
1 0.5941666666666666 0.22916666666666666 0.020833333333333332 0.06166666666666667
1 0.5858333333333333 0.2225 0.0125 0.0575
1 0.38 0.23916666666666667 0.020833333333333332 0.06166666666666667
2 0.4116666666666667 0.2125 0.010833333333333334 0.0275
2 0.4266666666666667 0.19333333333333333 0.008333333333333333 0.021666666666666667
2 0.4375 0.18083333333333335 0.005833333333333334 0.015833333333333335
2 0.44333333333333336 0.17166666666666666 0.004166666666666667 0.013333333333333334
2 0.4666666666666667 0.17083333333333334 0.005 0.013333333333333334
2 0.49333333333333335 0.16833333333333333 0.005 0.015
2 0.5191666666666667 0.1675 0.004166666666666667 0.015
2 0.5291666666666667 0.17666666666666667 0.005833333333333334 0.0175
2 0.5416666666666666 0.18666666666666668 0.006666666666666667 0.019166666666666665
2 0.5616666666666666 0.20333333333333334 0.011666666666666667 0.028333333333333332