2 0.65 0.32416666666666666 0.016666666666666666 0.0175
4 0.6533333333333333 0.30583333333333335 0.010833333333333334 0.019166666666666665
0 0.5983333333333334 0.325 0.0125 0.0225
4 0.48833333333333334 0.3233333333333333 0.011666666666666667 0.013333333333333334
0 0.5666666666666667 0.3175 0.008333333333333333 0.013333333333333334
0 0.5116666666666667 0.3333333333333333 0.011666666666666667 0.02
0 0.455 0.34 0.01 0.015
0 0.4033333333333333 0.3441666666666667 0.0125 0.0125
4 0.5275 0.3175 0.009166666666666667 0.0175
4 0.7391666666666666 0.3 0.010833333333333334 0.015833333333333335
2 0.6058333333333333 0.3125 0.01 0.015
4 0.8391666666666666 0.2891666666666667 0.013333333333333334 0.0175
4 0.43416666666666665 0.3275 0.008333333333333333 0.015833333333333335