0 0.4891666666666667 0.56 0.0775 0.14
4 0.855 0.29083333333333333 0.018333333333333333 0.03
4 0.7125 0.27 0.010833333333333334 0.021666666666666667
0 0.6883333333333334 0.31 0.0175 0.035833333333333335
0 0.6166666666666667 0.2816666666666667 0.0125 0.02666666666666667
0 0.3675 0.26666666666666666 0.0125 0.020833333333333332
0 0.7208333333333333 0.36833333333333335 0.03833333333333333 0.060833333333333336
0 0.48833333333333334 0.2683333333333333 0.010833333333333334 0.023333333333333334
0 0.2275 0.26416666666666666 0.011666666666666667 0.023333333333333334
0 0.1075 0.25833333333333336 0.0125 0.023333333333333334
4 0.5791666666666667 0.26 0.0075 0.015833333333333335