0 0.095 0.6925 0.06166666666666667 0.1375
0 0.6283333333333333 0.5116666666666667 0.04583333333333333 0.07666666666666666
0 0.7858333333333334 0.4575 0.0325 0.04833333333333333
0 0.165 0.3625 0.013333333333333334 0.02
0 0.265 0.3625 0.0075 0.013333333333333334
0 0.33916666666666667 0.36083333333333334 0.0075 0.010833333333333334
0 0.3983333333333333 0.3575 0.005833333333333334 0.011666666666666667
0 0.44 0.35583333333333333 0.004166666666666667 0.009166666666666667
0 0.44916666666666666 0.3525 0.0025 0.006666666666666667
4 0.14166666666666666 0.355 0.0075 0.015
4 0.16166666666666665 0.34 0.0033333333333333335 0.009166666666666667
4 0.2683333333333333 0.3541666666666667 0.004166666666666667 0.0125
0 0.15416666666666667 0.3383333333333333 0.004166666666666667 0.009166666666666667