0 0.11666666666666667 0.3275 0.0125 0.019166666666666665
0 0.2775 0.33416666666666667 0.011666666666666667 0.023333333333333334
0 0.30333333333333334 0.345 0.013333333333333334 0.025833333333333333
0 0.4241666666666667 0.3591666666666667 0.015833333333333335 0.0325
0 0.6491666666666667 0.3575 0.0175 0.035833333333333335
0 0.8625 0.44666666666666666 0.051666666666666666 0.07833333333333334
0 0.4225 0.6366666666666667 0.060833333333333336 0.15166666666666667
4 0.07916666666666666 0.32083333333333336 0.009166666666666667 0.015833333333333335
4 0.3016666666666667 0.31166666666666665 0.006666666666666667 0.015833333333333335
4 0.37333333333333335 0.3125 0.0075 0.015833333333333335
4 0.4275 0.3175 0.008333333333333333 0.015
4 0.48833333333333334 0.32416666666666666 0.009166666666666667 0.015833333333333335
4 0.6133333333333333 0.32416666666666666 0.0125 0.023333333333333334
4 0.885 0.31583333333333335 0.018333333333333333 0.028333333333333332
1 0.7683333333333333 0.31166666666666665 0.018333333333333333 0.041666666666666664
1 0.8458333333333333 0.34 0.035833333333333335 0.06583333333333333