0 0.38333333333333336 0.5575 0.056666666666666664 0.09833333333333333
0 0.7475 0.4558333333333333 0.028333333333333332 0.04833333333333333
0 0.8775 0.4225 0.020833333333333332 0.03333333333333333
0 0.93 0.41083333333333333 0.0125 0.024166666666666666
0 0.18333333333333332 0.4008333333333333 0.0225 0.035
0 0.32666666666666666 0.3925 0.019166666666666665 0.03
0 0.445 0.38416666666666666 0.0125 0.024166666666666666
0 0.5283333333333333 0.37333333333333335 0.010833333333333334 0.018333333333333333
0 0.5575 0.36833333333333335 0.009166666666666667 0.015833333333333335
0 0.5833333333333334 0.3641666666666667 0.006666666666666667 0.014166666666666666
0 0.6025 0.3625 0.0075 0.0125
4 0.1875 0.37666666666666665 0.0125 0.024166666666666666
4 0.315 0.3725 0.0125 0.020833333333333332
4 0.4175 0.36583333333333334 0.010833333333333334 0.0175
4 0.46416666666666667 0.36083333333333334 0.008333333333333333 0.015
4 0.49333333333333335 0.35833333333333334 0.005833333333333334 0.0125
4 0.55 0.3566666666666667 0.006666666666666667 0.011666666666666667
4 0.5616666666666666 0.355 0.004166666666666667 0.009166666666666667
0 0.5733333333333334 0.3475 0.0025 0.005
4 0.5741666666666667 0.35333333333333333 0.004166666666666667 0.009166666666666667
4 0.5766666666666667 0.3491666666666667 0.0033333333333333335 0.0075
4 0.5816666666666667 0.35083333333333333 0.005 0.009166666666666667
0 0.6016666666666667 0.34833333333333333 0.0033333333333333335 0.006666666666666667
0 0.6233333333333333 0.35083333333333333 0.004166666666666667 0.006666666666666667
0 0.6333333333333333 0.3516666666666667 0.0033333333333333335 0.0075
0 0.6408333333333334 0.355 0.004166666666666667 0.010833333333333334
0 0.6366666666666667 0.35833333333333334 0.004166666666666667 0.01
0 0.635 0.3616666666666667 0.006666666666666667 0.010833333333333334
4 0.5616666666666666 0.34833333333333333 0.0033333333333333335 0.006666666666666667
4 0.5383333333333333 0.3458333333333333 0.0033333333333333335 0.008333333333333333
0 0.5441666666666667 0.3458333333333333 0.0025 0.005
4 0.5083333333333333 0.345 0.0033333333333333335 0.006666666666666667
4 0.4791666666666667 0.3441666666666667 0.0033333333333333335 0.005833333333333334
0 0.475 0.3433333333333333 0.0033333333333333335 0.005
0 0.43833333333333335 0.3425 0.0025 0.005833333333333334
4 0.44583333333333336 0.3433333333333333 0.0033333333333333335 0.0075
4 0.4066666666666667 0.3425 0.0033333333333333335 0.0075
0 0.3958333333333333 0.3425 0.0025 0.005
4 0.36666666666666664 0.3425 0.0033333333333333335 0.006666666666666667
4 0.3283333333333333 0.3425 0.0033333333333333335 0.006666666666666667
1 0.29833333333333334 0.3408333333333333 0.005 0.010833333333333334
1 0.2833333333333333 0.33916666666666667 0.005833333333333334 0.011666666666666667
4 0.265 0.3416666666666667 0.004166666666666667 0.009166666666666667
4 0.21416666666666667 0.3408333333333333 0.0033333333333333335 0.006666666666666667
0 0.23 0.34 0.0033333333333333335 0.008333333333333333
0 0.16833333333333333 0.33916666666666667 0.004166666666666667 0.0075
4 0.15083333333333335 0.33916666666666667 0.0033333333333333335 0.006666666666666667
0 0.31416666666666665 0.3408333333333333 0.0033333333333333335 0.006666666666666667
0 0.35333333333333333 0.3416666666666667 0.0033333333333333335 0.005833333333333334