0 0.16916666666666666 0.6375 0.065 0.08916666666666667
0 0.4525 0.5291666666666667 0.021666666666666667 0.04083333333333333
0 0.5608333333333333 0.49916666666666665 0.015833333333333335 0.0275
0 0.6166666666666667 0.4825 0.0125 0.0225
0 0.6533333333333333 0.47333333333333333 0.009166666666666667 0.0175
0 0.6183333333333333 0.46 0.0075 0.013333333333333334
0 0.65 0.4658333333333333 0.004166666666666667 0.015833333333333335
0 0.5758333333333333 0.45666666666666667 0.005833333333333334 0.0125
0 0.535 0.4558333333333333 0.005833333333333334 0.01
0 0.49916666666666665 0.455 0.005 0.009166666666666667
0 0.4583333333333333 0.4575 0.004166666666666667 0.01
0 0.4 0.46 0.005833333333333334 0.01
0 0.335 0.4633333333333333 0.005833333333333334 0.011666666666666667
0 0.23916666666666667 0.4675 0.0075 0.0125
0 0.17666666666666667 0.4675 0.0075 0.014166666666666666
0 0.12833333333333333 0.4683333333333333 0.006666666666666667 0.010833333333333334
4 0.7458333333333333 0.5866666666666667 0.043333333333333335 0.06583333333333333
4 0.7916666666666666 0.5158333333333334 0.02666666666666667 0.0375
4 0.8266666666666667 0.4875 0.014166666666666666 0.024166666666666666
4 0.8191666666666667 0.475 0.008333333333333333 0.020833333333333332
4 0.7541666666666667 0.4625 0.008333333333333333 0.014166666666666666
4 0.6891666666666667 0.45666666666666667 0.005833333333333334 0.0125
4 0.6316666666666667 0.4525 0.005833333333333334 0.010833333333333334
4 0.58 0.45166666666666666 0.004166666666666667 0.009166666666666667
4 0.5275 0.4525 0.004166666666666667 0.009166666666666667
4 0.47833333333333333 0.45416666666666666 0.005 0.009166666666666667
4 0.43833333333333335 0.455 0.004166666666666667 0.009166666666666667
4 0.38666666666666666 0.4575 0.005833333333333334 0.01
4 0.3283333333333333 0.46 0.005 0.01
4 0.2675 0.4625 0.006666666666666667 0.010833333333333334
4 0.25416666666666665 0.4583333333333333 0.004166666666666667 0.009166666666666667
4 0.225 0.4625 0.006666666666666667 0.010833333333333334
4 0.21666666666666667 0.4608333333333333 0.005833333333333334 0.010833333333333334
4 0.89 0.4525 0.0075 0.011666666666666667
4 0.7983333333333333 0.45166666666666666 0.006666666666666667 0.01
4 0.7541666666666667 0.44666666666666666 0.0033333333333333335 0.0075
4 0.7408333333333333 0.44916666666666666 0.005 0.010833333333333334
4 0.7325 0.44666666666666666 0.004166666666666667 0.008333333333333333
4 0.7158333333333333 0.4483333333333333 0.0033333333333333335 0.008333333333333333
4 0.71 0.4483333333333333 0.004166666666666667 0.008333333333333333
0 0.8766666666666667 0.4483333333333333 0.005833333333333334 0.010833333333333334
0 0.8291666666666667 0.4483333333333333 0.005 0.009166666666666667
0 0.8191666666666667 0.445 0.0033333333333333335 0.008333333333333333
0 0.835 0.445 0.004166666666666667 0.008333333333333333
4 0.7733333333333333 0.445 0.0033333333333333335 0.006666666666666667
4 0.42583333333333334 0.45 0.0033333333333333335 0.005833333333333334
0 0.9083333333333333 0.4483333333333333 0.005 0.009166666666666667
0 0.12083333333333333 0.4666666666666667 0.005833333333333334 0.01
0 0.11416666666666667 0.46166666666666667 0.005833333333333334 0.0075
0 0.15 0.4633333333333333 0.005 0.01
0 0.16416666666666666 0.4608333333333333 0.004166666666666667 0.009166666666666667
0 0.1725 0.4608333333333333 0.004166666666666667 0.009166666666666667
0 0.7916666666666666 0.4483333333333333 0.0033333333333333335 0.008333333333333333
0 0.7883333333333333 0.4475 0.0033333333333333335 0.006666666666666667
0 0.1375 0.4575 0.0025 0.005
4 0.1525 0.4583333333333333 0.0033333333333333335 0.005833333333333334
4 0.15916666666666668 0.46 0.0033333333333333335 0.0075
0 0.18333333333333332 0.45666666666666667 0.0033333333333333335 0.005
4 0.19 0.4575 0.0033333333333333335 0.005833333333333334
4 0.20166666666666666 0.45916666666666667 0.004166666666666667 0.0075
4 0.23666666666666666 0.45916666666666667 0.0033333333333333335 0.009166666666666667
4 0.2708333333333333 0.455 0.0025 0.005
4 0.2941666666666667 0.45416666666666666 0.0025 0.005833333333333334
0 0.2966666666666667 0.4533333333333333 0.0025 0.005
0 0.3225 0.4533333333333333 0.0025 0.004166666666666667
4 0.33166666666666667 0.4533333333333333 0.0025 0.005833333333333334
0 0.3541666666666667 0.4525 0.0025 0.005
4 0.36666666666666664 0.4525 0.0033333333333333335 0.005833333333333334
0 0.4 0.4508333333333333 0.0025 0.005
0 0.445 0.44916666666666666 0.0033333333333333335 0.005
4 0.4725 0.4483333333333333 0.0025 0.005
0 0.4825 0.4483333333333333 0.0025 0.004166666666666667
4 0.5033333333333333 0.4483333333333333 0.0025 0.005
0 0.5108333333333334 0.4475 0.0016666666666666668 0.005
0 0.5408333333333334 0.44666666666666666 0.0025 0.005
0 0.5608333333333333 0.44583333333333336 0.0025 0.004166666666666667
4 0.5691666666666667 0.44583333333333336 0.0025 0.005
0 0.5833333333333334 0.445 0.0025 0.004166666666666667
4 0.5891666666666666 0.445 0.0025 0.005
4 0.6083333333333333 0.445 0.0025 0.005
1 0.605 0.44333333333333336 0.0016666666666666668 0.005
0 0.6183333333333333 0.44416666666666665 0.0025 0.004166666666666667
1 0.6216666666666667 0.44333333333333336 0.0016666666666666668 0.005
0 0.6358333333333334 0.44333333333333336 0.0025 0.005
0 0.6575 0.44333333333333336 0.0025 0.004166666666666667
4 0.6533333333333333 0.44333333333333336 0.0025 0.005
4 0.6716666666666666 0.44333333333333336 0.0025 0.005
0 0.6825 0.4425 0.0016666666666666668 0.004166666666666667
4 0.6941666666666667 0.44333333333333336 0.0016666666666666668 0.004166666666666667
0 0.705 0.4425 0.0025 0.004166666666666667
4 0.715 0.4425 0.0025 0.005
0 0.8016666666666666 0.44666666666666666 0.0025 0.006666666666666667
4 0.81 0.4425 0.0033333333333333335 0.005
4 0.7791666666666667 0.44166666666666665 0.0025 0.005
0 0.8433333333333334 0.44416666666666665 0.0033333333333333335 0.006666666666666667
0 0.825 0.44083333333333335 0.0025 0.005
0 0.8383333333333334 0.44083333333333335 0.0016666666666666668 0.005
0 0.8475 0.4425 0.0025 0.005833333333333334
0 0.85 0.4425 0.0025 0.005833333333333334
0 0.8541666666666666 0.44083333333333335 0.0016666666666666668 0.005
0 0.8566666666666667 0.44166666666666665 0.0025 0.005
0 0.8633333333333333 0.44166666666666665 0.0033333333333333335 0.005
4 0.7591666666666667 0.44166666666666665 0.0025 0.005
0 0.0725 0.4608333333333333 0.005833333333333334 0.01
0 0.0925 0.4583333333333333 0.004166666666666667 0.009166666666666667