0 0.10833333333333334 0.6125 0.0425 0.06583333333333333
0 0.27666666666666667 0.5225 0.016666666666666666 0.03166666666666667
0 0.32166666666666666 0.5 0.0125 0.0225
0 0.3675 0.4816666666666667 0.008333333333333333 0.015833333333333335
0 0.4091666666666667 0.4716666666666667 0.0075 0.0125
0 0.43916666666666665 0.4658333333333333 0.006666666666666667 0.011666666666666667
0 0.4791666666666667 0.46 0.005833333333333334 0.01
0 0.5108333333333334 0.4558333333333333 0.005 0.009166666666666667
0 0.62 0.44916666666666666 0.0033333333333333335 0.0075
0 0.5616666666666666 0.4525 0.005 0.008333333333333333
0 0.6608333333333334 0.4475 0.004166666666666667 0.008333333333333333
0 0.7041666666666667 0.44666666666666666 0.005833333333333334 0.009166666666666667
4 0.6558333333333334 0.4508333333333333 0.004166666666666667 0.009166666666666667
4 0.595 0.4533333333333333 0.005 0.01
4 0.5508333333333333 0.45666666666666667 0.005 0.010833333333333334
4 0.5216666666666666 0.46166666666666667 0.005833333333333334 0.011666666666666667
4 0.49166666666666664 0.4708333333333333 0.005833333333333334 0.014166666666666666
4 0.4775 0.48 0.0075 0.0175
4 0.48083333333333333 0.5 0.011666666666666667 0.024166666666666666
4 0.5416666666666666 0.5441666666666667 0.024166666666666666 0.045
4 0.7208333333333333 0.45 0.005833333333333334 0.010833333333333334
4 0.7683333333333333 0.45 0.006666666666666667 0.0125
0 0.7583333333333333 0.44583333333333336 0.005833333333333334 0.009166666666666667
0 0.8375 0.44583333333333336 0.006666666666666667 0.010833333333333334
4 0.9241666666666667 0.45166666666666666 0.01 0.015