0 0.18083333333333335 0.5675 0.0325 0.04666666666666667
0 0.30833333333333335 0.5166666666666667 0.0175 0.029166666666666667
0 0.4033333333333333 0.49583333333333335 0.0125 0.023333333333333334
0 0.4875 0.4825 0.011666666666666667 0.020833333333333332
0 0.575 0.4741666666666667 0.011666666666666667 0.019166666666666665
0 0.6883333333333334 0.4683333333333333 0.010833333333333334 0.018333333333333333
0 0.7983333333333333 0.4533333333333333 0.01 0.018333333333333333
0 0.8225 0.44666666666666666 0.006666666666666667 0.0125
0 0.8666666666666667 0.4425 0.005833333333333334 0.011666666666666667
4 0.9233333333333333 0.45166666666666666 0.01 0.015833333333333335
4 0.9241666666666667 0.47333333333333333 0.016666666666666666 0.025833333333333333
4 0.675 0.6333333333333333 0.051666666666666666 0.09083333333333334
4 0.51 0.5391666666666667 0.0225 0.045