4 0.8966666666666666 0.5841666666666666 0.0525 0.07083333333333333
4 0.8916666666666667 0.5158333333333334 0.028333333333333332 0.043333333333333335
4 0.9133333333333333 0.48833333333333334 0.02 0.034166666666666665
0 0.8658333333333333 0.4483333333333333 0.008333333333333333 0.015
0 0.8283333333333334 0.45416666666666666 0.009166666666666667 0.016666666666666666
0 0.7716666666666666 0.46166666666666667 0.009166666666666667 0.018333333333333333
0 0.6925 0.4741666666666667 0.011666666666666667 0.0225
0 0.61 0.49416666666666664 0.016666666666666666 0.028333333333333332
0 0.4241666666666667 0.5466666666666666 0.029166666666666667 0.04833333333333333
0 0.9325 0.445 0.0075 0.015
0 0.5158333333333334 0.4483333333333333 0.0033333333333333335 0.006666666666666667
0 0.5175 0.4483333333333333 0.0025 0.005
0 0.5275 0.44666666666666666 0.0033333333333333335 0.005833333333333334
0 0.5408333333333334 0.4475 0.0033333333333333335 0.008333333333333333
4 0.56 0.44666666666666666 0.0033333333333333335 0.0075
4 0.5658333333333333 0.44583333333333336 0.0033333333333333335 0.0075
4 0.5783333333333334 0.44583333333333336 0.0033333333333333335 0.009166666666666667
0 0.5758333333333333 0.44666666666666666 0.004166666666666667 0.009166666666666667
4 0.5908333333333333 0.445 0.0033333333333333335 0.006666666666666667
0 0.6033333333333334 0.44333333333333336 0.0033333333333333335 0.005833333333333334
4 0.615 0.44333333333333336 0.0033333333333333335 0.006666666666666667
4 0.6208333333333333 0.445 0.0033333333333333335 0.008333333333333333
0 0.6266666666666667 0.44666666666666666 0.004166666666666667 0.009166666666666667
0 0.6558333333333334 0.44083333333333335 0.0025 0.005833333333333334
0 0.675 0.445 0.004166666666666667 0.009166666666666667
4 0.67 0.44083333333333335 0.0033333333333333335 0.006666666666666667
4 0.6933333333333334 0.4425 0.005833333333333334 0.009166666666666667
0 0.7041666666666667 0.43916666666666665 0.0033333333333333335 0.005
4 0.7233333333333334 0.43833333333333335 0.0033333333333333335 0.006666666666666667
0 0.7383333333333333 0.4425 0.005 0.009166666666666667
4 0.7433333333333333 0.44166666666666665 0.004166666666666667 0.009166666666666667
0 0.745 0.4375 0.0033333333333333335 0.005
4 0.7666666666666667 0.43666666666666665 0.0033333333333333335 0.005833333333333334
0 0.7883333333333333 0.43583333333333335 0.0033333333333333335 0.005833333333333334
4 0.81 0.43916666666666665 0.004166666666666667 0.009166666666666667
4 0.8158333333333333 0.43416666666666665 0.0033333333333333335 0.006666666666666667
0 0.8166666666666667 0.43916666666666665 0.005 0.009166666666666667
0 0.825 0.43416666666666665 0.0025 0.005
4 0.8483333333333334 0.4325 0.0033333333333333335 0.0075
0 0.8658333333333333 0.4325 0.0025 0.005833333333333334
0 0.8683333333333333 0.43666666666666665 0.005 0.009166666666666667
4 0.8741666666666666 0.435 0.005 0.009166666666666667
4 0.8933333333333333 0.43083333333333335 0.004166666666666667 0.006666666666666667
0 0.9083333333333333 0.43 0.0033333333333333335 0.005833333333333334