4 0.25916666666666666 0.46 0.0725 0.11916666666666667
4 0.7741666666666667 0.17 0.006666666666666667 0.015833333333333335
4 0.6891666666666667 0.17333333333333334 0.006666666666666667 0.015
4 0.6233333333333333 0.17583333333333334 0.006666666666666667 0.0125
4 0.5458333333333333 0.17666666666666667 0.006666666666666667 0.011666666666666667
0 0.7408333333333333 0.1675 0.005 0.011666666666666667
0 0.6541666666666667 0.17 0.004166666666666667 0.010833333333333334
0 0.5666666666666667 0.1725 0.005 0.011666666666666667
4 0.45916666666666667 0.17833333333333334 0.005833333333333334 0.011666666666666667
4 0.38083333333333336 0.1825 0.005833333333333334 0.010833333333333334
4 0.345 0.18416666666666667 0.004166666666666667 0.008333333333333333
4 0.3383333333333333 0.1825 0.004166666666666667 0.009166666666666667
0 0.42916666666666664 0.17666666666666667 0.004166666666666667 0.009166666666666667
0 0.38916666666666666 0.175 0.0033333333333333335 0.0075
0 0.4041666666666667 0.175 0.0033333333333333335 0.008333333333333333
0 0.4116666666666667 0.17833333333333334 0.0033333333333333335 0.0075
4 0.22833333333333333 0.18583333333333332 0.005 0.0075
4 0.2725 0.18333333333333332 0.004166666666666667 0.009166666666666667
4 0.31166666666666665 0.18083333333333335 0.004166666666666667 0.008333333333333333
0 0.25833333333333336 0.18333333333333332 0.0033333333333333335 0.005
0 0.30666666666666664 0.18 0.0033333333333333335 0.005833333333333334
0 0.3491666666666667 0.1775 0.0033333333333333335 0.005833333333333334
0 0.4891666666666667 0.175 0.0033333333333333335 0.006666666666666667
4 0.8808333333333334 0.16666666666666666 0.009166666666666667 0.015833333333333335
4 0.18833333333333332 0.18916666666666668 0.004166666666666667 0.0075