0 0.3358333333333333 0.5858333333333333 0.03666666666666667 0.059166666666666666
0 0.4216666666666667 0.53 0.0225 0.035
0 0.4533333333333333 0.505 0.015833333333333335 0.025833333333333333
0 0.49166666666666664 0.4841666666666667 0.01 0.018333333333333333
0 0.5258333333333334 0.4766666666666667 0.0075 0.015
0 0.5116666666666667 0.465 0.005833333333333334 0.010833333333333334
0 0.465 0.4683333333333333 0.005833333333333334 0.011666666666666667
0 0.42 0.475 0.006666666666666667 0.011666666666666667
0 0.5516666666666666 0.4708333333333333 0.006666666666666667 0.013333333333333334
0 0.5641666666666667 0.4658333333333333 0.005833333333333334 0.011666666666666667
4 0.5358333333333334 0.46 0.004166666666666667 0.01
4 0.5416666666666666 0.45416666666666666 0.0033333333333333335 0.0075
4 0.5875 0.4575 0.005833333333333334 0.01
4 0.5833333333333334 0.4525 0.005 0.01
0 0.5716666666666667 0.45166666666666666 0.0025 0.0075
4 0.4008333333333333 0.4725 0.005 0.010833333333333334
4 0.34833333333333333 0.47833333333333333 0.006666666666666667 0.0125
0 0.3375 0.4866666666666667 0.008333333333333333 0.015
0 0.21 0.5041666666666667 0.011666666666666667 0.019166666666666665
4 0.24916666666666668 0.49 0.008333333333333333 0.015
4 0.10083333333333333 0.5108333333333334 0.014166666666666666 0.019166666666666665
4 0.6416666666666667 0.4575 0.005833333333333334 0.010833333333333334
4 0.6333333333333333 0.45 0.004166666666666667 0.008333333333333333
4 0.6616666666666666 0.4608333333333333 0.005 0.0125
4 0.6708333333333333 0.465 0.008333333333333333 0.015833333333333335
4 0.6591666666666667 0.4716666666666667 0.009166666666666667 0.0175
4 0.6441666666666667 0.48 0.01 0.02
4 0.65 0.5 0.014166666666666666 0.0275
4 0.7341666666666666 0.5366666666666666 0.03 0.0475
4 0.6941666666666667 0.4483333333333333 0.004166666666666667 0.009166666666666667
4 0.7425 0.4475 0.005833333333333334 0.008333333333333333
4 0.9033333333333333 0.435 0.005 0.008333333333333333
4 0.8558333333333333 0.43666666666666665 0.004166666666666667 0.008333333333333333
4 0.8191666666666667 0.4375 0.0033333333333333335 0.0075
0 0.09083333333333334 0.49 0.005 0.009166666666666667
0 0.18166666666666667 0.4816666666666667 0.004166666666666667 0.008333333333333333
0 0.23916666666666667 0.4766666666666667 0.004166666666666667 0.006666666666666667
0 0.29083333333333333 0.4716666666666667 0.0025 0.005833333333333334
0 0.33416666666666667 0.4666666666666667 0.0033333333333333335 0.005833333333333334
0 0.36916666666666664 0.4633333333333333 0.0016666666666666668 0.005
0 0.935 0.43166666666666664 0.0033333333333333335 0.006666666666666667
0 0.9133333333333333 0.43333333333333335 0.0025 0.005833333333333334
0 0.89 0.43416666666666665 0.0033333333333333335 0.006666666666666667
0 0.85 0.43583333333333335 0.0033333333333333335 0.006666666666666667
0 0.8016666666666666 0.4375 0.0025 0.005
0 0.7208333333333333 0.44166666666666665 0.0025 0.005
0 0.7116666666666667 0.445 0.0025 0.006666666666666667
0 0.7058333333333333 0.44583333333333336 0.0033333333333333335 0.0075
0 0.675 0.44666666666666666 0.0033333333333333335 0.008333333333333333
0 0.5991666666666666 0.45 0.0033333333333333335 0.0075
0 0.5533333333333333 0.4625 0.005833333333333334 0.011666666666666667
0 0.5591666666666667 0.45166666666666666 0.0025 0.006666666666666667
4 0.12416666666666666 0.48833333333333334 0.005833333333333334 0.009166666666666667
4 0.21583333333333332 0.48 0.005 0.009166666666666667
4 0.2633333333333333 0.475 0.0033333333333333335 0.008333333333333333
4 0.31666666666666665 0.4691666666666667 0.0033333333333333335 0.0075
4 0.36083333333333334 0.4658333333333333 0.0033333333333333335 0.006666666666666667
4 0.39916666666666667 0.46166666666666667 0.0025 0.006666666666666667
4 0.4708333333333333 0.46416666666666667 0.004166666666666667 0.01
4 0.5175 0.455 0.0025 0.005833333333333334
4 0.52 0.4533333333333333 0.0025 0.005833333333333334
4 0.7566666666666667 0.44083333333333335 0.0033333333333333335 0.006666666666666667
4 0.7608333333333334 0.44083333333333335 0.0025 0.005
4 0.7625 0.44166666666666665 0.0033333333333333335 0.008333333333333333
4 0.7708333333333334 0.445 0.004166666666666667 0.0075
0 0.7683333333333333 0.43916666666666665 0.0025 0.005
0 0.7416666666666667 0.44083333333333335 0.0025 0.005
0 0.6358333333333334 0.4483333333333333 0.0025 0.0075
0 0.5575 0.4508333333333333 0.0016666666666666668 0.005
0 0.555 0.4508333333333333 0.0025 0.005
0 0.5458333333333333 0.4508333333333333 0.0016666666666666668 0.004166666666666667
0 0.3958333333333333 0.4608333333333333 0.0016666666666666668 0.005
0 0.4191666666666667 0.45916666666666667 0.0016666666666666668 0.005
0 0.44083333333333335 0.4575 0.0016666666666666668 0.005
0 0.49166666666666664 0.4533333333333333 0.0016666666666666668 0.005
0 0.5091666666666667 0.45166666666666666 0.0016666666666666668 0.005
0 0.5283333333333333 0.45166666666666666 0.0025 0.004166666666666667
4 0.7841666666666667 0.43916666666666665 0.0025 0.006666666666666667
4 0.7716666666666666 0.44166666666666665 0.0025 0.005
0 0.7108333333333333 0.44333333333333336 0.0016666666666666668 0.005833333333333334
4 0.515 0.45416666666666666 0.0025 0.006666666666666667
4 0.5058333333333334 0.4525 0.0016666666666666668 0.005
4 0.48833333333333334 0.45416666666666666 0.0025 0.005
4 0.46416666666666667 0.455 0.0025 0.005
4 0.44333333333333336 0.4575 0.0025 0.005833333333333334
4 0.42333333333333334 0.45916666666666667 0.0025 0.005
0 0.5525 0.4508333333333333 0.0016666666666666668 0.004166666666666667
0 0.4666666666666667 0.455 0.0016666666666666668 0.004166666666666667