0 0.2575 0.5808333333333333 0.034166666666666665 0.05333333333333334
0 0.315 0.5091666666666667 0.014166666666666666 0.024166666666666666
0 0.3333333333333333 0.48833333333333334 0.0075 0.015833333333333335
0 0.3408333333333333 0.47833333333333333 0.006666666666666667 0.0125
4 0.5416666666666666 0.5158333333333334 0.019166666666666665 0.034166666666666665
4 0.4658333333333333 0.4866666666666667 0.01 0.019166666666666665
4 0.4425 0.4766666666666667 0.0075 0.015
4 0.43166666666666664 0.4725 0.005833333333333334 0.0125
4 0.4225 0.4675 0.004166666666666667 0.01
4 0.415 0.465 0.004166666666666667 0.009166666666666667
0 0.3458333333333333 0.4716666666666667 0.005833333333333334 0.01
0 0.3491666666666667 0.4675 0.004166666666666667 0.01
0 0.3516666666666667 0.4658333333333333 0.0033333333333333335 0.008333333333333333
0 0.3675 0.4583333333333333 0.0033333333333333335 0.005833333333333334
0 0.38166666666666665 0.45666666666666667 0.0033333333333333335 0.006666666666666667
0 0.4191666666666667 0.4533333333333333 0.0025 0.005
4 0.4275 0.4533333333333333 0.0025 0.005
4 0.4083333333333333 0.4625 0.0033333333333333335 0.009166666666666667
4 0.405 0.4608333333333333 0.0033333333333333335 0.008333333333333333
2 0.355 0.4608333333333333 0.005833333333333334 0.011666666666666667
4 0.8808333333333334 0.4325 0.004166666666666667 0.005833333333333334
4 0.8458333333333333 0.43666666666666665 0.004166666666666667 0.009166666666666667
4 0.8425 0.43416666666666665 0.0033333333333333335 0.006666666666666667
0 0.8725 0.43416666666666665 0.005 0.008333333333333333
0 0.8591666666666666 0.43333333333333335 0.0033333333333333335 0.006666666666666667
0 0.835 0.43416666666666665 0.004166666666666667 0.008333333333333333
0 0.7958333333333333 0.435 0.0033333333333333335 0.005
0 0.8291666666666667 0.43416666666666665 0.004166666666666667 0.006666666666666667
4 0.8058333333333333 0.4375 0.004166666666666667 0.008333333333333333
4 0.8233333333333334 0.43416666666666665 0.0033333333333333335 0.005833333333333334
4 0.815 0.43416666666666665 0.0025 0.005
4 0.8016666666666666 0.435 0.0033333333333333335 0.005
4 0.805 0.43416666666666665 0.0033333333333333335 0.005
4 0.7575 0.43916666666666665 0.0033333333333333335 0.008333333333333333
0 0.7816666666666666 0.43666666666666665 0.0033333333333333335 0.0075
0 0.7491666666666666 0.4375 0.0033333333333333335 0.006666666666666667
0 0.7716666666666666 0.43583333333333335 0.0033333333333333335 0.005833333333333334
0 0.7691666666666667 0.43583333333333335 0.0025 0.005833333333333334
0 0.7216666666666667 0.43916666666666665 0.0033333333333333335 0.005833333333333334
0 0.6958333333333333 0.43916666666666665 0.0025 0.005
4 0.7141666666666666 0.44083333333333335 0.0033333333333333335 0.006666666666666667
4 0.6783333333333333 0.44166666666666665 0.0033333333333333335 0.006666666666666667
0 0.6758333333333333 0.44 0.0025 0.006666666666666667
0 0.6458333333333334 0.44083333333333335 0.0025 0.005
4 0.6491666666666667 0.4425 0.0025 0.006666666666666667
4 0.6258333333333334 0.4425 0.0025 0.005833333333333334
4 0.5991666666666666 0.4425 0.0025 0.005833333333333334
0 0.6191666666666666 0.44083333333333335 0.0025 0.005
4 0.5683333333333334 0.44416666666666665 0.0025 0.005833333333333334
4 0.525 0.44666666666666666 0.0025 0.005
0 0.5316666666666666 0.445 0.0025 0.004166666666666667
4 0.4766666666666667 0.44916666666666666 0.0025 0.005
4 0.4475 0.45166666666666666 0.0025 0.005
0 0.3958333333333333 0.45416666666666666 0.0025 0.005
2 0.4041666666666667 0.4583333333333333 0.0033333333333333335 0.010833333333333334
0 0.5891666666666666 0.4425 0.0025 0.005
0 0.5625 0.44416666666666665 0.0016666666666666668 0.004166666666666667
4 0.5466666666666666 0.44583333333333336 0.0025 0.005833333333333334