0 0.38666666666666666 0.5775 0.0375 0.060833333333333336
0 0.42583333333333334 0.5125 0.019166666666666665 0.034166666666666665
0 0.3883333333333333 0.48 0.010833333333333334 0.019166666666666665
0 0.365 0.4658333333333333 0.006666666666666667 0.013333333333333334
0 0.35333333333333333 0.4583333333333333 0.005833333333333334 0.01
0 0.3475 0.45416666666666666 0.004166666666666667 0.009166666666666667
0 0.3416666666666667 0.4508333333333333 0.0033333333333333335 0.008333333333333333
0 0.3383333333333333 0.4483333333333333 0.0033333333333333335 0.008333333333333333
1 0.335 0.44416666666666665 0.0025 0.009166666666666667
4 0.7766666666666666 0.5258333333333334 0.0275 0.04083333333333333
4 0.6191666666666666 0.4925 0.0125 0.02666666666666667
4 0.49666666666666665 0.4666666666666667 0.008333333333333333 0.015833333333333335
4 0.4483333333333333 0.4583333333333333 0.005833333333333334 0.0125
4 0.42583333333333334 0.455 0.005 0.009166666666666667
4 0.41333333333333333 0.45166666666666666 0.004166666666666667 0.009166666666666667
4 0.3933333333333333 0.4475 0.004166666666666667 0.008333333333333333
4 0.3858333333333333 0.44666666666666666 0.0033333333333333335 0.0075
4 0.38083333333333336 0.445 0.0033333333333333335 0.006666666666666667
1 0.3775 0.4425 0.0025 0.008333333333333333
0 0.3491666666666667 0.44166666666666665 0.0025 0.005
0 0.3616666666666667 0.44083333333333335 0.0025 0.005
0 0.8441666666666666 0.43916666666666665 0.0033333333333333335 0.005833333333333334
0 0.8216666666666667 0.43916666666666665 0.0033333333333333335 0.006666666666666667
0 0.8108333333333333 0.43833333333333335 0.0033333333333333335 0.006666666666666667
4 0.9116666666666666 0.43916666666666665 0.004166666666666667 0.006666666666666667
4 0.8941666666666667 0.43916666666666665 0.005 0.0075
4 0.8691666666666666 0.43916666666666665 0.0033333333333333335 0.006666666666666667
4 0.7958333333333333 0.43833333333333335 0.0033333333333333335 0.005833333333333334
4 0.7483333333333333 0.44 0.0033333333333333335 0.0075
4 0.8375 0.44 0.0033333333333333335 0.009166666666666667
4 0.7341666666666666 0.43833333333333335 0.0025 0.005833333333333334
4 0.6641666666666667 0.43833333333333335 0.0025 0.005
4 0.6316666666666667 0.43833333333333335 0.0025 0.005
4 0.6966666666666667 0.43916666666666665 0.0025 0.005833333333333334
4 0.7216666666666667 0.44 0.0025 0.005
4 0.5825 0.4375 0.0025 0.005
4 0.6041666666666666 0.43833333333333335 0.0025 0.005
4 0.5141666666666667 0.43666666666666665 0.0016666666666666668 0.005
4 0.3908333333333333 0.44 0.0025 0.005
4 0.4075 0.43916666666666665 0.0025 0.005
4 0.43416666666666665 0.43916666666666665 0.0016666666666666668 0.005
4 0.455 0.43833333333333335 0.0025 0.005
4 0.4766666666666667 0.4375 0.0025 0.005
0 0.4825 0.43666666666666665 0.0025 0.005
4 0.49666666666666665 0.4375 0.0025 0.005
0 0.51 0.43666666666666665 0.0025 0.005
0 0.5325 0.43666666666666665 0.0025 0.004166666666666667
4 0.5408333333333334 0.4375 0.0025 0.005
0 0.5583333333333333 0.43666666666666665 0.0025 0.005
4 0.5633333333333334 0.4375 0.0025 0.005833333333333334
0 0.5808333333333333 0.43666666666666665 0.0016666666666666668 0.005
0 0.62 0.43666666666666665 0.0025 0.005
0 0.64 0.4375 0.0025 0.005
0 0.6608333333333334 0.4375 0.0025 0.005833333333333334
0 0.6841666666666667 0.4375 0.0025 0.005
0 0.69 0.4375 0.0025 0.004166666666666667
0 0.7008333333333333 0.43666666666666665 0.0016666666666666668 0.0033333333333333335
0 0.7433333333333333 0.43833333333333335 0.0033333333333333335 0.006666666666666667
0 0.7633333333333333 0.43916666666666665 0.0025 0.005833333333333334
0 0.7725 0.43833333333333335 0.0025 0.005
4 0.7691666666666667 0.43833333333333335 0.0025 0.005
4 0.7608333333333334 0.43833333333333335 0.0016666666666666668 0.005
0 0.7783333333333333 0.43833333333333335 0.0025 0.005
4 0.7908333333333334 0.44083333333333335 0.004166666666666667 0.006666666666666667
0 0.8083333333333333 0.43916666666666665 0.0025 0.005
0 0.8541666666666666 0.43916666666666665 0.0025 0.005
4 0.8875 0.43916666666666665 0.0025 0.005
0 0.9058333333333334 0.43916666666666665 0.0025 0.005
0 0.7191666666666666 0.43833333333333335 0.0025 0.005833333333333334