4 0.09583333333333334 0.49583333333333335 0.0625 0.13083333333333333
4 0.8625 0.17416666666666666 0.010833333333333334 0.0175
4 0.7725 0.175 0.008333333333333333 0.015833333333333335
4 0.6983333333333334 0.175 0.0075 0.014166666666666666
4 0.5866666666666667 0.17583333333333334 0.006666666666666667 0.0125
4 0.5491666666666667 0.17666666666666667 0.005 0.010833333333333334
4 0.505 0.17583333333333334 0.005833333333333334 0.010833333333333334
4 0.45666666666666667 0.17583333333333334 0.005833333333333334 0.009166666666666667
0 0.895 0.16583333333333333 0.008333333333333333 0.015
0 0.7958333333333333 0.16916666666666666 0.005833333333333334 0.0125
0 0.7275 0.17083333333333334 0.004166666666666667 0.011666666666666667
0 0.6525 0.17083333333333334 0.005 0.0125
0 0.5983333333333334 0.17166666666666666 0.005 0.01
0 0.49666666666666665 0.17166666666666666 0.004166666666666667 0.008333333333333333
0 0.5441666666666667 0.17166666666666666 0.004166666666666667 0.009166666666666667
0 0.4633333333333333 0.17333333333333334 0.0033333333333333335 0.006666666666666667
0 0.45666666666666667 0.1725 0.0025 0.0075
0 0.4666666666666667 0.17 0.0025 0.005
0 0.4633333333333333 0.17083333333333334 0.0025 0.005
0 0.43416666666666665 0.16916666666666666 0.0025 0.005
0 0.4008333333333333 0.17083333333333334 0.0016666666666666668 0.005
0 0.3625 0.17333333333333334 0.0016666666666666668 0.005
0 0.32083333333333336 0.175 0.0016666666666666668 0.005
4 0.33166666666666667 0.175 0.0025 0.0075
4 0.36666666666666664 0.17333333333333334 0.0033333333333333335 0.0075
4 0.3925 0.17666666666666667 0.0025 0.008333333333333333
4 0.39666666666666667 0.175 0.0025 0.008333333333333333
4 0.4116666666666667 0.17666666666666667 0.0033333333333333335 0.008333333333333333
4 0.41 0.17333333333333334 0.0025 0.006666666666666667
4 0.41833333333333333 0.17166666666666666 0.0033333333333333335 0.0075
0 0.46166666666666667 0.1675 0.0025 0.005