0 0.17583333333333334 0.6408333333333334 0.06 0.0875
0 0.49333333333333335 0.5466666666666666 0.028333333333333332 0.04833333333333333
0 0.7233333333333334 0.5133333333333333 0.023333333333333334 0.035833333333333335
0 0.7258333333333333 0.46166666666666667 0.0075 0.013333333333333334
0 0.7525 0.45166666666666666 0.006666666666666667 0.0125
0 0.765 0.4708333333333333 0.010833333333333334 0.02
0 0.8191666666666667 0.45 0.005833333333333334 0.011666666666666667
0 0.9058333333333334 0.44916666666666666 0.004166666666666667 0.0125
4 0.9 0.4675 0.0075 0.018333333333333333
4 0.9233333333333333 0.455 0.004166666666666667 0.0125
0 0.7283333333333334 0.455 0.005833333333333334 0.0125