4 0.7233333333333334 0.48333333333333334 0.011666666666666667 0.024166666666666666
4 0.7308333333333333 0.5116666666666667 0.019166666666666665 0.034166666666666665
4 0.7858333333333334 0.47333333333333333 0.013333333333333334 0.02
4 0.9083333333333333 0.4683333333333333 0.0125 0.02
4 0.8466666666666667 0.6058333333333333 0.05416666666666667 0.0775
0 0.8258333333333333 0.4583333333333333 0.009166666666666667 0.014166666666666666
0 0.7275 0.4608333333333333 0.0075 0.014166666666666666
0 0.6341666666666667 0.465 0.008333333333333333 0.015833333333333335
0 0.5616666666666666 0.47583333333333333 0.009166666666666667 0.02
0 0.49583333333333335 0.49916666666666665 0.016666666666666666 0.029166666666666667
0 0.35 0.5725 0.03666666666666667 0.0575
0 0.9233333333333333 0.4575 0.009166666666666667 0.015