4 0.2825 0.28 0.009166666666666667 0.016666666666666666
0 0.31666666666666665 0.29083333333333333 0.0125 0.020833333333333332
4 0.35083333333333333 0.2725 0.0075 0.015
1 0.3858333333333333 0.2633333333333333 0.008333333333333333 0.02
4 0.4041666666666667 0.2633333333333333 0.006666666666666667 0.0125
0 0.4166666666666667 0.28 0.008333333333333333 0.015833333333333335
4 0.4375 0.25833333333333336 0.0033333333333333335 0.009166666666666667
0 0.4483333333333333 0.27166666666666667 0.006666666666666667 0.014166666666666666
4 0.45916666666666667 0.25416666666666665 0.004166666666666667 0.009166666666666667
1 0.46416666666666667 0.2625 0.0075 0.02
4 0.4741666666666667 0.2525 0.0033333333333333335 0.0075
0 0.48333333333333334 0.2608333333333333 0.006666666666666667 0.011666666666666667
0 0.5025 0.255 0.005 0.009166666666666667
0 0.5133333333333333 0.25333333333333335 0.0033333333333333335 0.009166666666666667
0 0.51 0.26416666666666666 0.005833333333333334 0.0125
0 0.52 0.25166666666666665 0.004166666666666667 0.008333333333333333
0 0.5208333333333334 0.26 0.006666666666666667 0.0125
0 0.5391666666666667 0.2683333333333333 0.0075 0.013333333333333334
0 0.5383333333333333 0.25583333333333336 0.005833333333333334 0.009166666666666667
0 0.5508333333333333 0.25416666666666665 0.004166666666666667 0.01
0 0.5583333333333333 0.25333333333333335 0.004166666666666667 0.009166666666666667
0 0.5691666666666667 0.25166666666666665 0.0025 0.008333333333333333
2 0.5733333333333334 0.25083333333333335 0.0033333333333333335 0.009166666666666667
2 0.5766666666666667 0.25 0.0025 0.0075
2 0.5825 0.24916666666666668 0.0025 0.0075
2 0.6208333333333333 0.24833333333333332 0.0025 0.0075
2 0.6166666666666667 0.24916666666666668 0.0025 0.008333333333333333
2 0.6133333333333333 0.25 0.0025 0.009166666666666667
2 0.61 0.25083333333333335 0.0025 0.009166666666666667
2 0.6008333333333333 0.24833333333333332 0.0025 0.005833333333333334
4 0.6041666666666666 0.25166666666666665 0.0016666666666666668 0.008333333333333333
4 0.6025 0.255 0.0016666666666666668 0.0075
4 0.5983333333333334 0.2608333333333333 0.005833333333333334 0.014166666666666666
0 0.5941666666666666 0.2725 0.0075 0.015833333333333335
4 0.6266666666666667 0.26416666666666666 0.005833333333333334 0.013333333333333334
4 0.6916666666666667 0.2675 0.0075 0.016666666666666666
0 0.675 0.2783333333333333 0.010833333333333334 0.02
4 0.7583333333333333 0.27166666666666667 0.008333333333333333 0.02
4 0.9025 0.2775 0.015833333333333335 0.023333333333333334
0 0.7683333333333333 0.2866666666666667 0.014166666666666666 0.023333333333333334
0 0.7475 0.3825 0.0375 0.059166666666666666
0 0.8941666666666667 0.335 0.03333333333333333 0.045
0 0.9216666666666666 0.30416666666666664 0.023333333333333334 0.03166666666666667
0 0.37916666666666665 0.5175 0.0475 0.1125
4 0.3933333333333333 0.23 0.0033333333333333335 0.01
4 0.38916666666666666 0.2325 0.0025 0.009166666666666667