0 0.385 0.5375 0.023333333333333334 0.043333333333333335
0 0.43916666666666665 0.4891666666666667 0.011666666666666667 0.0225
0 0.4575 0.47333333333333333 0.008333333333333333 0.015833333333333335
0 0.4683333333333333 0.4625 0.005833333333333334 0.0125
0 0.47333333333333333 0.4583333333333333 0.004166666666666667 0.010833333333333334
0 0.47833333333333333 0.45416666666666666 0.004166666666666667 0.009166666666666667
1 0.4841666666666667 0.4483333333333333 0.005 0.013333333333333334
0 0.9191666666666667 0.44333333333333336 0.0033333333333333335 0.0075
4 0.635 0.5083333333333333 0.0175 0.03333333333333333
4 0.5891666666666666 0.4825 0.010833333333333334 0.020833333333333332
4 0.5716666666666667 0.4725 0.008333333333333333 0.0175
4 0.5491666666666667 0.45916666666666667 0.005833333333333334 0.0125
4 0.5425 0.455 0.004166666666666667 0.01
4 0.5391666666666667 0.4525 0.004166666666666667 0.008333333333333333
1 0.5366666666666666 0.4483333333333333 0.0033333333333333335 0.0125
4 0.895 0.44666666666666666 0.004166666666666667 0.009166666666666667
4 0.845 0.445 0.004166666666666667 0.0075
0 0.48583333333333334 0.44916666666666666 0.0025 0.008333333333333333
0 0.4891666666666667 0.4475 0.0033333333333333335 0.005833333333333334
0 0.49833333333333335 0.44666666666666666 0.0033333333333333335 0.005833333333333334
0 0.5133333333333333 0.445 0.0033333333333333335 0.005833333333333334
0 0.5291666666666667 0.44416666666666665 0.0025 0.005
4 0.5408333333333334 0.4475 0.0016666666666666668 0.006666666666666667
4 0.5433333333333333 0.44666666666666666 0.0025 0.0075
4 0.5508333333333333 0.445 0.0025 0.005833333333333334
4 0.5625 0.44416666666666665 0.0025 0.005833333333333334
4 0.5841666666666666 0.4425 0.0033333333333333335 0.005833333333333334
4 0.6166666666666667 0.4425 0.0033333333333333335 0.006666666666666667
4 0.6441666666666667 0.4425 0.0033333333333333335 0.006666666666666667
4 0.6733333333333333 0.4425 0.0033333333333333335 0.006666666666666667
0 0.7191666666666666 0.44166666666666665 0.0025 0.005833333333333334
4 0.7008333333333333 0.4425 0.0033333333333333335 0.005833333333333334
4 0.7275 0.4425 0.0033333333333333335 0.006666666666666667
0 0.7533333333333333 0.44166666666666665 0.0033333333333333335 0.005
4 0.77 0.44333333333333336 0.004166666666666667 0.0075
0 0.7966666666666666 0.4425 0.0033333333333333335 0.0075
4 0.8091666666666667 0.44416666666666665 0.0033333333333333335 0.0075
0 0.8358333333333333 0.4425 0.0033333333333333335 0.006666666666666667
0 0.8858333333333334 0.44333333333333336 0.0033333333333333335 0.008333333333333333
4 0.3825 0.43583333333333335 0.0025 0.005833333333333334
4 0.3858333333333333 0.43083333333333335 0.0025 0.006666666666666667