0 0.15666666666666668 0.7425 0.07583333333333334 0.13416666666666666
0 0.445 0.5416666666666666 0.023333333333333334 0.04083333333333333
0 0.5158333333333334 0.5041666666666667 0.014166666666666666 0.02666666666666667
0 0.46166666666666667 0.4675 0.005 0.009166666666666667
0 0.5408333333333334 0.48583333333333334 0.01 0.02
0 0.5941666666666666 0.47583333333333333 0.0075 0.015833333333333335
0 0.6108333333333333 0.4691666666666667 0.0075 0.014166666666666666
0 0.625 0.465 0.006666666666666667 0.0125
0 0.6325 0.4608333333333333 0.005 0.010833333333333334
0 0.6475 0.45666666666666667 0.004166666666666667 0.009166666666666667
4 0.7233333333333334 0.45916666666666667 0.005833333333333334 0.0125
4 0.7366666666666667 0.46416666666666667 0.006666666666666667 0.014166666666666666
4 0.7191666666666666 0.4866666666666667 0.011666666666666667 0.023333333333333334
4 0.7383333333333333 0.5008333333333334 0.015833333333333335 0.03
4 0.7583333333333333 0.4716666666666667 0.009166666666666667 0.018333333333333333
4 0.7933333333333333 0.5441666666666667 0.0275 0.04833333333333333
0 0.07666666666666666 0.49083333333333334 0.005 0.009166666666666667
4 0.10166666666666667 0.4925 0.0075 0.010833333333333334
4 0.12166666666666667 0.4891666666666667 0.005833333333333334 0.009166666666666667
0 0.11916666666666667 0.495 0.0075 0.0125
0 0.13083333333333333 0.48583333333333334 0.0033333333333333335 0.0075
4 0.13416666666666666 0.49166666666666664 0.0075 0.011666666666666667
4 0.17333333333333334 0.4841666666666667 0.005833333333333334 0.008333333333333333
0 0.20083333333333334 0.48 0.004166666666666667 0.006666666666666667
4 0.2175 0.48 0.004166666666666667 0.009166666666666667
4 0.21166666666666667 0.48583333333333334 0.0033333333333333335 0.010833333333333334
0 0.21583333333333332 0.4891666666666667 0.005833333333333334 0.011666666666666667
0 0.2808333333333333 0.4741666666666667 0.0033333333333333335 0.005833333333333334
0 0.29333333333333333 0.48333333333333334 0.006666666666666667 0.010833333333333334
4 0.2991666666666667 0.47333333333333333 0.0033333333333333335 0.0075
4 0.3225 0.4775 0.005833333333333334 0.01
0 0.3425 0.4683333333333333 0.0033333333333333335 0.005
4 0.36333333333333334 0.4675 0.0025 0.005833333333333334
0 0.37916666666666665 0.47583333333333333 0.005833333333333334 0.010833333333333334
4 0.38416666666666666 0.47333333333333333 0.004166666666666667 0.009166666666666667
0 0.3858333333333333 0.46416666666666667 0.0025 0.005
4 0.4075 0.4633333333333333 0.0025 0.005
0 0.4275 0.4608333333333333 0.0016666666666666668 0.005
4 0.4533333333333333 0.4666666666666667 0.0033333333333333335 0.008333333333333333
4 0.4508333333333333 0.46 0.0016666666666666668 0.005
0 0.4575 0.45916666666666667 0.0025 0.005
4 0.4766666666666667 0.4575 0.0016666666666666668 0.005
0 0.4875 0.4558333333333333 0.0016666666666666668 0.004166666666666667
4 0.505 0.4608333333333333 0.0016666666666666668 0.008333333333333333
4 0.5083333333333333 0.455 0.0025 0.005
0 0.5066666666666667 0.46416666666666667 0.004166666666666667 0.0075
0 0.5158333333333334 0.4533333333333333 0.0016666666666666668 0.005
0 0.5391666666666667 0.45166666666666666 0.0016666666666666668 0.004166666666666667
4 0.5366666666666666 0.4533333333333333 0.0025 0.005
4 0.5508333333333333 0.45666666666666667 0.0025 0.006666666666666667
0 0.5566666666666666 0.45916666666666667 0.0033333333333333335 0.008333333333333333
0 0.5591666666666667 0.4508333333333333 0.0016666666666666668 0.004166666666666667
4 0.5633333333333334 0.4508333333333333 0.0016666666666666668 0.004166666666666667
4 0.5816666666666667 0.45416666666666666 0.0033333333333333335 0.005833333333333334
4 0.5816666666666667 0.44916666666666666 0.0016666666666666668 0.005
4 0.5975 0.4475 0.0025 0.005
0 0.5941666666666666 0.4483333333333333 0.0016666666666666668 0.004166666666666667
0 0.5991666666666666 0.455 0.0025 0.006666666666666667
4 0.6275 0.45 0.0025 0.0075
0 0.6258333333333334 0.4525 0.0033333333333333335 0.0075
0 0.6383333333333333 0.445 0.0016666666666666668 0.0033333333333333335
4 0.6358333333333334 0.445 0.0016666666666666668 0.004166666666666667
4 0.6508333333333334 0.445 0.0016666666666666668 0.005
0 0.6541666666666667 0.445 0.0016666666666666668 0.004166666666666667
0 0.6666666666666666 0.4533333333333333 0.004166666666666667 0.009166666666666667
0 0.6575 0.4508333333333333 0.0033333333333333335 0.006666666666666667
4 0.6608333333333334 0.44583333333333336 0.0025 0.005
4 0.6641666666666667 0.445 0.0025 0.005
0 0.6708333333333333 0.44416666666666665 0.0025 0.004166666666666667
4 0.675 0.4483333333333333 0.0025 0.006666666666666667
4 0.6816666666666666 0.44583333333333336 0.0025 0.005833333333333334
0 0.6833333333333333 0.4525 0.004166666666666667 0.0075
0 0.6866666666666666 0.44916666666666666 0.0025 0.006666666666666667
0 0.6925 0.45 0.0033333333333333335 0.0075
0 0.6866666666666666 0.4425 0.0016666666666666668 0.005
0 0.6916666666666667 0.4425 0.0025 0.005
0 0.695 0.44333333333333336 0.0025 0.005
0 0.6966666666666667 0.44333333333333336 0.0025 0.005
0 0.7066666666666667 0.44333333333333336 0.0025 0.005
4 0.7141666666666666 0.44666666666666666 0.0025 0.006666666666666667
0 0.73 0.4425 0.0025 0.005
4 0.7325 0.455 0.0033333333333333335 0.01
4 0.7491666666666666 0.45166666666666666 0.004166666666666667 0.01
4 0.7533333333333333 0.44583333333333336 0.0033333333333333335 0.008333333333333333
4 0.7575 0.44166666666666665 0.0033333333333333335 0.006666666666666667
4 0.7641666666666667 0.4483333333333333 0.004166666666666667 0.010833333333333334
0 0.7616666666666667 0.44083333333333335 0.0033333333333333335 0.005833333333333334
0 0.7983333333333333 0.43916666666666665 0.0033333333333333335 0.005833333333333334
4 0.8108333333333333 0.44083333333333335 0.0033333333333333335 0.0075
4 0.8575 0.43916666666666665 0.0033333333333333335 0.008333333333333333
4 0.8958333333333334 0.43583333333333335 0.0025 0.006666666666666667
4 0.8925 0.43583333333333335 0.0016666666666666668 0.0075
4 0.89 0.4375 0.0033333333333333335 0.006666666666666667
0 0.9116666666666666 0.4325 0.0025 0.005
0 0.88 0.435 0.0025 0.005
0 0.8283333333333334 0.43833333333333335 0.0025 0.006666666666666667
0 0.8366666666666667 0.4375 0.0025 0.005
0 0.8416666666666667 0.43666666666666665 0.004166666666666667 0.005833333333333334
0 0.8558333333333333 0.43583333333333335 0.0016666666666666668 0.005
4 0.715 0.44333333333333336 0.0025 0.005833333333333334
4 0.615 0.44666666666666666 0.0016666666666666668 0.005
0 0.5775 0.44916666666666666 0.0016666666666666668 0.0033333333333333335
0 0.6158333333333333 0.44666666666666666 0.0016666666666666668 0.0033333333333333335