4 0.8008333333333333 0.7383333333333333 0.13916666666666666 0.2683333333333333
4 0.12333333333333334 0.5075 0.09083333333333334 0.13916666666666666
4 0.8891666666666667 0.17416666666666666 0.0125 0.02
4 0.81 0.17416666666666666 0.009166666666666667 0.016666666666666666
4 0.7458333333333333 0.17416666666666666 0.009166666666666667 0.015833333333333335
4 0.6516666666666666 0.17333333333333334 0.006666666666666667 0.014166666666666666
4 0.62 0.17333333333333334 0.006666666666666667 0.0125
4 0.5841666666666666 0.1725 0.005 0.010833333333333334
4 0.545 0.1725 0.005 0.009166666666666667
0 0.8508333333333333 0.1675 0.0075 0.014166666666666666
0 0.7891666666666667 0.16916666666666666 0.006666666666666667 0.0125
0 0.7216666666666667 0.16916666666666666 0.005833333333333334 0.0125
0 0.6741666666666667 0.16833333333333333 0.005833333333333334 0.011666666666666667
0 0.6283333333333333 0.16833333333333333 0.005 0.010833333333333334
0 0.5591666666666667 0.16833333333333333 0.004166666666666667 0.009166666666666667
0 0.5875 0.1675 0.004166666666666667 0.009166666666666667
0 0.5708333333333333 0.165 0.0033333333333333335 0.005833333333333334
0 0.565 0.16666666666666666 0.0033333333333333335 0.0075
0 0.5558333333333333 0.1675 0.0033333333333333335 0.0075
0 0.5425 0.16416666666666666 0.0025 0.005
0 0.4375 0.17 0.0025 0.005833333333333334
0 0.4008333333333333 0.1725 0.0025 0.005833333333333334
0 0.3258333333333333 0.17916666666666667 0.0025 0.005833333333333334
0 0.30333333333333334 0.18166666666666667 0.0025 0.005833333333333334
4 0.30666666666666664 0.18166666666666667 0.004166666666666667 0.009166666666666667
4 0.37 0.17666666666666667 0.0033333333333333335 0.0075
4 0.3933333333333333 0.17416666666666666 0.0033333333333333335 0.008333333333333333
4 0.4125 0.17166666666666666 0.0025 0.0075
4 0.44583333333333336 0.17 0.0025 0.006666666666666667
4 0.4925 0.17166666666666666 0.0025 0.0075
4 0.47833333333333333 0.16833333333333333 0.0033333333333333335 0.006666666666666667
4 0.49916666666666665 0.17 0.0033333333333333335 0.009166666666666667
4 0.5083333333333333 0.1725 0.004166666666666667 0.008333333333333333
4 0.525 0.16666666666666666 0.004166666666666667 0.009166666666666667
4 0.5141666666666667 0.16833333333333333 0.0033333333333333335 0.0075
4 0.19 0.18833333333333332 0.005 0.008333333333333333
4 0.23 0.18583333333333332 0.004166666666666667 0.009166666666666667
4 0.265 0.18333333333333332 0.005 0.009166666666666667
0 0.2175 0.18666666666666668 0.004166666666666667 0.0075
0 0.1775 0.18916666666666668 0.004166666666666667 0.008333333333333333
0 0.2675 0.1825 0.0033333333333333335 0.006666666666666667