4 0.8866666666666667 0.6308333333333334 0.06583333333333333 0.08833333333333333
4 0.7391666666666666 0.5158333333333334 0.020833333333333332 0.03666666666666667
4 0.7283333333333334 0.4866666666666667 0.013333333333333334 0.025833333333333333
4 0.7908333333333334 0.475 0.013333333333333334 0.020833333333333332
0 0.9275 0.4583333333333333 0.009166666666666667 0.015833333333333335
4 0.9158333333333334 0.4708333333333333 0.013333333333333334 0.02
0 0.8291666666666667 0.45916666666666667 0.008333333333333333 0.015
0 0.7283333333333334 0.46166666666666667 0.0075 0.015
0 0.6341666666666667 0.4658333333333333 0.008333333333333333 0.015833333333333335
0 0.56 0.47833333333333333 0.009166666666666667 0.02
0 0.49166666666666664 0.5025 0.018333333333333333 0.03
0 0.33 0.5883333333333334 0.04 0.065