4 0.30083333333333334 0.6691666666666667 0.11083333333333334 0.21833333333333332
4 0.145 0.4075 0.056666666666666664 0.0975
4 0.3925 0.29833333333333334 0.02666666666666667 0.051666666666666666
4 0.5475 0.25166666666666665 0.019166666666666665 0.03666666666666667
4 0.7216666666666667 0.22666666666666666 0.016666666666666666 0.0325
0 0.27166666666666667 0.2633333333333333 0.015833333333333335 0.03333333333333333
0 0.4425 0.2375 0.0125 0.028333333333333332
0 0.57 0.22166666666666668 0.011666666666666667 0.025833333333333333
0 0.6666666666666666 0.21 0.011666666666666667 0.023333333333333334
4 0.8741666666666666 0.205 0.014166666666666666 0.028333333333333332
0 0.7766666666666666 0.19333333333333333 0.010833333333333334 0.02
0 0.7441666666666666 0.2 0.011666666666666667 0.0225
0 0.7666666666666667 0.18916666666666668 0.008333333333333333 0.016666666666666666
0 0.73 0.18666666666666668 0.0075 0.015
0 0.6883333333333334 0.1875 0.006666666666666667 0.0125
4 0.83 0.1775 0.008333333333333333 0.0175
0 0.345 0.21 0.005 0.013333333333333334
0 0.6475 0.18833333333333332 0.006666666666666667 0.013333333333333334
4 0.8891666666666667 0.1775 0.010833333333333334 0.020833333333333332
0 0.5916666666666667 0.1925 0.005833333333333334 0.0125
4 0.6341666666666667 0.18833333333333332 0.004166666666666667 0.0125
4 0.7016666666666667 0.18416666666666667 0.004166666666666667 0.0125