0 0.16583333333333333 0.6991666666666667 0.0675 0.1125
0 0.3875 0.5358333333333334 0.020833333333333332 0.03916666666666667
0 0.4608333333333333 0.505 0.014166666666666666 0.0275
0 0.445 0.47583333333333333 0.0075 0.015833333333333335
0 0.375 0.4816666666666667 0.008333333333333333 0.015833333333333335
0 0.29833333333333334 0.49416666666666664 0.01 0.019166666666666665
0 0.11 0.5241666666666667 0.0175 0.0275
4 0.18583333333333332 0.49833333333333335 0.011666666666666667 0.0175
4 0.2841666666666667 0.485 0.008333333333333333 0.015
4 0.3908333333333333 0.47333333333333333 0.0075 0.0125
4 0.47833333333333333 0.4675 0.006666666666666667 0.0125
4 0.5366666666666666 0.4558333333333333 0.004166666666666667 0.009166666666666667
4 0.4866666666666667 0.4575 0.0033333333333333335 0.0075
0 0.5058333333333334 0.49083333333333334 0.0125 0.021666666666666667
0 0.5041666666666667 0.4741666666666667 0.0075 0.015833333333333335
0 0.5216666666666666 0.48 0.009166666666666667 0.0175
4 0.5483333333333333 0.4625 0.005833333333333334 0.0125
4 0.6233333333333333 0.465 0.0075 0.015
4 0.6591666666666667 0.4708333333333333 0.010833333333333334 0.015833333333333335
4 0.6891666666666667 0.4816666666666667 0.011666666666666667 0.02
4 0.6916666666666667 0.4975 0.015 0.0275
4 0.7058333333333333 0.5283333333333333 0.021666666666666667 0.04
4 0.8933333333333333 0.6708333333333333 0.07833333333333334 0.105
4 0.1125 0.48333333333333334 0.005833333333333334 0.009166666666666667
4 0.19833333333333333 0.475 0.004166666666666667 0.008333333333333333
4 0.26416666666666666 0.4691666666666667 0.0033333333333333335 0.0075
4 0.31583333333333335 0.46416666666666667 0.0033333333333333335 0.006666666666666667
4 0.3475 0.4608333333333333 0.0025 0.005
4 0.37166666666666665 0.45916666666666667 0.0025 0.005
4 0.3975 0.45666666666666667 0.0016666666666666668 0.005
4 0.4241666666666667 0.455 0.0016666666666666668 0.005
4 0.445 0.45416666666666666 0.0025 0.005
4 0.45666666666666667 0.4575 0.0025 0.006666666666666667
4 0.4608333333333333 0.455 0.0025 0.005
4 0.5991666666666666 0.4533333333333333 0.004166666666666667 0.009166666666666667
4 0.6733333333333333 0.45166666666666666 0.005 0.009166666666666667
4 0.7275 0.45 0.004166666666666667 0.009166666666666667
4 0.7291666666666666 0.44333333333333336 0.0025 0.006666666666666667
4 0.7383333333333333 0.445 0.0033333333333333335 0.006666666666666667
4 0.7566666666666667 0.4483333333333333 0.004166666666666667 0.008333333333333333
4 0.7525 0.44583333333333336 0.0025 0.006666666666666667
4 0.7908333333333334 0.44083333333333335 0.0025 0.006666666666666667
4 0.83 0.43916666666666665 0.004166666666666667 0.006666666666666667
4 0.8808333333333334 0.43916666666666665 0.0033333333333333335 0.006666666666666667
4 0.9266666666666666 0.4375 0.004166666666666667 0.0075
0 0.08166666666666667 0.4841666666666667 0.005 0.009166666666666667
0 0.165 0.4775 0.004166666666666667 0.005833333333333334
0 0.23 0.4708333333333333 0.0033333333333333335 0.006666666666666667
0 0.2783333333333333 0.4666666666666667 0.0025 0.005
0 0.42916666666666664 0.45416666666666666 0.0025 0.005
0 0.44916666666666666 0.4533333333333333 0.0016666666666666668 0.004166666666666667
0 0.4708333333333333 0.45166666666666666 0.0016666666666666668 0.004166666666666667
0 0.49166666666666664 0.45166666666666666 0.0016666666666666668 0.005
0 0.49916666666666665 0.45166666666666666 0.0016666666666666668 0.005
0 0.5016666666666667 0.4525 0.0025 0.005833333333333334
0 0.5041666666666667 0.4533333333333333 0.0025 0.005833333333333334
0 0.5075 0.4533333333333333 0.0025 0.005833333333333334
0 0.5216666666666666 0.4533333333333333 0.0033333333333333335 0.0075
0 0.5558333333333333 0.4525 0.0033333333333333335 0.006666666666666667
0 0.6458333333333334 0.45 0.0033333333333333335 0.0075
0 0.6775 0.445 0.0016666666666666668 0.005
0 0.6866666666666666 0.44416666666666665 0.0025 0.005
0 0.6808333333333333 0.4483333333333333 0.0025 0.006666666666666667
0 0.6841666666666667 0.4475 0.0033333333333333335 0.006666666666666667
0 0.7066666666666667 0.44333333333333336 0.0025 0.004166666666666667
0 0.7683333333333333 0.44083333333333335 0.0025 0.005
0 0.8191666666666667 0.43916666666666665 0.0033333333333333335 0.005
0 0.8608333333333333 0.43833333333333335 0.0025 0.005833333333333334
0 0.9016666666666666 0.43583333333333335 0.0025 0.005833333333333334
0 0.9216666666666666 0.43416666666666665 0.0025 0.005
0 0.5983333333333334 0.4508333333333333 0.0025 0.0075
0 0.345 0.4608333333333333 0.0025 0.005
0 0.36916666666666664 0.4583333333333333 0.0016666666666666668 0.004166666666666667
0 0.4008333333333333 0.4558333333333333 0.0016666666666666668 0.004166666666666667
0 0.7341666666666666 0.44166666666666665 0.0025 0.005
0 0.8841666666666667 0.43666666666666665 0.0025 0.005833333333333334
4 0.455 0.45666666666666667 0.0016666666666666668 0.006666666666666667
4 0.4625 0.45416666666666666 0.0016666666666666668 0.005
4 0.7308333333333333 0.4425 0.0025 0.006666666666666667
4 0.7533333333333333 0.44083333333333335 0.0025 0.005