0 0.08833333333333333 0.29333333333333333 0.029166666666666667 0.04666666666666667
0 0.31416666666666665 0.2525 0.019166666666666665 0.034166666666666665
0 0.48333333333333334 0.23 0.015 0.028333333333333332
0 0.6125 0.2175 0.01 0.02666666666666667
0 0.7125 0.205 0.01 0.02666666666666667
0 0.7966666666666666 0.195 0.011666666666666667 0.02666666666666667
4 0.7516666666666667 0.22166666666666668 0.018333333333333333 0.035833333333333335
4 0.5658333333333333 0.24583333333333332 0.018333333333333333 0.035833333333333335
4 0.3925 0.2866666666666667 0.03 0.04833333333333333
4 0.13 0.3725 0.04833333333333333 0.08
4 0.13333333333333333 0.5516666666666666 0.08416666666666667 0.15833333333333333
4 0.3358333333333333 0.20333333333333334 0.0033333333333333335 0.008333333333333333
4 0.33166666666666667 0.20333333333333334 0.0033333333333333335 0.0075
4 0.3591666666666667 0.20166666666666666 0.0033333333333333335 0.008333333333333333
4 0.36333333333333334 0.20166666666666666 0.0025 0.006666666666666667
4 0.395 0.19833333333333333 0.0033333333333333335 0.008333333333333333
4 0.4008333333333333 0.2 0.0033333333333333335 0.009166666666666667
4 0.4083333333333333 0.20083333333333334 0.0033333333333333335 0.011666666666666667
4 0.4125 0.2025 0.004166666666666667 0.0125
4 0.43083333333333335 0.19833333333333333 0.0033333333333333335 0.010833333333333334
4 0.44916666666666666 0.2 0.004166666666666667 0.014166666666666666
4 0.43583333333333335 0.19833333333333333 0.0025 0.01
4 0.5125 0.19583333333333333 0.0033333333333333335 0.014166666666666666
4 0.6516666666666666 0.18666666666666668 0.0033333333333333335 0.0125
4 0.7091666666666666 0.18333333333333332 0.004166666666666667 0.014166666666666666
4 0.9241666666666667 0.20083333333333334 0.0225 0.03166666666666667
4 0.8483333333333334 0.175 0.005833333333333334 0.015833333333333335
0 0.2775 0.2075 0.004166666666666667 0.008333333333333333
0 0.2916666666666667 0.20666666666666667 0.004166666666666667 0.008333333333333333
0 0.33166666666666667 0.20916666666666667 0.005833333333333334 0.010833333333333334
0 0.32666666666666666 0.20833333333333334 0.0033333333333333335 0.01
0 0.3516666666666667 0.205 0.005 0.009166666666666667
0 0.3675 0.2075 0.005833333333333334 0.011666666666666667
0 0.37166666666666665 0.20333333333333334 0.004166666666666667 0.009166666666666667
0 0.41833333333333333 0.205 0.006666666666666667 0.013333333333333334
0 0.51 0.19833333333333333 0.005833333333333334 0.014166666666666666
0 0.585 0.19333333333333333 0.005 0.014166666666666666
4 0.5825 0.19083333333333333 0.0033333333333333335 0.011666666666666667
0 0.6608333333333334 0.18833333333333332 0.005833333333333334 0.0125
0 0.7183333333333334 0.18583333333333332 0.005833333333333334 0.0125
0 0.7591666666666667 0.18333333333333332 0.006666666666666667 0.0125
0 0.8375 0.18916666666666668 0.01 0.021666666666666667
0 0.8325 0.18416666666666667 0.0075 0.0175
4 0.9116666666666666 0.17166666666666666 0.01 0.018333333333333333
0 0.3233333333333333 0.20583333333333334 0.0033333333333333335 0.009166666666666667
0 0.8 0.1825 0.005833333333333334 0.014166666666666666
0 0.6483333333333333 0.18416666666666667 0.0025 0.0075
0 0.3466666666666667 0.20166666666666666 0.0025 0.005833333333333334
0 0.38916666666666666 0.19916666666666666 0.0025 0.006666666666666667
0 0.365 0.20333333333333334 0.0025 0.0075
0 0.3075 0.205 0.0025 0.006666666666666667
0 0.5433333333333333 0.19083333333333333 0.0025 0.006666666666666667
4 0.5516666666666666 0.18916666666666668 0.0033333333333333335 0.009166666666666667
4 0.5983333333333334 0.18666666666666668 0.0033333333333333335 0.009166666666666667
4 0.6833333333333333 0.18083333333333335 0.0025 0.006666666666666667
0 0.7166666666666667 0.18 0.0033333333333333335 0.006666666666666667
4 0.7783333333333333 0.18 0.005 0.010833333333333334
4 0.5058333333333334 0.19333333333333333 0.0033333333333333335 0.009166666666666667