4 0.3591666666666667 0.42583333333333334 0.06333333333333334 0.10833333333333334
4 0.7225 0.1675 0.0075 0.015
4 0.6458333333333334 0.17 0.006666666666666667 0.0125
4 0.5866666666666667 0.17166666666666666 0.0075 0.013333333333333334
4 0.5175 0.1725 0.005833333333333334 0.011666666666666667
0 0.7008333333333333 0.16416666666666666 0.005833333333333334 0.011666666666666667
0 0.6233333333333333 0.16583333333333333 0.0033333333333333335 0.0125
0 0.5433333333333333 0.16916666666666666 0.005 0.010833333333333334
0 0.4191666666666667 0.17333333333333334 0.005 0.009166666666666667
0 0.4041666666666667 0.17333333333333334 0.0033333333333333335 0.0075
4 0.43916666666666665 0.175 0.0033333333333333335 0.01
4 0.36916666666666664 0.17833333333333334 0.004166666666666667 0.01
0 0.47333333333333333 0.17166666666666666 0.0033333333333333335 0.009166666666666667
4 0.8166666666666667 0.16416666666666666 0.0075 0.0175
4 0.27666666666666667 0.17833333333333334 0.004166666666666667 0.0075
4 0.31333333333333335 0.17666666666666667 0.0033333333333333335 0.0075
0 0.31083333333333335 0.175 0.0025 0.005833333333333334
0 0.26416666666666666 0.17833333333333334 0.0033333333333333335 0.005833333333333334
0 0.3516666666666667 0.1725 0.0025 0.005833333333333334
0 0.3883333333333333 0.17083333333333334 0.0033333333333333335 0.005
0 0.40166666666666667 0.17083333333333334 0.0033333333333333335 0.006666666666666667
0 0.8091666666666667 0.16 0.005 0.011666666666666667