0 0.14333333333333334 0.745 0.0925 0.1375
4 0.8408333333333333 0.605 0.05333333333333334 0.075
4 0.5583333333333333 0.5358333333333334 0.024166666666666666 0.043333333333333335
4 0.38166666666666665 0.5241666666666667 0.020833333333333332 0.03833333333333333
4 0.18 0.5216666666666666 0.023333333333333334 0.034166666666666665
4 0.1325 0.4816666666666667 0.013333333333333334 0.018333333333333333
4 0.315 0.4675 0.008333333333333333 0.014166666666666666
4 0.23166666666666666 0.4741666666666667 0.008333333333333333 0.015
0 0.14833333333333334 0.47333333333333333 0.009166666666666667 0.014166666666666666
0 0.25416666666666665 0.46416666666666667 0.005833333333333334 0.011666666666666667
0 0.26416666666666666 0.455 0.004166666666666667 0.008333333333333333
4 0.3458333333333333 0.4625 0.006666666666666667 0.0125
4 0.33416666666666667 0.46 0.005833333333333334 0.01
4 0.3233333333333333 0.4575 0.005 0.01
4 0.38 0.4508333333333333 0.0033333333333333335 0.008333333333333333
4 0.49583333333333335 0.45 0.0033333333333333335 0.009166666666666667
4 0.4633333333333333 0.44916666666666666 0.0033333333333333335 0.0075
4 0.42083333333333334 0.44916666666666666 0.0033333333333333335 0.008333333333333333
4 0.5158333333333334 0.45166666666666666 0.0033333333333333335 0.009166666666666667
4 0.5583333333333333 0.4525 0.0033333333333333335 0.009166666666666667
4 0.7341666666666666 0.4508333333333333 0.004166666666666667 0.009166666666666667
0 0.6966666666666667 0.4483333333333333 0.0033333333333333335 0.008333333333333333
0 0.7941666666666667 0.4475 0.004166666666666667 0.009166666666666667
0 0.5716666666666667 0.44916666666666666 0.0025 0.0075
0 0.545 0.4475 0.0033333333333333335 0.0075
0 0.38916666666666666 0.4483333333333333 0.0033333333333333335 0.006666666666666667
0 0.43416666666666665 0.4475 0.0033333333333333335 0.0075
0 0.4816666666666667 0.44666666666666666 0.0033333333333333335 0.005833333333333334
0 0.24583333333333332 0.46 0.005 0.011666666666666667
4 0.855 0.45 0.006666666666666667 0.011666666666666667
0 0.23083333333333333 0.4666666666666667 0.008333333333333333 0.013333333333333334
4 0.33916666666666667 0.4525 0.004166666666666667 0.009166666666666667
0 0.3425 0.45 0.0025 0.006666666666666667
4 0.6166666666666667 0.4525 0.004166666666666667 0.009166666666666667
0 0.6141666666666666 0.44916666666666666 0.0033333333333333335 0.008333333333333333
0 0.8966666666666666 0.4475 0.005833333333333334 0.009166666666666667
4 0.3175 0.455 0.004166666666666667 0.009166666666666667
0 0.29583333333333334 0.4525 0.004166666666666667 0.0075
0 0.5183333333333333 0.4483333333333333 0.0033333333333333335 0.006666666666666667