2 0.585 0.15 0.0125 0.02666666666666667
2 0.6091666666666666 0.16083333333333333 0.010833333333333334 0.028333333333333332
2 0.6383333333333333 0.1525 0.01 0.025
2 0.65 0.175 0.015 0.034166666666666665
2 0.6975 0.155 0.0125 0.025833333333333333
2 0.7416666666666667 0.1775 0.016666666666666666 0.03333333333333333
2 0.7516666666666667 0.155 0.009166666666666667 0.025
2 0.7983333333333333 0.1775 0.015 0.03166666666666667
4 0.7958333333333333 0.1575 0.01 0.023333333333333334
2 0.8441666666666666 0.175 0.015833333333333335 0.03
0 0.8725 0.17583333333333334 0.015833333333333335 0.028333333333333332
4 0.8866666666666667 0.1575 0.010833333333333334 0.0225
4 0.9341666666666667 0.135 0.005 0.011666666666666667