0 0.8991666666666667 0.4716666666666667 0.013333333333333334 0.018333333333333333
4 0.7641666666666667 0.5733333333333334 0.04 0.06583333333333333
0 0.7633333333333333 0.4708333333333333 0.010833333333333334 0.016666666666666666
4 0.6583333333333333 0.5091666666666667 0.018333333333333333 0.034166666666666665
0 0.6791666666666667 0.4716666666666667 0.009166666666666667 0.016666666666666666
4 0.7016666666666667 0.4891666666666667 0.014166666666666666 0.02666666666666667
0 0.5883333333333334 0.47583333333333333 0.009166666666666667 0.018333333333333333
4 0.7958333333333333 0.4825 0.013333333333333334 0.023333333333333334
0 0.49666666666666665 0.48833333333333334 0.011666666666666667 0.0225
0 0.4275 0.5091666666666667 0.015 0.03
0 0.31833333333333336 0.5925 0.034166666666666665 0.06583333333333333