0 0.22083333333333333 0.7808333333333334 0.1175 0.2125
0 0.5283333333333333 0.5083333333333333 0.0375 0.07416666666666667
0 0.48 0.42583333333333334 0.0225 0.04083333333333333
0 0.43833333333333335 0.3825 0.013333333333333334 0.025
0 0.42333333333333334 0.365 0.01 0.019166666666666665
0 0.4166666666666667 0.3575 0.0075 0.015833333333333335
0 0.42 0.35 0.005833333333333334 0.0125
0 0.43666666666666665 0.3466666666666667 0.005833333333333334 0.01
0 0.4525 0.3441666666666667 0.005 0.009166666666666667
0 0.8516666666666667 0.3625 0.006666666666666667 0.01
0 0.7525 0.355 0.006666666666666667 0.009166666666666667
0 0.6975 0.35083333333333333 0.004166666666666667 0.0075
0 0.655 0.3475 0.004166666666666667 0.0075
0 0.47833333333333333 0.3425 0.004166666666666667 0.009166666666666667
0 0.5016666666666667 0.3416666666666667 0.004166666666666667 0.008333333333333333
4 0.89 0.47333333333333333 0.041666666666666664 0.05416666666666667
4 0.7183333333333334 0.41333333333333333 0.018333333333333333 0.0325
4 0.5866666666666667 0.37916666666666665 0.008333333333333333 0.0225
4 0.5258333333333334 0.3641666666666667 0.008333333333333333 0.016666666666666666
4 0.5041666666666667 0.355 0.006666666666666667 0.0125
4 0.5175 0.3466666666666667 0.004166666666666667 0.009166666666666667
4 0.8008333333333333 0.3625 0.006666666666666667 0.011666666666666667
4 0.7033333333333334 0.3541666666666667 0.005 0.009166666666666667
4 0.6691666666666667 0.3516666666666667 0.005 0.009166666666666667
4 0.5058333333333334 0.35 0.005833333333333334 0.011666666666666667
4 0.5366666666666666 0.345 0.0033333333333333335 0.009166666666666667
0 0.5408333333333334 0.3416666666666667 0.0033333333333333335 0.008333333333333333
4 0.5708333333333333 0.345 0.004166666666666667 0.009166666666666667
0 0.5891666666666666 0.3433333333333333 0.004166666666666667 0.008333333333333333
0 0.6225 0.3458333333333333 0.0025 0.008333333333333333
4 0.6191666666666666 0.3475 0.004166666666666667 0.009166666666666667
0 0.10833333333333334 0.3416666666666667 0.0075 0.0125
0 0.07333333333333333 0.3358333333333333 0.004166666666666667 0.011666666666666667
0 0.08583333333333333 0.3383333333333333 0.0075 0.0125
0 0.07 0.38166666666666665 0.0125 0.03
0 0.0825 0.3625 0.013333333333333334 0.021666666666666667
0 0.07416666666666667 0.3566666666666667 0.006666666666666667 0.02
0 0.08166666666666667 0.35 0.008333333333333333 0.014166666666666666
0 0.08083333333333333 0.345 0.0075 0.013333333333333334