4 0.47 0.7291666666666666 0.13666666666666666 0.25
4 0.2775 0.31 0.029166666666666667 0.059166666666666666
4 0.45166666666666666 0.25916666666666666 0.021666666666666667 0.04083333333333333
4 0.6291666666666667 0.23 0.018333333333333333 0.034166666666666665
4 0.8908333333333334 0.21583333333333332 0.020833333333333332 0.0375
0 0.8341666666666666 0.19583333333333333 0.014166666666666666 0.02666666666666667
0 0.6891666666666667 0.20333333333333334 0.013333333333333334 0.02666666666666667
0 0.5033333333333333 0.2175 0.015 0.02666666666666667
0 0.30666666666666664 0.2425 0.0175 0.0325
0 0.09 0.2783333333333333 0.023333333333333334 0.043333333333333335
4 0.08166666666666667 0.42916666666666664 0.035833333333333335 0.08666666666666667