0 0.41333333333333333 0.5258333333333334 0.0225 0.03833333333333333
0 0.4575 0.4841666666666667 0.010833333333333334 0.021666666666666667
0 0.4816666666666667 0.47 0.0075 0.015833333333333335
0 0.49583333333333335 0.46166666666666667 0.005833333333333334 0.0125
0 0.5241666666666667 0.4575 0.005833333333333334 0.010833333333333334
0 0.5733333333333334 0.45416666666666666 0.004166666666666667 0.01
0 0.6275 0.4533333333333333 0.004166666666666667 0.01
0 0.7433333333333333 0.45416666666666666 0.005 0.010833333333333334
0 0.8358333333333333 0.4558333333333333 0.005833333333333334 0.0125
0 0.9325 0.45916666666666667 0.008333333333333333 0.013333333333333334
4 0.8683333333333333 0.46166666666666667 0.009166666666666667 0.014166666666666666
4 0.7566666666666667 0.4583333333333333 0.006666666666666667 0.0125
4 0.6733333333333333 0.45666666666666667 0.005833333333333334 0.011666666666666667
4 0.6208333333333333 0.4583333333333333 0.006666666666666667 0.011666666666666667
4 0.5908333333333333 0.46166666666666667 0.0075 0.0125
4 0.5983333333333334 0.4675 0.009166666666666667 0.016666666666666666
4 0.6125 0.4825 0.010833333333333334 0.020833333333333332
4 0.6891666666666667 0.5275 0.023333333333333334 0.04083333333333333
0 0.6758333333333333 0.4525 0.005833333333333334 0.010833333333333334