0 0.37166666666666665 0.5475 0.024166666666666666 0.041666666666666664
0 0.43583333333333335 0.49583333333333335 0.011666666666666667 0.0225
0 0.4558333333333333 0.48 0.008333333333333333 0.015833333333333335
0 0.47833333333333333 0.47 0.006666666666666667 0.0125
0 0.4891666666666667 0.4625 0.005 0.01
0 0.49166666666666664 0.45916666666666667 0.0033333333333333335 0.009166666666666667
0 0.49833333333333335 0.45666666666666667 0.0033333333333333335 0.008333333333333333
0 0.5033333333333333 0.455 0.0025 0.005833333333333334
0 0.5183333333333333 0.45166666666666666 0.0025 0.006666666666666667
0 0.5458333333333333 0.45 0.0025 0.005
0 0.5775 0.4483333333333333 0.0025 0.005
0 0.6058333333333333 0.4475 0.0025 0.005
0 0.6425 0.445 0.0025 0.005833333333333334
0 0.6858333333333333 0.44333333333333336 0.0025 0.005833333333333334
0 0.7216666666666667 0.44333333333333336 0.004166666666666667 0.0075
0 0.7541666666666667 0.4425 0.004166666666666667 0.0075
0 0.7891666666666667 0.4425 0.0033333333333333335 0.006666666666666667
0 0.8283333333333334 0.44166666666666665 0.004166666666666667 0.008333333333333333
0 0.8775 0.44 0.005 0.008333333333333333
0 0.9108333333333334 0.43583333333333335 0.0033333333333333335 0.0075
0 0.92 0.43416666666666665 0.0033333333333333335 0.006666666666666667
4 0.6825 0.5325 0.023333333333333334 0.0425
4 0.6041666666666666 0.48833333333333334 0.011666666666666667 0.023333333333333334
4 0.5825 0.475 0.0075 0.016666666666666666
4 0.5675 0.46416666666666667 0.005833333333333334 0.014166666666666666
4 0.5575 0.46 0.004166666666666667 0.01
4 0.5508333333333333 0.455 0.004166666666666667 0.009166666666666667
4 0.5691666666666667 0.45 0.0033333333333333335 0.006666666666666667
4 0.5991666666666666 0.4483333333333333 0.0033333333333333335 0.006666666666666667
4 0.7691666666666667 0.445 0.004166666666666667 0.008333333333333333
4 0.8158333333333333 0.44416666666666665 0.005833333333333334 0.009166666666666667
4 0.9233333333333333 0.44083333333333335 0.008333333333333333 0.01
4 0.6866666666666666 0.44666666666666666 0.0033333333333333335 0.005833333333333334
4 0.64 0.44666666666666666 0.004166666666666667 0.0075
4 0.7233333333333334 0.445 0.004166666666666667 0.009166666666666667