0 0.6458333333333334 0.3075 0.041666666666666664 0.0775
0 0.6508333333333334 0.22333333333333333 0.021666666666666667 0.04583333333333333
0 0.6508333333333334 0.18583333333333332 0.015833333333333335 0.028333333333333332
0 0.6583333333333333 0.16916666666666666 0.0075 0.02666666666666667
0 0.6358333333333334 0.15583333333333332 0.0075 0.02
0 0.5416666666666666 0.14416666666666667 0.0075 0.02
0 0.13916666666666666 0.13666666666666666 0.0125 0.0275
4 0.8625 0.195 0.015833333333333335 0.03333333333333333
4 0.07166666666666667 0.11333333333333333 0.0125 0.021666666666666667
4 0.10666666666666667 0.10583333333333333 0.009166666666666667 0.015833333333333335
1 0.09416666666666666 0.10666666666666667 0.0125 0.023333333333333334
4 0.7983333333333333 0.17416666666666666 0.010833333333333334 0.025
4 0.7408333333333333 0.16083333333333333 0.009166666666666667 0.020833333333333332
4 0.6641666666666667 0.14833333333333334 0.0075 0.0175
4 0.5966666666666667 0.14166666666666666 0.006666666666666667 0.015833333333333335
4 0.5083333333333333 0.13416666666666666 0.005833333333333334 0.013333333333333334
4 0.45166666666666666 0.13 0.006666666666666667 0.015
0 0.4666666666666667 0.13583333333333333 0.008333333333333333 0.016666666666666666
0 0.3875 0.12916666666666668 0.006666666666666667 0.016666666666666666
4 0.38916666666666666 0.125 0.004166666666666667 0.010833333333333334
4 0.35333333333333333 0.12 0.005833333333333334 0.0125
4 0.3416666666666667 0.11666666666666667 0.005 0.011666666666666667
4 0.33 0.11416666666666667 0.005 0.010833333333333334
4 0.325 0.11166666666666666 0.004166666666666667 0.010833333333333334
0 0.315 0.12333333333333334 0.0075 0.015833333333333335
4 0.3175 0.10833333333333334 0.004166666666666667 0.009166666666666667
2 0.32166666666666666 0.1075 0.0033333333333333335 0.009166666666666667
2 0.3016666666666667 0.105 0.004166666666666667 0.008333333333333333
0 0.26416666666666666 0.1175 0.006666666666666667 0.0125
0 0.25916666666666666 0.1125 0.004166666666666667 0.0125
0 0.26416666666666666 0.10916666666666666 0.005 0.011666666666666667
0 0.2683333333333333 0.1075 0.004166666666666667 0.01
0 0.2708333333333333 0.10583333333333333 0.004166666666666667 0.009166666666666667
0 0.27666666666666667 0.105 0.0033333333333333335 0.009166666666666667
0 0.21916666666666668 0.13083333333333333 0.009166666666666667 0.018333333333333333
0 0.21916666666666668 0.12166666666666667 0.006666666666666667 0.015833333333333335
1 0.21416666666666667 0.11083333333333334 0.006666666666666667 0.025
0 0.20833333333333334 0.1025 0.0033333333333333335 0.015
4 0.125 0.10083333333333333 0.006666666666666667 0.0125
4 0.13666666666666666 0.09916666666666667 0.005 0.009166666666666667
4 0.14333333333333334 0.0975 0.005833333333333334 0.005833333333333334