4 0.19833333333333333 0.43583333333333335 0.0675 0.11083333333333334
4 0.825 0.1625 0.015833333333333335 0.0275
4 0.6375 0.1675 0.009166666666666667 0.0225
4 0.37583333333333335 0.17333333333333334 0.006666666666666667 0.015
4 0.325 0.175 0.006666666666666667 0.015833333333333335
0 0.5391666666666667 0.16083333333333333 0.0075 0.015833333333333335
0 0.39666666666666667 0.16583333333333333 0.006666666666666667 0.0125
4 0.5175 0.17083333333333334 0.006666666666666667 0.015
4 0.4508333333333333 0.17166666666666666 0.005833333333333334 0.014166666666666666
4 0.26916666666666667 0.17666666666666667 0.005 0.0125
0 0.45666666666666667 0.16416666666666666 0.005 0.009166666666666667
0 0.3383333333333333 0.17 0.004166666666666667 0.009166666666666667
0 0.6291666666666667 0.1575 0.006666666666666667 0.015
0 0.7416666666666667 0.15333333333333332 0.008333333333333333 0.019166666666666665