4 0.5033333333333333 0.6508333333333334 0.11083333333333334 0.20833333333333334
4 0.8658333333333333 0.175 0.009166666666666667 0.02
4 0.7816666666666666 0.17583333333333334 0.0075 0.015833333333333335
4 0.7125 0.17583333333333334 0.0075 0.015
4 0.6108333333333333 0.17666666666666667 0.006666666666666667 0.013333333333333334
4 0.5766666666666667 0.17666666666666667 0.005833333333333334 0.010833333333333334
4 0.5366666666666666 0.17666666666666667 0.005 0.009166666666666667
0 0.9091666666666667 0.16583333333333333 0.0075 0.015833333333333335
0 0.8141666666666667 0.17 0.005833333333333334 0.0125
0 0.7491666666666666 0.17083333333333334 0.005 0.011666666666666667
0 0.6791666666666667 0.17166666666666666 0.005 0.011666666666666667
0 0.6283333333333333 0.17166666666666666 0.005833333333333334 0.01
0 0.5791666666666667 0.17166666666666666 0.0033333333333333335 0.01
0 0.5341666666666667 0.1725 0.0033333333333333335 0.009166666666666667
0 0.5116666666666667 0.17 0.0033333333333333335 0.005833333333333334
0 0.5075 0.17 0.0033333333333333335 0.009166666666666667
0 0.5033333333333333 0.17333333333333334 0.0033333333333333335 0.0075
0 0.49916666666666665 0.1725 0.0033333333333333335 0.006666666666666667
4 0.49333333333333335 0.17583333333333334 0.005833333333333334 0.01
0 0.48083333333333333 0.16916666666666666 0.0025 0.005833333333333334
4 0.46416666666666667 0.17166666666666666 0.004166666666666667 0.008333333333333333
4 0.455 0.17333333333333334 0.0033333333333333335 0.009166666666666667
4 0.4533333333333333 0.1775 0.004166666666666667 0.009166666666666667
0 0.44916666666666666 0.17083333333333334 0.0025 0.006666666666666667
4 0.44416666666666665 0.1725 0.0025 0.008333333333333333
4 0.44166666666666665 0.175 0.004166666666666667 0.009166666666666667
4 0.435 0.17666666666666667 0.0033333333333333335 0.008333333333333333
4 0.41583333333333333 0.17416666666666666 0.0025 0.0075
0 0.4125 0.17333333333333334 0.0025 0.005833333333333334
0 0.3725 0.17583333333333334 0.0025 0.005833333333333334
0 0.33416666666666667 0.17833333333333334 0.0025 0.005833333333333334
0 0.25833333333333336 0.18666666666666668 0.0033333333333333335 0.006666666666666667
0 0.19583333333333333 0.19083333333333333 0.0025 0.006666666666666667
0 0.14083333333333334 0.19333333333333333 0.004166666666666667 0.0075
0 0.095 0.19666666666666666 0.005 0.0075
4 0.11 0.195 0.005 0.0075
4 0.155 0.1925 0.005833333333333334 0.009166666666666667
4 0.19416666666666665 0.19083333333333333 0.004166666666666667 0.009166666666666667
4 0.2808333333333333 0.185 0.004166666666666667 0.009166666666666667
4 0.305 0.1825 0.0033333333333333335 0.009166666666666667
4 0.32916666666666666 0.18 0.0033333333333333335 0.008333333333333333
4 0.3475 0.17833333333333334 0.0025 0.0075
4 0.3825 0.17583333333333334 0.0025 0.006666666666666667