4 0.6916666666666667 0.5508333333333333 0.025833333333333333 0.051666666666666666
4 0.6258333333333334 0.49666666666666665 0.014166666666666666 0.0275
4 0.6025 0.4775 0.01 0.02
4 0.6441666666666667 0.4683333333333333 0.0075 0.015833333333333335
4 0.7158333333333333 0.46166666666666667 0.008333333333333333 0.015833333333333335
4 0.845 0.4608333333333333 0.01 0.018333333333333333
0 0.30583333333333335 0.5833333333333334 0.034166666666666665 0.058333333333333334
0 0.4175 0.5083333333333333 0.015833333333333335 0.028333333333333332
0 0.45666666666666667 0.48333333333333334 0.009166666666666667 0.018333333333333333
0 0.5025 0.4725 0.0075 0.015833333333333335
0 0.57 0.4633333333333333 0.006666666666666667 0.013333333333333334
0 0.6433333333333333 0.4583333333333333 0.006666666666666667 0.0125
0 0.7083333333333334 0.455 0.005833333333333334 0.0125
0 0.8041666666666667 0.4533333333333333 0.0075 0.013333333333333334