4 0.8483333333333334 0.6583333333333333 0.115 0.22916666666666666
4 0.17666666666666667 0.24583333333333332 0.020833333333333332 0.03666666666666667
4 0.2833333333333333 0.22666666666666666 0.016666666666666666 0.03
4 0.39666666666666667 0.21166666666666667 0.014166666666666666 0.025833333333333333
4 0.7583333333333333 0.18 0.011666666666666667 0.0225
4 0.7791666666666667 0.16083333333333333 0.005833333333333334 0.010833333333333334
4 0.8766666666666667 0.155 0.005833333333333334 0.011666666666666667
0 0.14916666666666667 0.225 0.013333333333333334 0.023333333333333334
0 0.2966666666666667 0.20833333333333334 0.011666666666666667 0.021666666666666667
0 0.4508333333333333 0.19416666666666665 0.009166666666666667 0.019166666666666665
0 0.5616666666666666 0.18416666666666667 0.009166666666666667 0.019166666666666665
0 0.6875 0.17666666666666667 0.008333333333333333 0.016666666666666666
0 0.7891666666666667 0.17 0.008333333333333333 0.0175
0 0.7625 0.16333333333333333 0.005833333333333334 0.01
0 0.7091666666666666 0.16416666666666666 0.0033333333333333335 0.009166666666666667
4 0.07666666666666666 0.4583333333333333 0.025833333333333333 0.043333333333333335
4 0.5116666666666667 0.19916666666666666 0.0125 0.023333333333333334
4 0.6108333333333333 0.19083333333333333 0.0125 0.0225
0 0.6541666666666667 0.16583333333333333 0.0033333333333333335 0.009166666666666667
0 0.6725 0.16583333333333333 0.0033333333333333335 0.009166666666666667
0 0.6691666666666667 0.16416666666666666 0.0025 0.0075
0 0.6908333333333333 0.16416666666666666 0.0033333333333333335 0.006666666666666667
4 0.7166666666666667 0.16333333333333333 0.005 0.01
4 0.73 0.16333333333333333 0.005 0.011666666666666667
4 0.7383333333333333 0.1625 0.005833333333333334 0.010833333333333334
0 0.7583333333333333 0.16083333333333333 0.0025 0.006666666666666667
4 0.7833333333333333 0.16 0.0033333333333333335 0.01
0 0.8208333333333333 0.15916666666666668 0.005 0.0125
4 0.8258333333333333 0.1575 0.0033333333333333335 0.01
4 0.8791666666666667 0.17083333333333334 0.0125 0.02
0 0.8858333333333334 0.16166666666666665 0.008333333333333333 0.015833333333333335
4 0.9266666666666666 0.14916666666666667 0.005833333333333334 0.010833333333333334
0 0.9083333333333333 0.15333333333333332 0.005833333333333334 0.011666666666666667
0 0.915 0.15 0.004166666666666667 0.009166666666666667