0 0.7116666666666667 0.5108333333333334 0.041666666666666664 0.08
0 0.375 0.3283333333333333 0.005 0.009166666666666667
0 0.38 0.33166666666666667 0.005833333333333334 0.011666666666666667
0 0.4033333333333333 0.32666666666666666 0.004166666666666667 0.009166666666666667
0 0.41333333333333333 0.335 0.0075 0.0125
0 0.42916666666666664 0.32666666666666666 0.004166666666666667 0.008333333333333333
4 0.445 0.3308333333333333 0.005 0.009166666666666667
4 0.45166666666666666 0.33416666666666667 0.005 0.011666666666666667
0 0.4583333333333333 0.3275 0.0033333333333333335 0.008333333333333333
0 0.4716666666666667 0.3408333333333333 0.006666666666666667 0.015
4 0.4725 0.33 0.005833333333333334 0.009166666666666667
4 0.5008333333333334 0.33916666666666667 0.006666666666666667 0.0125
0 0.49916666666666665 0.32916666666666666 0.0033333333333333335 0.009166666666666667
4 0.5191666666666667 0.3325 0.005 0.009166666666666667
0 0.5441666666666667 0.34833333333333333 0.0075 0.015833333333333335
0 0.555 0.3325 0.0033333333333333335 0.0075
4 0.5583333333333333 0.33416666666666667 0.0033333333333333335 0.009166666666666667
4 0.6091666666666666 0.3475 0.005833333333333334 0.014166666666666666
0 0.6333333333333333 0.3358333333333333 0.0033333333333333335 0.009166666666666667
4 0.6441666666666667 0.3383333333333333 0.004166666666666667 0.009166666666666667
0 0.6541666666666667 0.3575 0.008333333333333333 0.016666666666666666
4 0.6925 0.355 0.008333333333333333 0.015833333333333335
0 0.7075 0.34 0.0033333333333333335 0.0075
4 0.7275 0.3425 0.004166666666666667 0.009166666666666667
0 0.7708333333333334 0.3425 0.0033333333333333335 0.0075
4 0.7983333333333333 0.3458333333333333 0.004166666666666667 0.009166666666666667
0 0.815 0.3675 0.010833333333333334 0.0175
4 0.8225 0.3625 0.006666666666666667 0.015833333333333335
0 0.8416666666666667 0.3466666666666667 0.0033333333333333335 0.006666666666666667
4 0.8808333333333334 0.3491666666666667 0.004166666666666667 0.008333333333333333
0 0.9016666666666666 0.3491666666666667 0.004166666666666667 0.0075
0 0.9333333333333333 0.37583333333333335 0.005833333333333334 0.0125