4 0.43666666666666665 0.5933333333333334 0.08416666666666667 0.18333333333333332
4 0.085 0.4325 0.0425 0.09833333333333333
4 0.08166666666666667 0.34 0.035 0.06416666666666666
4 0.175 0.2866666666666667 0.025833333333333333 0.045
4 0.24166666666666667 0.25833333333333336 0.018333333333333333 0.035
4 0.33166666666666667 0.23166666666666666 0.013333333333333334 0.0275
4 0.3908333333333333 0.2175 0.0125 0.020833333333333332
4 0.4241666666666667 0.20916666666666667 0.011666666666666667 0.02
4 0.5091666666666667 0.1975 0.008333333333333333 0.016666666666666666
4 0.525 0.19166666666666668 0.008333333333333333 0.015833333333333335
4 0.5433333333333333 0.18583333333333332 0.0075 0.015
4 0.5775 0.18166666666666667 0.006666666666666667 0.0125
0 0.15166666666666667 0.24083333333333334 0.014166666666666666 0.02666666666666667
0 0.23416666666666666 0.225 0.0125 0.020833333333333332
0 0.28833333333333333 0.215 0.009166666666666667 0.018333333333333333
0 0.3591666666666667 0.20583333333333334 0.008333333333333333 0.015833333333333335
0 0.39666666666666667 0.19916666666666666 0.0075 0.015833333333333335
0 0.4525 0.19083333333333333 0.005833333333333334 0.0125
0 0.48833333333333334 0.18583333333333332 0.005833333333333334 0.011666666666666667
0 0.42916666666666664 0.195 0.006666666666666667 0.0125
0 0.5508333333333333 0.17916666666666667 0.004166666666666667 0.010833333333333334
0 0.57 0.17583333333333334 0.005833333333333334 0.010833333333333334
4 0.61 0.1775 0.005833333333333334 0.011666666666666667
4 0.62 0.17 0.005 0.01
4 0.6391666666666667 0.17416666666666666 0.005833333333333334 0.010833333333333334
4 0.655 0.17083333333333334 0.004166666666666667 0.011666666666666667
0 0.4608333333333333 0.185 0.004166666666666667 0.01
0 0.5 0.18 0.004166666666666667 0.009166666666666667
0 0.5208333333333334 0.1825 0.0033333333333333335 0.01
0 0.43416666666666665 0.1825 0.0033333333333333335 0.005833333333333334
0 0.2625 0.20083333333333334 0.0033333333333333335 0.0075
0 0.27166666666666667 0.2075 0.005833333333333334 0.01
0 0.30833333333333335 0.19666666666666666 0.0033333333333333335 0.006666666666666667
0 0.33 0.19916666666666666 0.005833333333333334 0.01
0 0.3541666666666667 0.19166666666666668 0.0033333333333333335 0.006666666666666667
4 0.3408333333333333 0.19666666666666666 0.005 0.011666666666666667
4 0.38 0.18916666666666668 0.0033333333333333335 0.008333333333333333
4 0.4083333333333333 0.18916666666666668 0.004166666666666667 0.01
0 0.3983333333333333 0.1875 0.0033333333333333335 0.006666666666666667
4 0.425 0.18416666666666667 0.0033333333333333335 0.006666666666666667
4 0.5158333333333334 0.17916666666666667 0.0033333333333333335 0.008333333333333333
4 0.5883333333333334 0.17083333333333334 0.0033333333333333335 0.0075
4 0.5916666666666667 0.17 0.0033333333333333335 0.0075
4 0.6016666666666667 0.16833333333333333 0.0033333333333333335 0.006666666666666667
4 0.6066666666666667 0.16916666666666666 0.0033333333333333335 0.009166666666666667
0 0.5825 0.16916666666666666 0.0025 0.005
0 0.6241666666666666 0.16583333333333333 0.0025 0.006666666666666667
0 0.6391666666666667 0.16583333333333333 0.0033333333333333335 0.005833333333333334
0 0.6733333333333333 0.16416666666666666 0.0033333333333333335 0.0075
4 0.645 0.1675 0.0033333333333333335 0.0075
4 0.6925 0.1625 0.004166666666666667 0.008333333333333333
0 0.7091666666666666 0.16083333333333333 0.0033333333333333335 0.0075
4 0.1 0.22166666666666668 0.006666666666666667 0.011666666666666667
4 0.17833333333333334 0.215 0.005833333333333334 0.011666666666666667
0 0.8016666666666666 0.155 0.0033333333333333335 0.0075
0 0.8141666666666667 0.15333333333333332 0.0025 0.0075
0 0.8233333333333334 0.15166666666666667 0.0025 0.006666666666666667
4 0.8066666666666666 0.1575 0.0033333333333333335 0.009166666666666667
4 0.8483333333333334 0.15333333333333332 0.0033333333333333335 0.008333333333333333
4 0.8625 0.15083333333333335 0.0033333333333333335 0.009166666666666667
0 0.16666666666666666 0.2175 0.005833333333333334 0.011666666666666667