4 0.2575 0.45416666666666666 0.07416666666666667 0.12583333333333332
4 0.19916666666666666 0.32916666666666666 0.03666666666666667 0.0725
4 0.18833333333333332 0.24083333333333334 0.02 0.0375
4 0.20333333333333334 0.20916666666666667 0.0125 0.02666666666666667
4 0.22083333333333333 0.19416666666666665 0.01 0.021666666666666667
4 0.2325 0.18416666666666667 0.008333333333333333 0.0175
4 0.2375 0.17916666666666667 0.0075 0.015833333333333335
4 0.24583333333333332 0.17416666666666666 0.006666666666666667 0.014166666666666666
0 0.10083333333333333 0.19333333333333333 0.011666666666666667 0.02
0 0.12416666666666666 0.1875 0.009166666666666667 0.015833333333333335
0 0.15416666666666667 0.18083333333333335 0.0075 0.014166666666666666
0 0.17333333333333334 0.17583333333333334 0.008333333333333333 0.013333333333333334
0 0.18416666666666667 0.17333333333333334 0.006666666666666667 0.010833333333333334
0 0.19583333333333333 0.17 0.005833333333333334 0.01
4 0.845 0.145 0.009166666666666667 0.019166666666666665
4 0.7575 0.14666666666666667 0.008333333333333333 0.016666666666666666
4 0.7291666666666666 0.14333333333333334 0.008333333333333333 0.015833333333333335
4 0.7125 0.14083333333333334 0.005833333333333334 0.0125
4 0.25166666666666665 0.17083333333333334 0.005833333333333334 0.010833333333333334
4 0.25583333333333336 0.16666666666666666 0.005833333333333334 0.009166666666666667
4 0.26416666666666666 0.165 0.005 0.009166666666666667
4 0.2941666666666667 0.16083333333333333 0.0033333333333333335 0.009166666666666667
4 0.2683333333333333 0.1625 0.004166666666666667 0.010833333333333334
4 0.3333333333333333 0.15666666666666668 0.005 0.008333333333333333
4 0.38 0.15333333333333332 0.004166666666666667 0.0075
4 0.42833333333333334 0.15 0.0025 0.0075
4 0.45916666666666667 0.14833333333333334 0.0025 0.008333333333333333
4 0.5275 0.145 0.0033333333333333335 0.008333333333333333
4 0.49416666666666664 0.14666666666666667 0.0033333333333333335 0.008333333333333333
4 0.6041666666666666 0.14083333333333334 0.0033333333333333335 0.01
4 0.6716666666666666 0.13583333333333333 0.0033333333333333335 0.01
4 0.8075 0.12916666666666668 0.004166666666666667 0.011666666666666667
4 0.7958333333333333 0.1275 0.004166666666666667 0.01
4 0.76 0.13416666666666666 0.005 0.0125
0 0.2075 0.1675 0.005 0.009166666666666667
0 0.22916666666666666 0.16416666666666666 0.004166666666666667 0.009166666666666667
0 0.31083333333333335 0.1575 0.0025 0.0075
0 0.3466666666666667 0.15416666666666667 0.0025 0.0075
0 0.39 0.15083333333333335 0.0025 0.006666666666666667
0 0.4375 0.14833333333333334 0.0025 0.006666666666666667
0 0.4708333333333333 0.14583333333333334 0.0025 0.006666666666666667
0 0.49916666666666665 0.145 0.0016666666666666668 0.006666666666666667
0 0.555 0.14166666666666666 0.0025 0.008333333333333333
0 0.5916666666666667 0.13916666666666666 0.0025 0.009166666666666667
0 0.6416666666666667 0.13666666666666666 0.0025 0.008333333333333333
0 0.68 0.1325 0.0025 0.006666666666666667
0 0.6891666666666667 0.13416666666666666 0.0033333333333333335 0.006666666666666667
0 0.6875 0.13166666666666665 0.0016666666666666668 0.005833333333333334
0 0.695 0.13166666666666665 0.0025 0.0075
0 0.7116666666666667 0.13 0.0025 0.008333333333333333
0 0.7225 0.13 0.0025 0.008333333333333333
0 0.73 0.13083333333333333 0.004166666666666667 0.009166666666666667
0 0.7516666666666667 0.12916666666666668 0.0025 0.009166666666666667
0 0.8216666666666667 0.13583333333333333 0.005833333333333334 0.011666666666666667
0 0.8325 0.1325 0.005 0.011666666666666667