4 0.7675 0.4841666666666667 0.07583333333333334 0.15916666666666668
4 0.08416666666666667 0.47 0.041666666666666664 0.0875
0 0.9083333333333333 0.1225 0.005833333333333334 0.013333333333333334
0 0.805 0.13083333333333333 0.006666666666666667 0.014166666666666666
0 0.6908333333333333 0.1375 0.005833333333333334 0.015
0 0.6066666666666667 0.14333333333333334 0.005833333333333334 0.011666666666666667
0 0.5208333333333334 0.14833333333333334 0.005833333333333334 0.011666666666666667
0 0.44416666666666665 0.1525 0.005833333333333334 0.01
0 0.3858333333333333 0.15583333333333332 0.005833333333333334 0.009166666666666667
0 0.36833333333333335 0.15666666666666668 0.005833333333333334 0.009166666666666667
0 0.36333333333333334 0.15583333333333332 0.004166666666666667 0.006666666666666667
4 0.2941666666666667 0.16416666666666666 0.004166666666666667 0.008333333333333333
4 0.3 0.16583333333333333 0.005833333333333334 0.009166666666666667
4 0.3016666666666667 0.16083333333333333 0.004166666666666667 0.009166666666666667
4 0.3358333333333333 0.16333333333333333 0.005833333333333334 0.011666666666666667
4 0.4141666666666667 0.1575 0.005833333333333334 0.0125
4 0.49916666666666665 0.1525 0.005833333333333334 0.0125
4 0.5741666666666667 0.14916666666666667 0.006666666666666667 0.010833333333333334
4 0.6383333333333333 0.14666666666666667 0.006666666666666667 0.011666666666666667
4 0.7208333333333333 0.14083333333333334 0.008333333333333333 0.015833333333333335
4 0.8208333333333333 0.135 0.008333333333333333 0.016666666666666666
0 0.3475 0.155 0.0033333333333333335 0.0075
0 0.3075 0.15666666666666668 0.0033333333333333335 0.008333333333333333
4 0.26916666666666667 0.1625 0.004166666666666667 0.009166666666666667
0 0.265 0.16083333333333333 0.0033333333333333335 0.0075
4 0.22833333333333333 0.165 0.005833333333333334 0.01