4 0.6833333333333333 0.49916666666666665 0.08666666666666667 0.15083333333333335
4 0.86 0.15833333333333333 0.009166666666666667 0.018333333333333333
0 0.8441666666666666 0.155 0.008333333333333333 0.015
0 0.7283333333333334 0.16 0.006666666666666667 0.013333333333333334
4 0.6741666666666667 0.16666666666666666 0.008333333333333333 0.015833333333333335
0 0.6441666666666667 0.1625 0.005833333333333334 0.0125
4 0.6108333333333333 0.16833333333333333 0.008333333333333333 0.015
0 0.56 0.16583333333333333 0.005833333333333334 0.0125
4 0.5366666666666666 0.16916666666666666 0.006666666666666667 0.013333333333333334
0 0.4841666666666667 0.1675 0.005833333333333334 0.01
4 0.4533333333333333 0.17166666666666666 0.005833333333333334 0.011666666666666667
0 0.42833333333333334 0.16916666666666666 0.005 0.01
0 0.41083333333333333 0.16916666666666666 0.004166666666666667 0.010833333333333334
0 0.4058333333333333 0.1675 0.0033333333333333335 0.008333333333333333
0 0.39166666666666666 0.1675 0.0033333333333333335 0.0075
4 0.37666666666666665 0.175 0.005833333333333334 0.011666666666666667
0 0.3525 0.16916666666666666 0.0025 0.0075
4 0.3458333333333333 0.17166666666666666 0.004166666666666667 0.011666666666666667
4 0.3433333333333333 0.17666666666666667 0.004166666666666667 0.010833333333333334
4 0.3375 0.175 0.004166666666666667 0.01
4 0.31416666666666665 0.1725 0.004166666666666667 0.009166666666666667
0 0.31 0.17166666666666666 0.0033333333333333335 0.008333333333333333
0 0.2625 0.175 0.0033333333333333335 0.006666666666666667
4 0.2758333333333333 0.175 0.0033333333333333335 0.009166666666666667
4 0.23166666666666666 0.1775 0.004166666666666667 0.009166666666666667
0 0.21083333333333334 0.17833333333333334 0.004166666666666667 0.0075
4 0.19166666666666668 0.18083333333333335 0.004166666666666667 0.009166666666666667
4 0.14916666666666667 0.18583333333333332 0.006666666666666667 0.011666666666666667
4 0.12416666666666666 0.18833333333333332 0.006666666666666667 0.011666666666666667
4 0.0675 0.19083333333333333 0.008333333333333333 0.0125
0 0.07833333333333334 0.18833333333333332 0.0075 0.010833333333333334
0 0.10333333333333333 0.18583333333333332 0.006666666666666667 0.01
0 0.13 0.18416666666666667 0.005833333333333334 0.008333333333333333