4 0.525 0.37583333333333335 0.058333333333333334 0.1025
4 0.21416666666666667 0.2225 0.015833333333333335 0.029166666666666667
4 0.39666666666666667 0.20166666666666666 0.013333333333333334 0.025833333333333333
4 0.49916666666666665 0.18416666666666667 0.010833333333333334 0.02
4 0.6266666666666667 0.15916666666666668 0.008333333333333333 0.019166666666666665
4 0.7041666666666667 0.14666666666666667 0.008333333333333333 0.0175
4 0.7483333333333333 0.13916666666666666 0.005833333333333334 0.0125
4 0.7758333333333334 0.13666666666666666 0.006666666666666667 0.010833333333333334
4 0.8025 0.13083333333333333 0.005833333333333334 0.01
0 0.125 0.2125 0.011666666666666667 0.021666666666666667
0 0.25333333333333335 0.20166666666666666 0.011666666666666667 0.0225
0 0.37416666666666665 0.1875 0.01 0.019166666666666665
0 0.49916666666666665 0.16833333333333333 0.008333333333333333 0.015833333333333335
0 0.5908333333333333 0.155 0.0075 0.015
0 0.6566666666666666 0.14583333333333334 0.005833333333333334 0.0125
0 0.6991666666666667 0.13916666666666666 0.004166666666666667 0.01
0 0.7383333333333333 0.1325 0.004166666666666667 0.011666666666666667
0 0.7633333333333333 0.12833333333333333 0.004166666666666667 0.011666666666666667
0 0.7891666666666667 0.12416666666666666 0.004166666666666667 0.010833333333333334
1 0.8133333333333334 0.1175 0.005833333333333334 0.015833333333333335