4 0.44166666666666665 0.5183333333333333 0.08833333333333333 0.155
0 0.6566666666666666 0.1675 0.0075 0.015
0 0.7233333333333334 0.16416666666666666 0.0075 0.015833333333333335
0 0.645 0.1625 0.005833333333333334 0.011666666666666667
0 0.7108333333333333 0.15916666666666668 0.005 0.010833333333333334
0 0.6733333333333333 0.16083333333333333 0.005833333333333334 0.010833333333333334
4 0.62 0.17583333333333334 0.008333333333333333 0.018333333333333333
4 0.7066666666666667 0.17166666666666666 0.009166666666666667 0.02
4 0.5208333333333334 0.17333333333333334 0.006666666666666667 0.015
4 0.8175 0.16416666666666666 0.010833333333333334 0.02
4 0.5891666666666666 0.165 0.005833333333333334 0.010833333333333334
0 0.815 0.15916666666666668 0.006666666666666667 0.016666666666666666
4 0.6508333333333334 0.1625 0.005833333333333334 0.0125
0 0.6366666666666667 0.16583333333333333 0.006666666666666667 0.013333333333333334
0 0.6341666666666667 0.16416666666666666 0.0033333333333333335 0.0125
4 0.06833333333333333 0.19166666666666668 0.009166666666666667 0.0125
0 0.07583333333333334 0.19166666666666668 0.010833333333333334 0.0125
0 0.08333333333333333 0.1925 0.011666666666666667 0.015
4 0.10083333333333333 0.195 0.009166666666666667 0.02
0 0.11916666666666667 0.19083333333333333 0.010833333333333334 0.013333333333333334
4 0.15833333333333333 0.195 0.008333333333333333 0.015833333333333335
0 0.16166666666666665 0.18916666666666668 0.005833333333333334 0.0075
0 0.17583333333333334 0.19 0.009166666666666667 0.015833333333333335
0 0.17833333333333334 0.18833333333333332 0.006666666666666667 0.0125
4 0.18083333333333335 0.18833333333333332 0.006666666666666667 0.01
4 0.2125 0.1875 0.006666666666666667 0.0125
0 0.20916666666666667 0.18666666666666668 0.005 0.009166666666666667
0 0.22416666666666665 0.18833333333333332 0.0075 0.0125
4 0.235 0.19083333333333333 0.006666666666666667 0.013333333333333334
0 0.245 0.18583333333333332 0.005833333333333334 0.011666666666666667
0 0.27166666666666667 0.18416666666666667 0.005833333333333334 0.013333333333333334
4 0.27666666666666667 0.18416666666666667 0.005833333333333334 0.0125
0 0.2875 0.18333333333333332 0.005833333333333334 0.009166666666666667
0 0.3 0.1825 0.005 0.01
4 0.30666666666666664 0.185 0.0075 0.014166666666666666
4 0.31916666666666665 0.18 0.004166666666666667 0.008333333333333333
4 0.32166666666666666 0.17916666666666667 0.0033333333333333335 0.008333333333333333
0 0.3375 0.17833333333333334 0.004166666666666667 0.0075
4 0.37333333333333335 0.1775 0.005833333333333334 0.013333333333333334
4 0.37833333333333335 0.1775 0.004166666666666667 0.011666666666666667
4 0.3858333333333333 0.17666666666666667 0.005833333333333334 0.0125
0 0.3925 0.17583333333333334 0.0033333333333333335 0.008333333333333333
4 0.44 0.17416666666666666 0.004166666666666667 0.01
0 0.4533333333333333 0.1725 0.0033333333333333335 0.006666666666666667
4 0.48583333333333334 0.17 0.004166666666666667 0.009166666666666667
0 0.5066666666666667 0.17 0.004166666666666667 0.006666666666666667
4 0.5358333333333334 0.16916666666666666 0.006666666666666667 0.014166666666666666
4 0.5516666666666666 0.1775 0.009166666666666667 0.016666666666666666
4 0.5508333333333333 0.16583333333333333 0.004166666666666667 0.008333333333333333
4 0.5591666666666667 0.16666666666666666 0.005833333333333334 0.013333333333333334
0 0.5625 0.16583333333333333 0.0033333333333333335 0.008333333333333333
4 0.6208333333333333 0.1625 0.004166666666666667 0.008333333333333333
0 0.6258333333333334 0.1625 0.004166666666666667 0.0075
0 0.6908333333333333 0.15916666666666668 0.004166666666666667 0.009166666666666667
4 0.6975 0.15916666666666668 0.006666666666666667 0.0125
0 0.75 0.15666666666666668 0.005 0.008333333333333333
0 0.76 0.15583333333333332 0.005833333333333334 0.011666666666666667
4 0.755 0.15583333333333332 0.004166666666666667 0.01
4 0.7666666666666667 0.155 0.006666666666666667 0.0125
0 0.8083333333333333 0.1525 0.005833333333333334 0.011666666666666667
4 0.8125 0.15083333333333335 0.0033333333333333335 0.010833333333333334
4 0.8266666666666667 0.15083333333333335 0.006666666666666667 0.0125
4 0.8491666666666666 0.14833333333333334 0.006666666666666667 0.011666666666666667
0 0.8541666666666666 0.14833333333333334 0.0075 0.011666666666666667
0 0.8625 0.14916666666666667 0.0075 0.011666666666666667
4 0.86 0.1475 0.006666666666666667 0.0125
4 0.8766666666666667 0.14583333333333334 0.0075 0.0125
0 0.9008333333333334 0.14416666666666667 0.009166666666666667 0.0125
0 0.9125 0.15166666666666667 0.0125 0.019166666666666665
0 0.9133333333333333 0.14416666666666667 0.010833333333333334 0.0125
0 0.9333333333333333 0.14083333333333334 0.006666666666666667 0.011666666666666667
4 0.9325 0.155 0.0075 0.02