0 0.7866666666666666 0.4658333333333333 0.06666666666666667 0.10916666666666666
0 0.8308333333333333 0.32666666666666666 0.03666666666666667 0.05416666666666667
0 0.7525 0.2783333333333333 0.02 0.034166666666666665
0 0.6608333333333334 0.25333333333333335 0.0125 0.025833333333333333
0 0.5283333333333333 0.24083333333333334 0.011666666666666667 0.023333333333333334
0 0.4091666666666667 0.24 0.01 0.023333333333333334
0 0.2675 0.2375 0.010833333333333334 0.023333333333333334
0 0.14333333333333334 0.2325 0.013333333333333334 0.024166666666666666
4 0.1825 0.22166666666666668 0.0125 0.018333333333333333
4 0.29083333333333333 0.2275 0.009166666666666667 0.016666666666666666
4 0.40166666666666667 0.22833333333333333 0.008333333333333333 0.015
4 0.5025 0.22916666666666666 0.0075 0.015833333333333335
4 0.605 0.23416666666666666 0.009166666666666667 0.019166666666666665
4 0.7383333333333333 0.24166666666666667 0.010833333333333334 0.0225
4 0.8866666666666667 0.2608333333333333 0.0175 0.028333333333333332