0 0.8233333333333334 0.405 0.05583333333333333 0.09
0 0.7983333333333333 0.24916666666666668 0.0175 0.02666666666666667
0 0.6341666666666667 0.24666666666666667 0.016666666666666666 0.02666666666666667
0 0.49166666666666664 0.23333333333333334 0.009166666666666667 0.024166666666666666
0 0.43166666666666664 0.22416666666666665 0.0075 0.02
4 0.7133333333333334 0.22916666666666666 0.011666666666666667 0.02
4 0.6025 0.225 0.010833333333333334 0.018333333333333333
4 0.5291666666666667 0.21666666666666667 0.0075 0.0175
4 0.16416666666666666 0.20166666666666666 0.009166666666666667 0.0175
4 0.2758333333333333 0.20333333333333334 0.0075 0.015833333333333335
0 0.23916666666666667 0.21083333333333334 0.009166666666666667 0.019166666666666665
0 0.12333333333333334 0.21 0.011666666666666667 0.019166666666666665
0 0.3458333333333333 0.21333333333333335 0.0075 0.0175
4 0.38083333333333336 0.20583333333333334 0.005833333333333334 0.015833333333333335
1 0.8308333333333333 0.225 0.016666666666666666 0.03333333333333333
4 0.91 0.23166666666666666 0.014166666666666666 0.020833333333333332
1 0.9241666666666667 0.24166666666666667 0.024166666666666666 0.043333333333333335
0 0.9233333333333333 0.32166666666666666 0.024166666666666666 0.045
0 0.3775 0.6125 0.09916666666666667 0.17833333333333334
4 0.4633333333333333 0.21 0.005833333333333334 0.0175