4 0.215 0.41583333333333333 0.05333333333333334 0.09833333333333333
4 0.30916666666666665 0.30666666666666664 0.035 0.0575
4 0.44583333333333336 0.25583333333333336 0.023333333333333334 0.04
4 0.6716666666666666 0.23 0.018333333333333333 0.034166666666666665
4 0.8125 0.2175 0.018333333333333333 0.034166666666666665
0 0.79 0.18083333333333335 0.009166666666666667 0.018333333333333333
0 0.7491666666666666 0.19333333333333333 0.010833333333333334 0.021666666666666667
0 0.6725 0.20416666666666666 0.011666666666666667 0.023333333333333334
0 0.5583333333333333 0.21416666666666667 0.011666666666666667 0.025833333333333333
0 0.43 0.22666666666666666 0.014166666666666666 0.028333333333333332
0 0.23166666666666666 0.25166666666666665 0.018333333333333333 0.034166666666666665
4 0.4191666666666667 0.7966666666666666 0.12583333333333332 0.2175
4 0.9283333333333333 0.2 0.015833333333333335 0.02666666666666667
4 0.93 0.18583333333333332 0.0125 0.02666666666666667
4 0.9308333333333333 0.16916666666666666 0.011666666666666667 0.020833333333333332
4 0.9316666666666666 0.15916666666666668 0.01 0.021666666666666667
4 0.9325 0.14916666666666667 0.0075 0.015
0 0.8141666666666667 0.17083333333333334 0.009166666666666667 0.015833333333333335
0 0.8308333333333333 0.165 0.008333333333333333 0.014166666666666666
0 0.8416666666666667 0.16083333333333333 0.0075 0.0125
0 0.8508333333333333 0.1575 0.0075 0.0125
0 0.8575 0.155 0.006666666666666667 0.011666666666666667
0 0.8641666666666666 0.1525 0.006666666666666667 0.011666666666666667
1 0.8716666666666667 0.1475 0.0075 0.0175
0 0.8766666666666667 0.1475 0.006666666666666667 0.011666666666666667
0 0.8808333333333334 0.1475 0.006666666666666667 0.010833333333333334
0 0.895 0.145 0.0075 0.009166666666666667
0 0.9183333333333333 0.1425 0.008333333333333333 0.009166666666666667