4 0.2775 0.57 0.09916666666666667 0.16916666666666666
4 0.3383333333333333 0.1975 0.0075 0.015833333333333335
4 0.39416666666666667 0.19916666666666666 0.0075 0.015833333333333335
4 0.6 0.19583333333333333 0.0125 0.020833333333333332
4 0.7791666666666667 0.19416666666666665 0.014166666666666666 0.023333333333333334
4 0.36583333333333334 0.19083333333333333 0.006666666666666667 0.014166666666666666
0 0.7808333333333334 0.1825 0.010833333333333334 0.020833333333333332
0 0.7291666666666666 0.17333333333333334 0.0075 0.014166666666666666
0 0.6433333333333333 0.185 0.008333333333333333 0.0175
0 0.6583333333333333 0.17666666666666667 0.006666666666666667 0.013333333333333334
4 0.6641666666666667 0.175 0.006666666666666667 0.014166666666666666
0 0.5283333333333333 0.18833333333333332 0.0075 0.015833333333333335
0 0.5533333333333333 0.18 0.005833333333333334 0.0125
0 0.5 0.1825 0.005833333333333334 0.014166666666666666
0 0.45916666666666667 0.18583333333333332 0.006666666666666667 0.014166666666666666
0 0.6083333333333333 0.17833333333333334 0.0075 0.013333333333333334
0 0.4691666666666667 0.18916666666666668 0.005833333333333334 0.014166666666666666
4 0.5391666666666667 0.17916666666666667 0.005833333333333334 0.013333333333333334
4 0.46416666666666667 0.19833333333333333 0.008333333333333333 0.018333333333333333
4 0.7325 0.17166666666666666 0.004166666666666667 0.0125
0 0.9108333333333334 0.17666666666666667 0.014166666666666666 0.025
0 0.9291666666666667 0.16083333333333333 0.01 0.019166666666666665
4 0.9241666666666667 0.16083333333333333 0.008333333333333333 0.015833333333333335
4 0.915 0.15666666666666668 0.006666666666666667 0.011666666666666667
0 0.8866666666666667 0.15916666666666668 0.006666666666666667 0.009166666666666667
0 0.845 0.1675 0.009166666666666667 0.014166666666666666
4 0.8566666666666667 0.16083333333333333 0.006666666666666667 0.010833333333333334
4 0.8266666666666667 0.1675 0.008333333333333333 0.015
0 0.8341666666666666 0.1625 0.004166666666666667 0.006666666666666667
0 0.7683333333333333 0.16666666666666666 0.004166666666666667 0.0075
4 0.7533333333333333 0.1675 0.004166666666666667 0.0075
4 0.7125 0.16833333333333333 0.0033333333333333335 0.008333333333333333
0 0.7158333333333333 0.16833333333333333 0.0025 0.0075
4 0.6608333333333334 0.17 0.0025 0.008333333333333333
0 0.6558333333333334 0.17083333333333334 0.0025 0.0075
0 0.5125 0.17666666666666667 0.0033333333333333335 0.006666666666666667
4 0.495 0.1775 0.0025 0.008333333333333333
4 0.47583333333333333 0.18166666666666667 0.0033333333333333335 0.013333333333333334
4 0.4708333333333333 0.17833333333333334 0.0025 0.0075
4 0.4558333333333333 0.17833333333333334 0.0033333333333333335 0.0075
4 0.4033333333333333 0.18583333333333332 0.005 0.013333333333333334
4 0.3958333333333333 0.1825 0.0033333333333333335 0.0075
0 0.3725 0.1825 0.0033333333333333335 0.005833333333333334
4 0.3641666666666667 0.18416666666666667 0.0033333333333333335 0.006666666666666667
4 0.35583333333333333 0.18583333333333332 0.0033333333333333335 0.01
4 0.35 0.18666666666666668 0.005 0.011666666666666667
4 0.35333333333333333 0.18416666666666667 0.0033333333333333335 0.008333333333333333
0 0.33916666666666667 0.18416666666666667 0.0033333333333333335 0.006666666666666667
4 0.33416666666666667 0.18583333333333332 0.0033333333333333335 0.008333333333333333
4 0.3275 0.1875 0.004166666666666667 0.010833333333333334
0 0.3175 0.18583333333333332 0.004166666666666667 0.0075
0 0.30833333333333335 0.18666666666666668 0.0033333333333333335 0.008333333333333333
0 0.305 0.18666666666666668 0.0033333333333333335 0.008333333333333333
0 0.2916666666666667 0.18916666666666668 0.004166666666666667 0.01
4 0.2975 0.19 0.004166666666666667 0.013333333333333334
4 0.2866666666666667 0.18833333333333332 0.004166666666666667 0.010833333333333334
0 0.2733333333333333 0.19083333333333333 0.005 0.010833333333333334
0 0.2683333333333333 0.19083333333333333 0.004166666666666667 0.01
4 0.2633333333333333 0.18916666666666668 0.004166666666666667 0.009166666666666667
4 0.25166666666666665 0.19 0.004166666666666667 0.01
4 0.23 0.195 0.006666666666666667 0.016666666666666666
4 0.23666666666666666 0.19083333333333333 0.004166666666666667 0.010833333333333334
0 0.2325 0.19333333333333333 0.0033333333333333335 0.011666666666666667
0 0.23416666666666666 0.19166666666666668 0.004166666666666667 0.010833333333333334
0 0.22 0.19166666666666668 0.004166666666666667 0.008333333333333333
0 0.19916666666666666 0.19416666666666665 0.005 0.0075
0 0.19166666666666668 0.19416666666666665 0.005 0.008333333333333333
0 0.17666666666666667 0.19666666666666666 0.010833333333333334 0.0125
0 0.10916666666666666 0.20333333333333334 0.0075 0.011666666666666667
4 0.145 0.2025 0.008333333333333333 0.014166666666666666