4 0.7441666666666666 0.1925 0.006666666666666667 0.0225
4 0.6041666666666666 0.19166666666666668 0.005 0.015833333333333335
4 0.5866666666666667 0.1875 0.006666666666666667 0.0125
4 0.6 0.18166666666666667 0.004166666666666667 0.011666666666666667
0 0.7691666666666667 0.18166666666666667 0.006666666666666667 0.018333333333333333
0 0.7233333333333334 0.18083333333333335 0.004166666666666667 0.016666666666666666
4 0.2833333333333333 0.20416666666666666 0.006666666666666667 0.015
4 0.36833333333333335 0.195 0.005833333333333334 0.0125
4 0.43 0.18666666666666668 0.004166666666666667 0.0125
4 0.47 0.18416666666666667 0.004166666666666667 0.011666666666666667
4 0.13416666666666666 0.21416666666666667 0.009166666666666667 0.016666666666666666
4 0.27166666666666667 0.19333333333333333 0.005833333333333334 0.01
4 0.2966666666666667 0.19166666666666668 0.0033333333333333335 0.01
4 0.30416666666666664 0.19083333333333333 0.0033333333333333335 0.01
0 0.13916666666666666 0.21 0.006666666666666667 0.015
0 0.21333333333333335 0.205 0.0075 0.013333333333333334
0 0.25333333333333335 0.195 0.005833333333333334 0.009166666666666667
0 0.24166666666666667 0.195 0.0033333333333333335 0.0075
0 0.2891666666666667 0.19833333333333333 0.006666666666666667 0.014166666666666666
0 0.30083333333333334 0.19333333333333333 0.004166666666666667 0.009166666666666667
0 0.33916666666666667 0.19166666666666668 0.005833333333333334 0.013333333333333334
0 0.35 0.19083333333333333 0.005 0.009166666666666667
0 0.37333333333333335 0.19 0.004166666666666667 0.011666666666666667
0 0.38416666666666666 0.18916666666666668 0.004166666666666667 0.009166666666666667
4 0.405 0.18583333333333332 0.004166666666666667 0.011666666666666667
4 0.3333333333333333 0.18916666666666668 0.0033333333333333335 0.009166666666666667
4 0.3525 0.18916666666666668 0.0025 0.01
4 0.36 0.18583333333333332 0.0033333333333333335 0.0075
4 0.36583333333333334 0.18583333333333332 0.0033333333333333335 0.0075
0 0.32083333333333336 0.18916666666666668 0.0025 0.0075
0 0.32916666666666666 0.18916666666666668 0.0033333333333333335 0.008333333333333333
0 0.8066666666666666 0.17416666666666666 0.004166666666666667 0.0125
0 0.8808333333333334 0.17666666666666667 0.0075 0.019166666666666665
4 0.8908333333333334 0.18833333333333332 0.008333333333333333 0.020833333333333332
4 0.6683333333333333 0.17666666666666667 0.005 0.015
4 0.7391666666666666 0.17333333333333334 0.0033333333333333335 0.0125
0 0.7458333333333333 0.175 0.0033333333333333335 0.0125
0 0.5833333333333334 0.1775 0.0025 0.006666666666666667
0 0.6425 0.17333333333333334 0.0025 0.006666666666666667
4 0.6508333333333334 0.17333333333333334 0.0033333333333333335 0.009166666666666667
4 0.44416666666666665 0.185 0.004166666666666667 0.0125
4 0.43833333333333335 0.18333333333333332 0.0033333333333333335 0.006666666666666667
4 0.49416666666666664 0.18 0.0033333333333333335 0.008333333333333333
4 0.5058333333333334 0.18 0.0033333333333333335 0.008333333333333333
4 0.5325 0.17916666666666667 0.0025 0.0075
0 0.5191666666666667 0.17916666666666667 0.0025 0.006666666666666667
0 0.49083333333333334 0.18083333333333335 0.0025 0.005
0 0.5375 0.17833333333333334 0.0033333333333333335 0.008333333333333333