0 0.32666666666666666 0.63 0.04666666666666667 0.041666666666666664
2 0.27666666666666667 0.3283333333333333 0.016666666666666666 0.034166666666666665
2 0.37083333333333335 0.3575 0.021666666666666667 0.04666666666666667
2 0.37083333333333335 0.3233333333333333 0.015 0.03166666666666667
0 0.43083333333333335 0.3541666666666667 0.023333333333333334 0.043333333333333335
4 0.445 0.32 0.015833333333333335 0.0325
4 0.6175 0.3075 0.013333333333333334 0.029166666666666667
0 0.6133333333333333 0.3433333333333333 0.024166666666666666 0.04
0 0.8016666666666666 0.4425 0.05583333333333333 0.08166666666666667
0 0.7566666666666667 0.33166666666666667 0.021666666666666667 0.0375
0 0.8966666666666666 0.31916666666666665 0.023333333333333334 0.034166666666666665
0 0.9316666666666666 0.26416666666666666 0.008333333333333333 0.014166666666666666
2 0.065 0.33 0.0033333333333333335 0.0075
4 0.7166666666666667 0.3016666666666667 0.013333333333333334 0.02666666666666667
4 0.8058333333333333 0.2925 0.013333333333333334 0.023333333333333334
4 0.8775 0.28583333333333333 0.0125 0.020833333333333332
4 0.8691666666666666 0.28 0.01 0.02
4 0.8441666666666666 0.27416666666666667 0.008333333333333333 0.015833333333333335
4 0.84 0.2683333333333333 0.006666666666666667 0.014166666666666666
4 0.835 0.2625 0.005833333333333334 0.0125
4 0.8241666666666667 0.265 0.006666666666666667 0.011666666666666667
4 0.88 0.25916666666666666 0.005833333333333334 0.011666666666666667