0 0.5675 0.44583333333333336 0.0033333333333333335 0.008333333333333333
0 0.5583333333333333 0.44916666666666666 0.0033333333333333335 0.008333333333333333
0 0.5441666666666667 0.4525 0.004166666666666667 0.01
0 0.5333333333333333 0.4575 0.005833333333333334 0.0125
0 0.5141666666666667 0.4658333333333333 0.0075 0.015
0 0.37833333333333335 0.5391666666666667 0.023333333333333334 0.045
0 0.4825 0.4825 0.010833333333333334 0.0225
4 0.7191666666666666 0.5508333333333333 0.034166666666666665 0.051666666666666666
4 0.6416666666666667 0.4841666666666667 0.0125 0.023333333333333334
4 0.6308333333333334 0.4666666666666667 0.008333333333333333 0.015
4 0.6241666666666666 0.45666666666666667 0.005 0.0125
4 0.62 0.4533333333333333 0.004166666666666667 0.01
4 0.92 0.44333333333333336 0.005 0.009166666666666667
0 0.5758333333333333 0.4425 0.0033333333333333335 0.005833333333333334
0 0.5808333333333333 0.44083333333333335 0.0033333333333333335 0.006666666666666667
0 0.5933333333333334 0.44083333333333335 0.0025 0.005833333333333334
0 0.5708333333333333 0.44416666666666665 0.0025 0.005833333333333334
4 0.6183333333333333 0.44916666666666666 0.0025 0.006666666666666667
4 0.6166666666666667 0.44666666666666666 0.0025 0.005833333333333334
4 0.6208333333333333 0.44083333333333335 0.0025 0.005
4 0.6358333333333334 0.44 0.0025 0.005
4 0.6616666666666666 0.43916666666666665 0.0025 0.005
0 0.645 0.43916666666666665 0.0025 0.005
0 0.6691666666666667 0.43916666666666665 0.0025 0.005
4 0.6966666666666667 0.44083333333333335 0.0033333333333333335 0.005
0 0.7016666666666667 0.43916666666666665 0.0025 0.005
4 0.7358333333333333 0.44083333333333335 0.0025 0.005
0 0.7391666666666666 0.44 0.0025 0.005833333333333334
4 0.7641666666666667 0.44083333333333335 0.0033333333333333335 0.006666666666666667
0 0.77 0.44083333333333335 0.0033333333333333335 0.005
0 0.7966666666666666 0.44083333333333335 0.0025 0.005833333333333334
0 0.825 0.44083333333333335 0.0033333333333333335 0.006666666666666667
4 0.7991666666666667 0.4425 0.0033333333333333335 0.005833333333333334
4 0.8341666666666666 0.4425 0.004166666666666667 0.0075
0 0.8558333333333333 0.44166666666666665 0.004166666666666667 0.006666666666666667
0 0.8966666666666666 0.4425 0.004166666666666667 0.0075