0 0.11166666666666666 0.30666666666666664 0.011666666666666667 0.0175
0 0.31916666666666665 0.30083333333333334 0.008333333333333333 0.016666666666666666
0 0.37916666666666665 0.30916666666666665 0.009166666666666667 0.02
0 0.415 0.31916666666666665 0.011666666666666667 0.023333333333333334
0 0.5458333333333333 0.33416666666666667 0.014166666666666666 0.03
0 0.7683333333333333 0.3383333333333333 0.021666666666666667 0.035833333333333335
0 0.7358333333333333 0.5166666666666667 0.059166666666666666 0.11
1 0.8666666666666667 0.2975 0.019166666666666665 0.0425
4 0.7033333333333334 0.30833333333333335 0.011666666666666667 0.023333333333333334
4 0.5758333333333333 0.305 0.009166666666666667 0.018333333333333333
4 0.5091666666666667 0.2991666666666667 0.0075 0.015833333333333335
4 0.45166666666666666 0.2941666666666667 0.006666666666666667 0.015
4 0.37916666666666665 0.29 0.0075 0.015833333333333335
4 0.2816666666666667 0.2925 0.0075 0.015