0 0.32916666666666666 0.5691666666666667 0.03333333333333333 0.05583333333333333
0 0.4175 0.5166666666666667 0.020833333333333332 0.034166666666666665
0 0.36333333333333334 0.48333333333333334 0.01 0.02
0 0.3 0.47833333333333333 0.009166666666666667 0.0175
0 0.235 0.4775 0.009166666666666667 0.015
0 0.1725 0.4791666666666667 0.009166666666666667 0.015833333333333335
0 0.0775 0.4866666666666667 0.0125 0.0175
0 0.41083333333333333 0.495 0.0075 0.025833333333333333
4 0.7258333333333333 0.5383333333333333 0.029166666666666667 0.045
4 0.6608333333333334 0.5016666666666667 0.016666666666666666 0.03
4 0.55 0.4775 0.010833333333333334 0.019166666666666665
4 0.4625 0.4708333333333333 0.0075 0.015833333333333335
4 0.3875 0.4675 0.0075 0.014166666666666666
4 0.31583333333333335 0.4675 0.006666666666666667 0.013333333333333334
4 0.14583333333333334 0.47583333333333333 0.008333333333333333 0.014166666666666666
4 0.08416666666666667 0.4675 0.005833333333333334 0.009166666666666667
4 0.8466666666666667 0.4425 0.0033333333333333335 0.006666666666666667
4 0.815 0.4425 0.0033333333333333335 0.006666666666666667
4 0.7825 0.445 0.0033333333333333335 0.006666666666666667
4 0.7641666666666667 0.44583333333333336 0.0025 0.0075
4 0.7483333333333333 0.4475 0.0033333333333333335 0.008333333333333333
4 0.7383333333333333 0.4483333333333333 0.004166666666666667 0.008333333333333333
4 0.7216666666666667 0.45166666666666666 0.005833333333333334 0.009166666666666667
4 0.7033333333333334 0.45416666666666666 0.005 0.010833333333333334
4 0.6516666666666666 0.45666666666666667 0.005833333333333334 0.010833333333333334
4 0.5733333333333334 0.45666666666666667 0.005833333333333334 0.0125
4 0.515 0.4558333333333333 0.005 0.010833333333333334
4 0.5008333333333334 0.4525 0.0033333333333333335 0.009166666666666667
4 0.485 0.4533333333333333 0.004166666666666667 0.01
4 0.4791666666666667 0.4558333333333333 0.005833333333333334 0.011666666666666667
0 0.6316666666666667 0.4525 0.004166666666666667 0.009166666666666667
0 0.675 0.4483333333333333 0.0033333333333333335 0.008333333333333333
0 0.6933333333333334 0.44666666666666666 0.0033333333333333335 0.005833333333333334
0 0.5941666666666666 0.4525 0.005 0.010833333333333334
0 0.555 0.45166666666666666 0.0033333333333333335 0.009166666666666667
0 0.5591666666666667 0.4525 0.004166666666666667 0.009166666666666667
0 0.565 0.45 0.0033333333333333335 0.0075
0 0.5783333333333334 0.44916666666666666 0.0033333333333333335 0.0075
4 0.52 0.4508333333333333 0.0033333333333333335 0.008333333333333333
4 0.5366666666666666 0.45 0.0033333333333333335 0.006666666666666667
0 0.705 0.44583333333333336 0.0033333333333333335 0.006666666666666667
0 0.7241666666666666 0.44416666666666665 0.0025 0.005833333333333334
0 0.7675 0.4425 0.0025 0.0075
0 0.7975 0.44166666666666665 0.0033333333333333335 0.006666666666666667
0 0.12583333333333332 0.465 0.0033333333333333335 0.008333333333333333
4 0.1725 0.4633333333333333 0.004166666666666667 0.0075
0 0.1925 0.46166666666666667 0.0025 0.006666666666666667
4 0.2375 0.4716666666666667 0.0033333333333333335 0.011666666666666667
4 0.25666666666666665 0.4583333333333333 0.0033333333333333335 0.0075
0 0.2808333333333333 0.4575 0.0025 0.005
4 0.22416666666666665 0.4608333333333333 0.0025 0.005
4 0.3175 0.455 0.0033333333333333335 0.005
4 0.3433333333333333 0.4533333333333333 0.0025 0.005833333333333334
0 0.3358333333333333 0.4533333333333333 0.0025 0.004166666666666667
0 0.30833333333333335 0.4558333333333333 0.0025 0.005
1 0.3616666666666667 0.45 0.0025 0.005833333333333334
1 0.38083333333333336 0.45 0.0025 0.006666666666666667
0 0.37666666666666665 0.4508333333333333 0.0016666666666666668 0.004166666666666667
4 0.36583333333333334 0.4525 0.0025 0.005833333333333334
4 0.395 0.4508333333333333 0.0025 0.004166666666666667
4 0.415 0.45 0.0025 0.005
0 0.42 0.44916666666666666 0.0016666666666666668 0.005
0 0.3975 0.45 0.0016666666666666668 0.004166666666666667
0 0.435 0.4483333333333333 0.0016666666666666668 0.005
4 0.45666666666666667 0.4475 0.0025 0.005
0 0.445 0.4483333333333333 0.0016666666666666668 0.004166666666666667
0 0.4675 0.44666666666666666 0.0016666666666666668 0.004166666666666667
4 0.47583333333333333 0.44666666666666666 0.0025 0.004166666666666667
0 0.49166666666666664 0.44583333333333336 0.0016666666666666668 0.004166666666666667
4 0.49583333333333335 0.44583333333333336 0.0016666666666666668 0.0033333333333333335
4 0.5483333333333333 0.4483333333333333 0.0025 0.005833333333333334
4 0.5625 0.445 0.0025 0.005
0 0.57 0.44333333333333336 0.0025 0.005
0 0.5808333333333333 0.44333333333333336 0.0025 0.004166666666666667
0 0.59 0.4483333333333333 0.0016666666666666668 0.005
0 0.6041666666666666 0.445 0.0025 0.004166666666666667
0 0.5975 0.44416666666666665 0.0016666666666666668 0.004166666666666667
0 0.5933333333333334 0.44666666666666666 0.0025 0.005
0 0.5891666666666666 0.44333333333333336 0.0025 0.004166666666666667
0 0.595 0.445 0.0016666666666666668 0.005
0 0.6533333333333333 0.4508333333333333 0.0025 0.008333333333333333
0 0.8266666666666667 0.44083333333333335 0.0033333333333333335 0.005
0 0.9275 0.44083333333333335 0.0025 0.005833333333333334
4 0.8875 0.44166666666666665 0.0025 0.005833333333333334