0 0.705 0.5658333333333333 0.05583333333333333 0.10583333333333333
0 0.8091666666666667 0.35833333333333334 0.0075 0.015
0 0.7166666666666667 0.3516666666666667 0.006666666666666667 0.013333333333333334
4 0.7966666666666666 0.3525 0.005833333333333334 0.011666666666666667
4 0.8825 0.3575 0.005833333333333334 0.0125
4 0.6508333333333334 0.3425 0.0033333333333333335 0.009166666666666667
0 0.915 0.36583333333333334 0.009166666666666667 0.015
0 0.6158333333333333 0.3441666666666667 0.004166666666666667 0.0125
0 0.5683333333333334 0.3375 0.0033333333333333335 0.011666666666666667
0 0.54 0.3325 0.0033333333333333335 0.01
4 0.7875 0.3425 0.0025 0.0075
4 0.7425 0.33916666666666667 0.0016666666666666668 0.005
0 0.7708333333333334 0.3408333333333333 0.0025 0.005
0 0.7341666666666666 0.3375 0.0025 0.005
0 0.7066666666666667 0.3358333333333333 0.0025 0.005
4 0.7016666666666667 0.3358333333333333 0.0025 0.005
4 0.8766666666666667 0.3475 0.0033333333333333335 0.0075
0 0.8358333333333333 0.345 0.0033333333333333335 0.006666666666666667