0 0.19583333333333333 0.6508333333333334 0.06666666666666667 0.095
0 0.44416666666666665 0.5391666666666667 0.024166666666666666 0.045
0 0.5241666666666667 0.5025 0.014166666666666666 0.03
0 0.5666666666666667 0.485 0.0125 0.023333333333333334
0 0.56 0.475 0.0075 0.018333333333333333
0 0.5216666666666666 0.4675 0.0075 0.015833333333333335
0 0.4725 0.4633333333333333 0.005833333333333334 0.0125
0 0.425 0.4625 0.005 0.0125
0 0.38333333333333336 0.4625 0.006666666666666667 0.013333333333333334
0 0.3325 0.465 0.006666666666666667 0.011666666666666667
0 0.25333333333333335 0.4708333333333333 0.008333333333333333 0.014166666666666666
0 0.15416666666666667 0.4766666666666667 0.009166666666666667 0.015
4 0.7916666666666666 0.5616666666666666 0.035833333333333335 0.0575
4 0.7766666666666666 0.5025 0.019166666666666665 0.03
4 0.7508333333333334 0.48333333333333334 0.011666666666666667 0.023333333333333334
4 0.6683333333333333 0.4666666666666667 0.009166666666666667 0.015833333333333335
4 0.5966666666666667 0.46166666666666667 0.006666666666666667 0.013333333333333334
4 0.5341666666666667 0.4575 0.005833333333333334 0.0125
4 0.6116666666666667 0.45 0.005 0.009166666666666667
4 0.6441666666666667 0.45166666666666666 0.005833333333333334 0.010833333333333334
4 0.6983333333333334 0.4525 0.005833333333333334 0.010833333333333334
4 0.7791666666666667 0.4533333333333333 0.006666666666666667 0.0125
4 0.8416666666666667 0.4525 0.0075 0.011666666666666667
4 0.8675 0.45 0.006666666666666667 0.011666666666666667
4 0.8933333333333333 0.4475 0.005 0.009166666666666667
4 0.9091666666666667 0.44666666666666666 0.004166666666666667 0.009166666666666667
4 0.9341666666666667 0.445 0.0033333333333333335 0.0075
4 0.6666666666666666 0.44666666666666666 0.0033333333333333335 0.0075
4 0.6316666666666667 0.4483333333333333 0.0033333333333333335 0.009166666666666667
4 0.6166666666666667 0.45 0.0033333333333333335 0.009166666666666667
4 0.65 0.4475 0.004166666666666667 0.009166666666666667
4 0.4766666666666667 0.45666666666666667 0.005833333333333334 0.010833333333333334
4 0.41833333333333333 0.4583333333333333 0.005 0.011666666666666667
4 0.36083333333333334 0.4608333333333333 0.005833333333333334 0.010833333333333334
4 0.31083333333333335 0.4625 0.006666666666666667 0.0125
4 0.24083333333333334 0.4666666666666667 0.0075 0.014166666666666666
0 0.6841666666666667 0.4483333333333333 0.0033333333333333335 0.008333333333333333
0 0.6883333333333334 0.44916666666666666 0.0033333333333333335 0.0075
0 0.6941666666666667 0.4475 0.0033333333333333335 0.0075
0 0.7091666666666666 0.44666666666666666 0.0033333333333333335 0.0075
0 0.7225 0.4508333333333333 0.004166666666666667 0.008333333333333333
0 0.7275 0.445 0.0025 0.006666666666666667
4 0.68 0.445 0.0033333333333333335 0.0075
0 0.7625 0.45 0.005 0.009166666666666667
0 0.7875 0.44916666666666666 0.004166666666666667 0.008333333333333333
0 0.815 0.44666666666666666 0.004166666666666667 0.009166666666666667
0 0.8566666666666667 0.445 0.0033333333333333335 0.008333333333333333
0 0.8841666666666667 0.44333333333333336 0.004166666666666667 0.0075
4 0.09416666666666666 0.46416666666666667 0.0033333333333333335 0.005833333333333334
4 0.12833333333333333 0.4625 0.004166666666666667 0.006666666666666667
4 0.15 0.4716666666666667 0.004166666666666667 0.014166666666666666
0 0.135 0.46166666666666667 0.0033333333333333335 0.006666666666666667
0 0.17083333333333334 0.4608333333333333 0.0033333333333333335 0.005
4 0.1825 0.46166666666666667 0.0033333333333333335 0.0075
4 0.23083333333333333 0.45916666666666667 0.004166666666666667 0.006666666666666667
0 0.21416666666666667 0.45916666666666667 0.0033333333333333335 0.005833333333333334
0 0.27416666666666667 0.45666666666666667 0.0025 0.005
4 0.30583333333333335 0.455 0.0025 0.005
0 0.32916666666666666 0.45416666666666666 0.0025 0.005
4 0.36 0.4533333333333333 0.0025 0.005
0 0.3725 0.4525 0.0025 0.005
4 0.3958333333333333 0.45166666666666666 0.0025 0.005
4 0.4191666666666667 0.4508333333333333 0.0025 0.005
0 0.43666666666666665 0.45 0.0025 0.004166666666666667
0 0.4583333333333333 0.4483333333333333 0.0025 0.004166666666666667
4 0.4666666666666667 0.44916666666666666 0.0025 0.005
0 0.4816666666666667 0.4475 0.0016666666666666668 0.005
4 0.4875 0.4475 0.0025 0.005
4 0.5066666666666667 0.44666666666666666 0.0025 0.005
1 0.5033333333333333 0.445 0.0025 0.006666666666666667
0 0.5166666666666667 0.44583333333333336 0.0016666666666666668 0.004166666666666667
1 0.52 0.445 0.0033333333333333335 0.006666666666666667
4 0.5333333333333333 0.44583333333333336 0.0025 0.005
4 0.5508333333333333 0.445 0.0016666666666666668 0.0033333333333333335
4 0.5691666666666667 0.445 0.0016666666666666668 0.005
0 0.555 0.445 0.0025 0.004166666666666667
0 0.5791666666666667 0.44416666666666665 0.0016666666666666668 0.0033333333333333335
4 0.59 0.44416666666666665 0.0025 0.005
4 0.6091666666666666 0.44333333333333336 0.0025 0.004166666666666667
4 0.6283333333333333 0.4425 0.0025 0.005
0 0.6241666666666666 0.4425 0.0016666666666666668 0.004166666666666667
0 0.6475 0.4425 0.0016666666666666668 0.004166666666666667
0 0.6683333333333333 0.4425 0.0016666666666666668 0.004166666666666667
4 0.6866666666666666 0.4425 0.0016666666666666668 0.005
4 0.6916666666666667 0.44166666666666665 0.0025 0.004166666666666667
4 0.6966666666666667 0.44333333333333336 0.0016666666666666668 0.005
0 0.7058333333333333 0.44166666666666665 0.0025 0.005
0 0.7341666666666666 0.4425 0.0025 0.005
0 0.74 0.4425 0.0025 0.005
0 0.7225 0.44583333333333336 0.0025 0.005833333333333334
0 0.7291666666666666 0.44416666666666665 0.0025 0.005
0 0.7258333333333333 0.44166666666666665 0.0025 0.005
0 0.84 0.44583333333333336 0.0033333333333333335 0.0075
0 0.9158333333333334 0.44166666666666665 0.0033333333333333335 0.006666666666666667