0 0.84 0.265 0.008333333333333333 0.013333333333333334
0 0.8558333333333333 0.2708333333333333 0.010833333333333334 0.016666666666666666
0 0.905 0.2783333333333333 0.0125 0.02
0 0.9141666666666667 0.2625 0.0075 0.013333333333333334
4 0.7308333333333333 0.4658333333333333 0.058333333333333334 0.095
4 0.8725 0.37 0.04 0.055
4 0.8733333333333333 0.30916666666666665 0.021666666666666667 0.03166666666666667
4 0.7908333333333334 0.29083333333333333 0.013333333333333334 0.023333333333333334
4 0.7641666666666667 0.2791666666666667 0.01 0.02
4 0.7275 0.2708333333333333 0.006666666666666667 0.014166666666666666
4 0.7316666666666667 0.2658333333333333 0.004166666666666667 0.014166666666666666
4 0.7708333333333334 0.26166666666666666 0.0075 0.011666666666666667
4 0.8383333333333334 0.25916666666666666 0.006666666666666667 0.0125
4 0.9066666666666666 0.25666666666666665 0.0075 0.0125
4 0.2925 0.7008333333333333 0.0925 0.185