0 0.77 0.6066666666666667 0.0725 0.11166666666666666
0 0.8433333333333334 0.37666666666666665 0.010833333333333334 0.0175
0 0.8666666666666667 0.3625 0.005 0.006666666666666667
0 0.7975 0.3591666666666667 0.0033333333333333335 0.005
0 0.7466666666666667 0.3725 0.006666666666666667 0.015833333333333335
4 0.7433333333333333 0.36666666666666664 0.0033333333333333335 0.010833333333333334
0 0.6408333333333334 0.3641666666666667 0.005833333333333334 0.0125
4 0.92 0.37666666666666665 0.010833333333333334 0.015833333333333335
4 0.91 0.365 0.005833333333333334 0.009166666666666667
4 0.8283333333333334 0.37166666666666665 0.006666666666666667 0.013333333333333334
4 0.8158333333333333 0.3616666666666667 0.0033333333333333335 0.008333333333333333
4 0.7683333333333333 0.35833333333333334 0.0033333333333333335 0.0075
0 0.7583333333333333 0.3575 0.0033333333333333335 0.005833333333333334
0 0.73 0.355 0.0025 0.005
4 0.7258333333333333 0.3541666666666667 0.0025 0.005833333333333334