0 0.625 0.28583333333333333 0.03333333333333333 0.06166666666666667
0 0.5766666666666667 0.22333333333333333 0.021666666666666667 0.03916666666666667
0 0.55 0.19166666666666668 0.015 0.0275
4 0.8108333333333333 0.225 0.0225 0.035833333333333335
0 0.5416666666666666 0.17666666666666667 0.010833333333333334 0.0225
0 0.42583333333333334 0.1575 0.01 0.0175
0 0.3466666666666667 0.15166666666666667 0.008333333333333333 0.0175
0 0.25666666666666665 0.145 0.010833333333333334 0.016666666666666666
0 0.09583333333333334 0.13 0.009166666666666667 0.015
0 0.085 0.125 0.0075 0.015
2 0.12416666666666666 0.115 0.005833333333333334 0.009166666666666667
4 0.2075 0.13333333333333333 0.008333333333333333 0.014166666666666666
4 0.18916666666666668 0.12916666666666668 0.0075 0.014166666666666666
4 0.17 0.12583333333333332 0.0075 0.0125
0 0.16666666666666666 0.13833333333333334 0.008333333333333333 0.015833333333333335
0 0.5166666666666667 0.16583333333333333 0.008333333333333333 0.016666666666666666
4 0.7091666666666666 0.19583333333333333 0.013333333333333334 0.024166666666666666
0 0.3325 0.4825 0.06666666666666667 0.12333333333333334
4 0.6541666666666667 0.18083333333333335 0.006666666666666667 0.015833333333333335
4 0.32416666666666666 0.145 0.008333333333333333 0.010833333333333334
4 0.24916666666666668 0.13916666666666666 0.006666666666666667 0.011666666666666667
4 0.385 0.14916666666666667 0.004166666666666667 0.010833333333333334
4 0.4725 0.15583333333333332 0.004166666666666667 0.010833333333333334
4 0.5358333333333334 0.16166666666666665 0.005833333333333334 0.010833333333333334
4 0.16166666666666665 0.12416666666666666 0.004166666666666667 0.010833333333333334
4 0.14916666666666667 0.12 0.006666666666666667 0.009166666666666667
0 0.08416666666666667 0.12083333333333333 0.006666666666666667 0.011666666666666667
0 0.09583333333333334 0.11583333333333333 0.005833333333333334 0.009166666666666667
2 0.09 0.11416666666666667 0.005 0.01