4 0.9283333333333333 0.4625 0.009166666666666667 0.015
0 0.9041666666666667 0.4575 0.0075 0.010833333333333334
4 0.8408333333333333 0.46166666666666667 0.0075 0.015
4 0.7708333333333334 0.4625 0.006666666666666667 0.0125
4 0.6941666666666667 0.46416666666666667 0.006666666666666667 0.0125
4 0.6483333333333333 0.4675 0.006666666666666667 0.015
4 0.6308333333333334 0.4741666666666667 0.0075 0.0175
4 0.6258333333333334 0.48833333333333334 0.01 0.02
4 0.6508333333333334 0.5108333333333334 0.015 0.03166666666666667
4 0.7033333333333334 0.565 0.0275 0.05416666666666667
0 0.81 0.4575 0.006666666666666667 0.01
0 0.7433333333333333 0.4575 0.005833333333333334 0.010833333333333334
0 0.675 0.45916666666666667 0.005 0.010833333333333334
0 0.61 0.4608333333333333 0.005 0.01
0 0.5591666666666667 0.4658333333333333 0.005833333333333334 0.0125
0 0.5216666666666666 0.4725 0.0075 0.014166666666666666
0 0.4716666666666667 0.485 0.009166666666666667 0.02
0 0.41833333333333333 0.5083333333333333 0.014166666666666666 0.029166666666666667
0 0.34 0.5625 0.028333333333333332 0.050833333333333335
1 0.14833333333333334 0.6733333333333333 0.09833333333333333 0.18083333333333335
1 0.8858333333333334 0.6783333333333333 0.0975 0.19083333333333333