4 0.16666666666666666 0.605 0.11333333333333333 0.17916666666666667
0 0.1025 0.21416666666666667 0.006666666666666667 0.014166666666666666
0 0.23083333333333333 0.20416666666666666 0.0075 0.015
4 0.1225 0.21833333333333332 0.008333333333333333 0.018333333333333333
4 0.22166666666666668 0.21083333333333334 0.0075 0.016666666666666666
4 0.30666666666666664 0.2025 0.0075 0.016666666666666666
0 0.3275 0.19666666666666666 0.005833333333333334 0.0125
0 0.7658333333333334 0.1675 0.006666666666666667 0.013333333333333334
0 0.8433333333333334 0.1625 0.006666666666666667 0.015
4 0.8533333333333334 0.17 0.008333333333333333 0.015833333333333335
4 0.7483333333333333 0.1775 0.008333333333333333 0.018333333333333333
0 0.6891666666666667 0.17333333333333334 0.005833333333333334 0.011666666666666667
0 0.5241666666666667 0.18333333333333332 0.005833333333333334 0.010833333333333334
4 0.535 0.1875 0.006666666666666667 0.013333333333333334
4 0.6158333333333333 0.18166666666666667 0.0075 0.015833333333333335
0 0.5941666666666666 0.17 0.004166666666666667 0.0075
0 0.6133333333333333 0.16916666666666666 0.0033333333333333335 0.008333333333333333
0 0.6208333333333333 0.1675 0.0033333333333333335 0.0075
0 0.6466666666666666 0.16833333333333333 0.0033333333333333335 0.009166666666666667
4 0.6508333333333334 0.1675 0.004166666666666667 0.01