4 0.91 0.6033333333333334 0.0525 0.075
4 0.8733333333333333 0.535 0.029166666666666667 0.0425
0 0.23083333333333333 0.6366666666666667 0.04833333333333333 0.0875
0 0.49666666666666665 0.5316666666666666 0.024166666666666666 0.03833333333333333
0 0.595 0.5016666666666667 0.014166666666666666 0.02666666666666667
0 0.71 0.48583333333333334 0.011666666666666667 0.020833333333333332
0 0.855 0.48 0.011666666666666667 0.019166666666666665
0 0.8433333333333334 0.45416666666666666 0.0033333333333333335 0.006666666666666667
0 0.8475 0.4533333333333333 0.0025 0.005
0 0.8625 0.4533333333333333 0.0025 0.005
0 0.8733333333333333 0.45416666666666666 0.0033333333333333335 0.005
0 0.8841666666666667 0.4525 0.0025 0.004166666666666667
4 0.905 0.45416666666666666 0.004166666666666667 0.008333333333333333
4 0.9166666666666666 0.4533333333333333 0.0033333333333333335 0.006666666666666667
4 0.9291666666666667 0.45416666666666666 0.0033333333333333335 0.0075
0 0.9225 0.455 0.004166666666666667 0.0075