4 0.395 0.58 0.08666666666666667 0.17666666666666667
4 0.0775 0.33416666666666667 0.0275 0.06333333333333334
4 0.17 0.2825 0.02666666666666667 0.045
4 0.23916666666666667 0.255 0.019166666666666665 0.034166666666666665
4 0.33166666666666667 0.23 0.013333333333333334 0.023333333333333334
4 0.3908333333333333 0.21583333333333332 0.01 0.02
4 0.5108333333333334 0.19583333333333333 0.010833333333333334 0.018333333333333333
4 0.4241666666666667 0.20833333333333334 0.009166666666666667 0.015833333333333335
0 0.15166666666666667 0.23666666666666666 0.015833333333333335 0.025
0 0.2375 0.2225 0.010833333333333334 0.021666666666666667
0 0.29083333333333333 0.2125 0.009166666666666667 0.0175
0 0.36083333333333334 0.20333333333333334 0.0075 0.015833333333333335
0 0.39916666666666667 0.1975 0.008333333333333333 0.015
0 0.43166666666666664 0.1925 0.005833333333333334 0.014166666666666666
0 0.455 0.18833333333333332 0.006666666666666667 0.0125
0 0.49166666666666664 0.1825 0.005833333333333334 0.011666666666666667
0 0.5525 0.17666666666666667 0.004166666666666667 0.010833333333333334
0 0.5733333333333334 0.17333333333333334 0.005 0.01
0 0.065 0.22166666666666668 0.0025 0.009166666666666667
4 0.07416666666666667 0.21333333333333335 0.006666666666666667 0.010833333333333334
4 0.10166666666666667 0.21583333333333332 0.008333333333333333 0.013333333333333334
0 0.14 0.20833333333333334 0.005833333333333334 0.008333333333333333
0 0.16833333333333333 0.21166666666666667 0.006666666666666667 0.015833333333333335
4 0.18166666666666667 0.21083333333333334 0.0075 0.013333333333333334
0 0.205 0.2025 0.005 0.008333333333333333
4 0.23416666666666666 0.20083333333333334 0.005 0.01
0 0.275 0.20333333333333334 0.004166666666666667 0.011666666666666667
0 0.26666666666666666 0.1975 0.0033333333333333335 0.0075
4 0.2708333333333333 0.20166666666666666 0.0033333333333333335 0.0125
4 0.29833333333333334 0.195 0.0033333333333333335 0.009166666666666667
0 0.31333333333333335 0.19416666666666665 0.0033333333333333335 0.006666666666666667
0 0.3325 0.19583333333333333 0.005 0.011666666666666667
4 0.33666666666666667 0.19083333333333333 0.0033333333333333335 0.009166666666666667
4 0.3441666666666667 0.19166666666666668 0.0033333333333333335 0.009166666666666667
0 0.3591666666666667 0.18833333333333332 0.0033333333333333335 0.006666666666666667
4 0.385 0.18583333333333332 0.0033333333333333335 0.008333333333333333
0 0.4033333333333333 0.1875 0.004166666666666667 0.013333333333333334
4 0.4116666666666667 0.18416666666666667 0.0025 0.008333333333333333
4 0.42916666666666664 0.18083333333333335 0.0025 0.006666666666666667
0 0.43916666666666665 0.18083333333333335 0.0025 0.005
4 0.45416666666666666 0.18 0.0025 0.005
0 0.46416666666666667 0.18166666666666667 0.0033333333333333335 0.01
4 0.4708333333333333 0.1775 0.0016666666666666668 0.005833333333333334
0 0.5033333333333333 0.17833333333333334 0.004166666666666667 0.009166666666666667
0 0.49916666666666665 0.17583333333333334 0.0016666666666666668 0.005
4 0.5008333333333334 0.17333333333333334 0.0016666666666666668 0.005
4 0.5275 0.18916666666666668 0.0075 0.015
4 0.5183333333333333 0.17583333333333334 0.0033333333333333335 0.01
0 0.5233333333333333 0.1775 0.004166666666666667 0.014166666666666666
4 0.5258333333333334 0.17083333333333334 0.0016666666666666668 0.005
4 0.545 0.18416666666666667 0.0075 0.014166666666666666
0 0.5433333333333333 0.175 0.004166666666666667 0.009166666666666667
0 0.5566666666666666 0.17083333333333334 0.0025 0.005833333333333334
4 0.58 0.17833333333333334 0.006666666666666667 0.014166666666666666
4 0.5775 0.16916666666666666 0.0025 0.005833333333333334
0 0.5866666666666667 0.1675 0.0025 0.005833333333333334
4 0.5925 0.16666666666666666 0.0025 0.006666666666666667
4 0.5958333333333333 0.16666666666666666 0.0016666666666666668 0.006666666666666667
4 0.5975 0.16666666666666666 0.0016666666666666668 0.006666666666666667
4 0.6116666666666667 0.175 0.005833333333333334 0.0125
4 0.6058333333333333 0.165 0.0025 0.005833333333333334
0 0.6083333333333333 0.16583333333333333 0.0016666666666666668 0.005
4 0.6116666666666667 0.16583333333333333 0.0025 0.005833333333333334
4 0.6233333333333333 0.16583333333333333 0.0025 0.0075
0 0.6283333333333333 0.165 0.0025 0.005833333333333334
4 0.6416666666666667 0.17166666666666666 0.005 0.01
0 0.6433333333333333 0.16416666666666666 0.0025 0.005833333333333334
0 0.6458333333333334 0.16333333333333333 0.0025 0.005
0 0.6516666666666666 0.1625 0.0025 0.006666666666666667
4 0.6583333333333333 0.1675 0.005 0.0125
4 0.6483333333333333 0.1625 0.0016666666666666668 0.006666666666666667
0 0.6766666666666666 0.16166666666666665 0.0025 0.006666666666666667
4 0.6958333333333333 0.15916666666666668 0.0025 0.006666666666666667
0 0.7133333333333334 0.15916666666666668 0.0033333333333333335 0.008333333333333333
4 0.7541666666666667 0.1575 0.004166666666666667 0.009166666666666667
0 0.7891666666666667 0.155 0.0033333333333333335 0.006666666666666667
0 0.805 0.15333333333333332 0.0033333333333333335 0.0075
4 0.81 0.15416666666666667 0.004166666666666667 0.009166666666666667
0 0.8183333333333334 0.15166666666666667 0.004166666666666667 0.006666666666666667
0 0.8283333333333334 0.15 0.0033333333333333335 0.006666666666666667
4 0.8525 0.15 0.005833333333333334 0.010833333333333334
4 0.8666666666666667 0.14833333333333334 0.005 0.009166666666666667
4 0.8733333333333333 0.14666666666666667 0.004166666666666667 0.008333333333333333
4 0.8808333333333334 0.145 0.0033333333333333335 0.009166666666666667
0 0.8866666666666667 0.14416666666666667 0.004166666666666667 0.009166666666666667
4 0.8975 0.14333333333333334 0.004166666666666667 0.009166666666666667
4 0.07416666666666667 0.4483333333333333 0.020833333333333332 0.041666666666666664