0 0.24916666666666668 0.6625 0.065 0.09916666666666667
0 0.41333333333333333 0.515 0.0175 0.03333333333333333
0 0.445 0.4875 0.011666666666666667 0.023333333333333334
0 0.46416666666666667 0.4725 0.009166666666666667 0.016666666666666666
0 0.4825 0.46 0.005833333333333334 0.011666666666666667
0 0.48833333333333334 0.4558333333333333 0.004166666666666667 0.01
0 0.5025 0.4533333333333333 0.004166666666666667 0.008333333333333333
0 0.5233333333333333 0.45 0.0033333333333333335 0.008333333333333333
0 0.545 0.4483333333333333 0.0033333333333333335 0.006666666666666667
0 0.9325 0.44583333333333336 0.005833333333333334 0.009166666666666667
0 0.7441666666666666 0.445 0.004166666666666667 0.0075
1 0.4775 0.46 0.008333333333333333 0.020833333333333332
1 0.5675 0.45916666666666667 0.0075 0.020833333333333332
4 0.9008333333333334 0.6766666666666666 0.07083333333333333 0.10666666666666667
4 0.6783333333333333 0.5333333333333333 0.025833333333333333 0.041666666666666664
4 0.6133333333333333 0.495 0.013333333333333334 0.02666666666666667
4 0.5841666666666666 0.47833333333333333 0.0075 0.018333333333333333
4 0.5716666666666667 0.4675 0.006666666666666667 0.015833333333333335
4 0.5633333333333334 0.45916666666666667 0.004166666666666667 0.0125
4 0.9008333333333334 0.4475 0.005833333333333334 0.009166666666666667
0 0.575 0.44583333333333336 0.0025 0.006666666666666667
0 0.6158333333333333 0.445 0.0033333333333333335 0.0075
0 0.6566666666666666 0.445 0.0033333333333333335 0.006666666666666667
0 0.6958333333333333 0.445 0.0033333333333333335 0.006666666666666667
0 0.8033333333333333 0.445 0.0033333333333333335 0.006666666666666667
0 0.8583333333333333 0.445 0.004166666666666667 0.008333333333333333
4 0.8258333333333333 0.4475 0.0033333333333333335 0.006666666666666667
4 0.7825 0.4475 0.0033333333333333335 0.006666666666666667
4 0.74 0.4475 0.0033333333333333335 0.006666666666666667
4 0.7 0.44666666666666666 0.0033333333333333335 0.006666666666666667
4 0.6616666666666666 0.44666666666666666 0.0025 0.006666666666666667
4 0.6191666666666666 0.4475 0.0025 0.005833333333333334
4 0.5908333333333333 0.4483333333333333 0.0025 0.006666666666666667
4 0.5766666666666667 0.45166666666666666 0.0025 0.006666666666666667
4 0.31583333333333335 0.43 0.0033333333333333335 0.009166666666666667
4 0.3225 0.43166666666666664 0.004166666666666667 0.009166666666666667
4 0.31916666666666665 0.4325 0.0033333333333333335 0.008333333333333333