0 0.4041666666666667 0.53 0.021666666666666667 0.04
0 0.44916666666666666 0.49083333333333334 0.013333333333333334 0.024166666666666666
0 0.4708333333333333 0.4725 0.008333333333333333 0.015833333333333335
0 0.48 0.465 0.006666666666666667 0.0125
0 0.48833333333333334 0.45916666666666667 0.005833333333333334 0.011666666666666667
1 0.49416666666666664 0.45166666666666666 0.006666666666666667 0.015833333333333335
4 0.8258333333333333 0.6316666666666667 0.060833333333333336 0.08333333333333333
4 0.6508333333333334 0.5183333333333333 0.019166666666666665 0.034166666666666665
4 0.6125 0.49333333333333335 0.0125 0.024166666666666666
4 0.59 0.4775 0.01 0.018333333333333333
4 0.5741666666666667 0.4675 0.006666666666666667 0.015833333333333335
4 0.565 0.46166666666666667 0.006666666666666667 0.0125
0 0.5016666666666667 0.4508333333333333 0.004166666666666667 0.008333333333333333
0 0.5116666666666667 0.44916666666666666 0.004166666666666667 0.0075
1 0.5566666666666666 0.45166666666666666 0.004166666666666667 0.014166666666666666
4 0.9233333333333333 0.45166666666666666 0.005833333333333334 0.008333333333333333
4 0.8758333333333334 0.44916666666666666 0.005 0.009166666666666667
4 0.8241666666666667 0.4483333333333333 0.004166666666666667 0.008333333333333333
0 0.9058333333333334 0.4483333333333333 0.005833333333333334 0.0075
0 0.49833333333333335 0.4525 0.0025 0.009166666666666667
4 0.5591666666666667 0.4575 0.0033333333333333335 0.010833333333333334
0 0.5291666666666667 0.4475 0.0025 0.005833333333333334
0 0.5466666666666666 0.44666666666666666 0.0025 0.005833333333333334
0 0.5733333333333334 0.445 0.0025 0.005
0 0.6416666666666667 0.445 0.0025 0.005
0 0.715 0.445 0.0033333333333333335 0.005833333333333334
0 0.76 0.44583333333333336 0.0033333333333333335 0.005
0 0.8016666666666666 0.44583333333333336 0.0033333333333333335 0.006666666666666667
0 0.855 0.44666666666666666 0.004166666666666667 0.0075
4 0.7716666666666666 0.44666666666666666 0.004166666666666667 0.0075
4 0.74 0.44666666666666666 0.0033333333333333335 0.006666666666666667
4 0.7075 0.44666666666666666 0.0033333333333333335 0.0075
4 0.675 0.44666666666666666 0.0033333333333333335 0.0075
4 0.6441666666666667 0.44583333333333336 0.0025 0.005833333333333334
4 0.6075 0.44583333333333336 0.0025 0.005
4 0.5833333333333334 0.44666666666666666 0.0025 0.005833333333333334
4 0.5708333333333333 0.4483333333333333 0.0033333333333333335 0.006666666666666667
4 0.5625 0.4483333333333333 0.0025 0.008333333333333333
4 0.56 0.4508333333333333 0.0033333333333333335 0.009166666666666667
4 0.36666666666666664 0.43 0.0033333333333333335 0.008333333333333333