0 0.8675 0.4533333333333333 0.006666666666666667 0.010833333333333334
0 0.8008333333333333 0.4533333333333333 0.005833333333333334 0.010833333333333334
0 0.7166666666666667 0.45416666666666666 0.005 0.01
0 0.6533333333333333 0.4575 0.005 0.010833333333333334
0 0.6158333333333333 0.4608333333333333 0.006666666666666667 0.0125
0 0.5666666666666667 0.4683333333333333 0.0075 0.015
0 0.5308333333333334 0.4766666666666667 0.008333333333333333 0.0175
0 0.47833333333333333 0.4925 0.011666666666666667 0.023333333333333334
0 0.3983333333333333 0.5433333333333333 0.024166666666666666 0.045
0 0.0675 0.4716666666666667 0.006666666666666667 0.009166666666666667
0 0.07833333333333334 0.475 0.006666666666666667 0.011666666666666667
0 0.23416666666666666 0.68 0.058333333333333334 0.10666666666666667
4 0.8766666666666667 0.4583333333333333 0.0075 0.015
4 0.7766666666666666 0.45916666666666667 0.006666666666666667 0.014166666666666666
4 0.7175 0.4625 0.005833333333333334 0.0125
4 0.685 0.4675 0.006666666666666667 0.015833333333333335
4 0.6658333333333334 0.4841666666666667 0.01 0.021666666666666667
4 0.6658333333333334 0.5083333333333333 0.014166666666666666 0.02666666666666667
4 0.7808333333333334 0.5958333333333333 0.045 0.06916666666666667