0 0.3541666666666667 0.4575 0.045 0.11
0 0.8983333333333333 0.37333333333333335 0.04833333333333333 0.07666666666666666
0 0.8566666666666667 0.2875 0.029166666666666667 0.04416666666666667
0 0.7633333333333333 0.2525 0.018333333333333333 0.03
0 0.6666666666666666 0.2325 0.011666666666666667 0.023333333333333334
0 0.5391666666666667 0.2225 0.010833333333333334 0.021666666666666667
0 0.42583333333333334 0.22 0.0125 0.023333333333333334
0 0.28583333333333333 0.21833333333333332 0.013333333333333334 0.023333333333333334
0 0.15583333333333332 0.2125 0.014166666666666666 0.025833333333333333
4 0.17916666666666667 0.20333333333333334 0.010833333333333334 0.019166666666666665
4 0.29 0.2075 0.0075 0.015833333333333335
4 0.4025 0.20833333333333334 0.006666666666666667 0.016666666666666666
4 0.5 0.21166666666666667 0.006666666666666667 0.013333333333333334
4 0.5991666666666666 0.21416666666666667 0.0075 0.018333333333333333
4 0.7233333333333334 0.2225 0.01 0.021666666666666667
4 0.8591666666666666 0.23833333333333334 0.014166666666666666 0.025