0 0.315 0.5891666666666666 0.03916666666666667 0.06583333333333333
0 0.44166666666666665 0.49333333333333335 0.0125 0.0225
0 0.4633333333333333 0.4791666666666667 0.009166666666666667 0.0175
0 0.49083333333333334 0.47 0.0075 0.015
0 0.5241666666666667 0.4633333333333333 0.006666666666666667 0.011666666666666667
0 0.5533333333333333 0.46 0.005833333333333334 0.01
0 0.5941666666666666 0.4558333333333333 0.005833333333333334 0.010833333333333334
0 0.6475 0.455 0.005833333333333334 0.01
0 0.7033333333333334 0.45416666666666666 0.005 0.01
0 0.7566666666666667 0.45416666666666666 0.006666666666666667 0.01
0 0.8275 0.45416666666666666 0.005833333333333334 0.011666666666666667
0 0.9233333333333333 0.455 0.0075 0.0125
1 0.4191666666666667 0.5016666666666667 0.020833333333333332 0.05
1 0.6291666666666667 0.5016666666666667 0.0225 0.051666666666666666
4 0.6716666666666666 0.5466666666666666 0.0275 0.04666666666666667
4 0.6083333333333333 0.49333333333333335 0.013333333333333334 0.025
4 0.6 0.4791666666666667 0.01 0.02
4 0.5941666666666666 0.47 0.008333333333333333 0.015833333333333335
4 0.6041666666666666 0.46416666666666667 0.008333333333333333 0.013333333333333334
4 0.62 0.46 0.006666666666666667 0.0125
4 0.6575 0.4583333333333333 0.005833333333333334 0.01
4 0.7183333333333334 0.4575 0.005833333333333334 0.011666666666666667
4 0.7716666666666666 0.45666666666666667 0.005833333333333334 0.0125
4 0.835 0.4575 0.005833333333333334 0.0125
4 0.9066666666666666 0.4583333333333333 0.0075 0.013333333333333334
4 0.9041666666666667 0.7308333333333333 0.06333333333333334 0.13416666666666666