4 0.10583333333333333 0.5025 0.015 0.023333333333333334
4 0.2875 0.48833333333333334 0.011666666666666667 0.021666666666666667
4 0.3308333333333333 0.4666666666666667 0.005833333333333334 0.011666666666666667
4 0.4 0.465 0.006666666666666667 0.011666666666666667
4 0.4041666666666667 0.4825 0.010833333333333334 0.02
0 0.4825 0.4575 0.004166666666666667 0.01
4 0.4841666666666667 0.4633333333333333 0.005833333333333334 0.01
4 0.5258333333333334 0.4891666666666667 0.011666666666666667 0.023333333333333334
0 0.3825 0.4608333333333333 0.005833333333333334 0.009166666666666667
0 0.42583333333333334 0.46 0.005833333333333334 0.01
0 0.5408333333333334 0.45666666666666667 0.005 0.01
0 0.5733333333333334 0.45 0.0033333333333333335 0.0075
0 0.585 0.4533333333333333 0.004166666666666667 0.009166666666666667
0 0.5825 0.4558333333333333 0.004166666666666667 0.009166666666666667
4 0.5791666666666667 0.4608333333333333 0.005833333333333334 0.011666666666666667
0 0.6008333333333333 0.4475 0.0033333333333333335 0.006666666666666667
4 0.6291666666666667 0.44916666666666666 0.005 0.009166666666666667
4 0.6416666666666667 0.4508333333333333 0.005 0.008333333333333333
4 0.6508333333333334 0.44666666666666666 0.0033333333333333335 0.006666666666666667
4 0.6433333333333333 0.4583333333333333 0.006666666666666667 0.0125
0 0.6625 0.445 0.0033333333333333335 0.006666666666666667
4 0.6616666666666666 0.4533333333333333 0.006666666666666667 0.01
4 0.6708333333333333 0.4558333333333333 0.005 0.01
4 0.6866666666666666 0.44666666666666666 0.004166666666666667 0.0075
0 0.71 0.445 0.0033333333333333335 0.006666666666666667
4 0.725 0.44666666666666666 0.004166666666666667 0.006666666666666667
0 0.7483333333333333 0.445 0.0033333333333333335 0.005833333333333334
4 0.29333333333333333 0.4658333333333333 0.004166666666666667 0.009166666666666667
4 0.5966666666666667 0.5075 0.015833333333333335 0.030833333333333334
4 0.7058333333333333 0.5591666666666667 0.03666666666666667 0.05416666666666667
4 0.8983333333333333 0.7416666666666667 0.07583333333333334 0.15
4 0.7725 0.44666666666666666 0.004166666666666667 0.006666666666666667
4 0.8108333333333333 0.44583333333333336 0.004166666666666667 0.008333333333333333
4 0.8258333333333333 0.44416666666666665 0.0033333333333333335 0.0075
4 0.8391666666666666 0.4425 0.004166666666666667 0.0075
4 0.8508333333333333 0.44166666666666665 0.0033333333333333335 0.006666666666666667
4 0.885 0.44083333333333335 0.004166666666666667 0.006666666666666667
0 0.9091666666666667 0.44 0.0033333333333333335 0.005
0 0.8575 0.44083333333333335 0.0033333333333333335 0.006666666666666667
0 0.8208333333333333 0.44083333333333335 0.0033333333333333335 0.005833333333333334
0 0.7958333333333333 0.4425 0.0033333333333333335 0.005833333333333334
0 0.7808333333333334 0.4425 0.0025 0.005833333333333334
0 0.3591666666666667 0.45666666666666667 0.0025 0.005833333333333334
0 0.3625 0.45916666666666667 0.0025 0.008333333333333333
0 0.36583333333333334 0.4608333333333333 0.0033333333333333335 0.009166666666666667
0 0.17333333333333334 0.5183333333333333 0.018333333333333333 0.030833333333333334
0 0.29333333333333333 0.5191666666666667 0.019166666666666665 0.0325
0 0.3075 0.5483333333333333 0.028333333333333332 0.04666666666666667
0 0.17916666666666667 0.6325 0.0575 0.08333333333333333
4 0.31083333333333335 0.46 0.004166666666666667 0.006666666666666667
4 0.30583333333333335 0.46166666666666667 0.004166666666666667 0.008333333333333333
4 0.9333333333333333 0.44083333333333335 0.004166666666666667 0.006666666666666667
0 0.3516666666666667 0.4558333333333333 0.0033333333333333335 0.006666666666666667
0 0.3258333333333333 0.4558333333333333 0.0033333333333333335 0.006666666666666667
0 0.3 0.45666666666666667 0.0033333333333333335 0.006666666666666667
0 0.2733333333333333 0.4575 0.0033333333333333335 0.005833333333333334
0 0.2325 0.46 0.0033333333333333335 0.005833333333333334
0 0.0875 0.4708333333333333 0.004166666666666667 0.0075
4 0.07916666666666666 0.4725 0.006666666666666667 0.01
4 0.14083333333333334 0.4675 0.005833333333333334 0.009166666666666667
4 0.185 0.46416666666666667 0.004166666666666667 0.008333333333333333
4 0.225 0.4608333333333333 0.004166666666666667 0.0075
4 0.2633333333333333 0.45916666666666667 0.0033333333333333335 0.0075
4 0.2891666666666667 0.45916666666666667 0.004166666666666667 0.008333333333333333
0 0.7683333333333333 0.44416666666666665 0.004166666666666667 0.0075
4 0.2941666666666667 0.4633333333333333 0.004166666666666667 0.009166666666666667