0 0.1525 0.6516666666666666 0.10166666666666667 0.155
0 0.69 0.5258333333333334 0.055 0.0875
0 0.9133333333333333 0.47583333333333333 0.04583333333333333 0.0625
0 0.8658333333333333 0.395 0.021666666666666667 0.029166666666666667
0 0.7825 0.3725 0.0125 0.020833333333333332
0 0.7183333333333334 0.3616666666666667 0.009166666666666667 0.015833333333333335
0 0.6691666666666667 0.3541666666666667 0.0075 0.014166666666666666
0 0.6033333333333334 0.35083333333333333 0.006666666666666667 0.014166666666666666
4 0.9275 0.37583333333333335 0.013333333333333334 0.02
4 0.8175 0.3625 0.01 0.015833333333333335
4 0.7308333333333333 0.355 0.0075 0.0125
4 0.6566666666666666 0.3491666666666667 0.006666666666666667 0.011666666666666667
4 0.44916666666666666 0.34 0.004166666666666667 0.009166666666666667
4 0.3858333333333333 0.3358333333333333 0.004166666666666667 0.010833333333333334
4 0.3566666666666667 0.3325 0.005 0.009166666666666667
4 0.36583333333333334 0.3308333333333333 0.004166666666666667 0.009166666666666667
0 0.4275 0.3433333333333333 0.006666666666666667 0.015833333333333335
0 0.3275 0.3383333333333333 0.006666666666666667 0.014166666666666666
0 0.28583333333333333 0.33416666666666667 0.006666666666666667 0.0125
0 0.2808333333333333 0.32666666666666666 0.004166666666666667 0.010833333333333334
0 0.2658333333333333 0.32916666666666666 0.006666666666666667 0.0125
0 0.5158333333333334 0.3466666666666667 0.005833333333333334 0.015
0 0.8325 0.3458333333333333 0.0033333333333333335 0.005
0 0.7983333333333333 0.345 0.0033333333333333335 0.005
4 0.6333333333333333 0.33666666666666667 0.0033333333333333335 0.006666666666666667
4 0.6933333333333334 0.34 0.0033333333333333335 0.005833333333333334
4 0.7383333333333333 0.3425 0.0033333333333333335 0.006666666666666667
4 0.7708333333333334 0.3441666666666667 0.0033333333333333335 0.005833333333333334
4 0.8066666666666666 0.3466666666666667 0.0033333333333333335 0.005833333333333334
4 0.8433333333333334 0.3475 0.0033333333333333335 0.006666666666666667
4 0.8808333333333334 0.34833333333333333 0.0033333333333333335 0.006666666666666667
4 0.9175 0.35 0.0033333333333333335 0.006666666666666667
0 0.3225 0.3275 0.004166666666666667 0.0075
0 0.3516666666666667 0.3258333333333333 0.004166666666666667 0.009166666666666667
4 0.5983333333333334 0.3458333333333333 0.005 0.0125
0 0.295 0.32 0.0033333333333333335 0.005
0 0.2991666666666667 0.32083333333333336 0.0033333333333333335 0.006666666666666667
0 0.30333333333333334 0.31916666666666665 0.0025 0.005
4 0.345 0.32166666666666666 0.0025 0.006666666666666667
4 0.3466666666666667 0.32083333333333336 0.0025 0.006666666666666667
4 0.3958333333333333 0.33 0.0033333333333333335 0.008333333333333333
4 0.39 0.3258333333333333 0.0025 0.006666666666666667
4 0.3641666666666667 0.3233333333333333 0.0025 0.006666666666666667