4 0.44333333333333336 0.6575 0.12083333333333333 0.21833333333333332
4 0.10583333333333333 0.32166666666666666 0.0375 0.06166666666666667
4 0.14 0.2775 0.025 0.045
4 0.20916666666666667 0.24166666666666667 0.018333333333333333 0.03333333333333333
4 0.25333333333333335 0.225 0.013333333333333334 0.02666666666666667
4 0.2758333333333333 0.21583333333333332 0.0125 0.023333333333333334
0 0.09416666666666666 0.22083333333333333 0.013333333333333334 0.023333333333333334
0 0.17916666666666667 0.21166666666666667 0.010833333333333334 0.019166666666666665
0 0.21666666666666667 0.205 0.01 0.0175
0 0.2475 0.2 0.008333333333333333 0.015833333333333335
0 0.2683333333333333 0.19583333333333333 0.006666666666666667 0.015
4 0.35833333333333334 0.20333333333333334 0.010833333333333334 0.02
4 0.3725 0.1925 0.0075 0.014166666666666666
0 0.3333333333333333 0.18666666666666668 0.005833333333333334 0.0125
0 0.3025 0.19083333333333333 0.006666666666666667 0.013333333333333334
0 0.3433333333333333 0.1825 0.005 0.010833333333333334
0 0.36083333333333334 0.18416666666666667 0.006666666666666667 0.013333333333333334
4 0.095 0.425 0.06333333333333334 0.105
4 0.3641666666666667 0.1975 0.008333333333333333 0.015833333333333335
4 0.07833333333333334 0.19666666666666666 0.0075 0.011666666666666667
4 0.1125 0.20083333333333334 0.0075 0.013333333333333334
0 0.10416666666666667 0.2 0.0075 0.018333333333333333
4 0.14 0.19416666666666665 0.005833333333333334 0.010833333333333334
0 0.15833333333333333 0.1925 0.005833333333333334 0.008333333333333333
0 0.19 0.19666666666666666 0.0075 0.011666666666666667
4 0.1925 0.19333333333333333 0.006666666666666667 0.013333333333333334
0 0.20083333333333334 0.18916666666666668 0.004166666666666667 0.006666666666666667
0 0.2575 0.19 0.005 0.011666666666666667
0 0.23583333333333334 0.18666666666666668 0.0033333333333333335 0.0075
4 0.24 0.18833333333333332 0.005833333333333334 0.011666666666666667
4 0.2708333333333333 0.18333333333333332 0.0033333333333333335 0.0075
0 0.2675 0.18416666666666667 0.0033333333333333335 0.0075
0 0.2941666666666667 0.18166666666666667 0.0025 0.005
0 0.29833333333333334 0.18583333333333332 0.0033333333333333335 0.011666666666666667
4 0.2966666666666667 0.18083333333333335 0.0025 0.005833333333333334
4 0.31083333333333335 0.18416666666666667 0.004166666666666667 0.010833333333333334
4 0.32416666666666666 0.17833333333333334 0.0025 0.0075
0 0.32916666666666666 0.17833333333333334 0.0025 0.005833333333333334
4 0.3541666666666667 0.17666666666666667 0.0025 0.008333333333333333
0 0.37833333333333335 0.18166666666666667 0.006666666666666667 0.0125
4 0.37416666666666665 0.1775 0.0033333333333333335 0.009166666666666667
4 0.3775 0.17583333333333334 0.0033333333333333335 0.006666666666666667
0 0.38333333333333336 0.175 0.0025 0.006666666666666667
4 0.38666666666666666 0.175 0.0025 0.0075
4 0.39166666666666666 0.175 0.0025 0.0075
4 0.4 0.17416666666666666 0.0025 0.006666666666666667
4 0.40166666666666667 0.1875 0.0075 0.0125
0 0.405 0.17333333333333334 0.0025 0.005
4 0.4225 0.17333333333333334 0.0025 0.008333333333333333
4 0.42916666666666664 0.18333333333333332 0.005 0.013333333333333334
0 0.425 0.17166666666666666 0.0025 0.005833333333333334
0 0.42833333333333334 0.17333333333333334 0.0025 0.006666666666666667
0 0.43083333333333335 0.1725 0.0025 0.006666666666666667
0 0.43666666666666665 0.1725 0.0033333333333333335 0.005833333333333334
4 0.43916666666666665 0.17083333333333334 0.0025 0.005833333333333334
4 0.455 0.17916666666666667 0.005833333333333334 0.0125
4 0.4666666666666667 0.1775 0.005833333333333334 0.009166666666666667
4 0.46166666666666667 0.175 0.004166666666666667 0.010833333333333334
0 0.46416666666666667 0.17083333333333334 0.0025 0.0075
4 0.48833333333333334 0.17 0.0033333333333333335 0.009166666666666667
0 0.5008333333333334 0.1675 0.0033333333333333335 0.008333333333333333
0 0.5416666666666666 0.16666666666666666 0.0033333333333333335 0.0075
4 0.545 0.16666666666666666 0.0025 0.009166666666666667
0 0.5733333333333334 0.16583333333333333 0.004166666666666667 0.008333333333333333
0 0.585 0.16416666666666666 0.0033333333333333335 0.0075
0 0.6 0.1625 0.0033333333333333335 0.0075
4 0.595 0.165 0.0033333333333333335 0.01
0 0.62 0.16166666666666665 0.0025 0.006666666666666667
4 0.63 0.16333333333333333 0.0033333333333333335 0.009166666666666667
4 0.64 0.1625 0.0025 0.009166666666666667
4 0.6425 0.16083333333333333 0.0016666666666666668 0.0075
0 0.6458333333333334 0.16 0.0016666666666666668 0.006666666666666667
4 0.6466666666666666 0.15916666666666668 0.0025 0.006666666666666667
4 0.6583333333333333 0.15916666666666668 0.0025 0.006666666666666667
0 0.6783333333333333 0.15916666666666668 0.0033333333333333335 0.006666666666666667
4 0.6858333333333333 0.1575 0.0025 0.006666666666666667
4 0.7216666666666667 0.155 0.0025 0.009166666666666667
0 0.715 0.1575 0.004166666666666667 0.005833333333333334
0 0.7591666666666667 0.15583333333333332 0.0033333333333333335 0.006666666666666667
4 0.7525 0.155 0.0033333333333333335 0.008333333333333333
4 0.835 0.15166666666666667 0.004166666666666667 0.009166666666666667
4 0.8658333333333333 0.15 0.004166666666666667 0.008333333333333333
4 0.8991666666666667 0.14666666666666667 0.005 0.0075
4 0.9258333333333333 0.14416666666666667 0.005833333333333334 0.0075
0 0.9158333333333334 0.145 0.004166666666666667 0.0075
0 0.8775 0.1475 0.004166666666666667 0.008333333333333333
0 0.8466666666666667 0.15 0.0033333333333333335 0.005833333333333334
0 0.8183333333333334 0.1525 0.0033333333333333335 0.0075