4 0.7591666666666667 0.49833333333333335 0.019166666666666665 0.029166666666666667
4 0.7441666666666666 0.4716666666666667 0.010833333333333334 0.016666666666666666
4 0.7475 0.46 0.005833333333333334 0.013333333333333334
0 0.69 0.44666666666666666 0.004166666666666667 0.009166666666666667
0 0.6741666666666667 0.4483333333333333 0.004166666666666667 0.009166666666666667
0 0.6633333333333333 0.4525 0.004166666666666667 0.01
0 0.645 0.4575 0.005833333333333334 0.0125
0 0.6191666666666666 0.4666666666666667 0.0075 0.015833333333333335
0 0.56 0.4875 0.013333333333333334 0.024166666666666666
0 0.3775 0.5608333333333333 0.030833333333333334 0.055
0 0.7175 0.44 0.0033333333333333335 0.005833333333333334
0 0.7116666666666667 0.44083333333333335 0.0033333333333333335 0.0075
0 0.705 0.4425 0.0033333333333333335 0.0075
0 0.7 0.44333333333333336 0.0033333333333333335 0.008333333333333333
0 0.9066666666666666 0.44 0.0033333333333333335 0.006666666666666667
4 0.9341666666666667 0.44166666666666665 0.0025 0.0075
4 0.9075 0.65 0.0575 0.09833333333333333
0 0.7316666666666667 0.44 0.0025 0.005
4 0.7491666666666666 0.45416666666666666 0.0033333333333333335 0.008333333333333333
4 0.7516666666666667 0.44666666666666666 0.0033333333333333335 0.006666666666666667
4 0.7566666666666667 0.44166666666666665 0.0025 0.005833333333333334
4 0.76 0.44 0.0025 0.005
4 0.7783333333333333 0.43916666666666665 0.0033333333333333335 0.005833333333333334
4 0.8091666666666667 0.43916666666666665 0.0033333333333333335 0.005833333333333334
0 0.79 0.43916666666666665 0.0025 0.005
0 0.8191666666666667 0.43916666666666665 0.0025 0.005
4 0.8508333333333333 0.44 0.004166666666666667 0.005833333333333334
0 0.8583333333333333 0.44 0.0033333333333333335 0.005
4 0.9 0.44083333333333335 0.004166666666666667 0.0075