4 0.19583333333333333 0.19 0.0075 0.015833333333333335
4 0.30333333333333334 0.1925 0.005 0.015833333333333335
4 0.4066666666666667 0.19583333333333333 0.005 0.015
4 0.49 0.2025 0.006666666666666667 0.015833333333333335
4 0.5566666666666666 0.21 0.006666666666666667 0.014166666666666666
4 0.6325 0.21916666666666668 0.0075 0.0175
4 0.7508333333333334 0.225 0.010833333333333334 0.020833333333333332
0 0.15416666666666667 0.19833333333333333 0.0125 0.019166666666666665
0 0.26666666666666666 0.2 0.009166666666666667 0.0175
0 0.37166666666666665 0.20416666666666666 0.0075 0.018333333333333333
0 0.4575 0.21583333333333332 0.008333333333333333 0.021666666666666667
0 0.5183333333333333 0.225 0.010833333333333334 0.023333333333333334
0 0.6658333333333334 0.24083333333333334 0.013333333333333334 0.02666666666666667
0 0.8458333333333333 0.2475 0.016666666666666666 0.0275
0 0.9 0.43416666666666665 0.06833333333333333 0.105
0 0.38916666666666666 0.6925 0.11833333333333333 0.22
1 0.88 0.22166666666666668 0.0175 0.035833333333333335