0 0.9016666666666666 0.4575 0.008333333333333333 0.014166666666666666
0 0.82 0.4575 0.006666666666666667 0.0125
0 0.7208333333333333 0.45916666666666667 0.006666666666666667 0.0125
0 0.6475 0.46416666666666667 0.005833333333333334 0.014166666666666666
0 0.6041666666666666 0.4708333333333333 0.008333333333333333 0.016666666666666666
0 0.5425 0.4841666666666667 0.01 0.021666666666666667
0 0.4891666666666667 0.5025 0.0125 0.028333333333333332
0 0.37833333333333335 0.5558333333333333 0.023333333333333334 0.04833333333333333
4 0.9325 0.465 0.0075 0.0175
4 0.8066666666666666 0.4658333333333333 0.008333333333333333 0.0175
4 0.7375 0.47 0.009166666666666667 0.0175
4 0.7108333333333333 0.4816666666666667 0.011666666666666667 0.023333333333333334
4 0.7258333333333333 0.5233333333333333 0.020833333333333332 0.03833333333333333
4 0.8258333333333333 0.62 0.04833333333333333 0.08083333333333333