0 0.8791666666666667 0.455 0.005833333333333334 0.010833333333333334
0 0.7958333333333333 0.4525 0.004166666666666667 0.009166666666666667
0 0.7383333333333333 0.4508333333333333 0.004166666666666667 0.009166666666666667
0 0.695 0.4508333333333333 0.004166666666666667 0.009166666666666667
0 0.6533333333333333 0.4508333333333333 0.0033333333333333335 0.008333333333333333
0 0.595 0.45166666666666666 0.0033333333333333335 0.009166666666666667
0 0.5466666666666666 0.4533333333333333 0.004166666666666667 0.009166666666666667
0 0.5158333333333334 0.4558333333333333 0.005 0.009166666666666667
0 0.4791666666666667 0.46 0.005 0.010833333333333334
0 0.4525 0.46416666666666667 0.006666666666666667 0.011666666666666667
0 0.4191666666666667 0.4716666666666667 0.0075 0.015
0 0.3875 0.4866666666666667 0.010833333333333334 0.02
0 0.3625 0.505 0.013333333333333334 0.02666666666666667
0 0.27666666666666667 0.5666666666666667 0.03333333333333333 0.0525
4 0.8075 0.45666666666666667 0.005833333333333334 0.0125
4 0.7575 0.455 0.004166666666666667 0.010833333333333334
4 0.6908333333333333 0.4525 0.005 0.010833333333333334
4 0.63 0.45416666666666666 0.004166666666666667 0.009166666666666667
4 0.5875 0.455 0.004166666666666667 0.010833333333333334
4 0.56 0.45916666666666667 0.005 0.011666666666666667
4 0.5366666666666666 0.4666666666666667 0.006666666666666667 0.014166666666666666
4 0.5266666666666666 0.475 0.0075 0.016666666666666666
4 0.54 0.49166666666666664 0.010833333333333334 0.023333333333333334
4 0.6216666666666667 0.53 0.021666666666666667 0.04