4 0.6558333333333334 0.6158333333333333 0.10833333333333334 0.19583333333333333
4 0.1875 0.2175 0.008333333333333333 0.02
4 0.28583333333333333 0.205 0.0075 0.015833333333333335
4 0.33916666666666667 0.1975 0.006666666666666667 0.014166666666666666
4 0.37083333333333335 0.19333333333333333 0.004166666666666667 0.011666666666666667
1 0.48 0.17333333333333334 0.004166666666666667 0.013333333333333334
1 0.42916666666666664 0.17666666666666667 0.004166666666666667 0.013333333333333334
0 0.3025 0.19666666666666666 0.006666666666666667 0.0125
0 0.2525 0.2025 0.006666666666666667 0.015833333333333335
0 0.17083333333333334 0.2125 0.008333333333333333 0.015
0 0.37666666666666665 0.18583333333333332 0.0033333333333333335 0.009166666666666667
0 0.4041666666666667 0.1825 0.004166666666666667 0.009166666666666667
4 0.4 0.18833333333333332 0.005 0.01
4 0.44666666666666666 0.18083333333333335 0.004166666666666667 0.009166666666666667
4 0.09333333333333334 0.44 0.059166666666666666 0.1075
4 0.425 0.18416666666666667 0.004166666666666667 0.009166666666666667
0 0.44333333333333336 0.1775 0.0033333333333333335 0.0075
4 0.4666666666666667 0.17833333333333334 0.0033333333333333335 0.008333333333333333
4 0.49333333333333335 0.175 0.0033333333333333335 0.009166666666666667