0 0.4675 0.61 0.06 0.11166666666666666
0 0.39166666666666666 0.51 0.035 0.060833333333333336
4 0.5791666666666667 0.4058333333333333 0.015833333333333335 0.03
4 0.775 0.3675 0.015 0.02666666666666667
4 0.7908333333333334 0.365 0.015833333333333335 0.025833333333333333
4 0.9275 0.3375 0.015833333333333335 0.0225
0 0.8775 0.39166666666666666 0.029166666666666667 0.041666666666666664
0 0.85 0.39916666666666667 0.035 0.043333333333333335
0 0.6466666666666666 0.3283333333333333 0.006666666666666667 0.016666666666666666
4 0.6366666666666667 0.3125 0.0075 0.015833333333333335
4 0.6316666666666667 0.31416666666666665 0.0075 0.015833333333333335
4 0.6241666666666666 0.31833333333333336 0.006666666666666667 0.015