0 0.5158333333333334 0.5225 0.04833333333333333 0.09166666666666666
0 0.44916666666666666 0.375 0.013333333333333334 0.02666666666666667
0 0.6566666666666666 0.38083333333333336 0.011666666666666667 0.02666666666666667
0 0.7833333333333333 0.3858333333333333 0.013333333333333334 0.025
0 0.8266666666666667 0.4891666666666667 0.043333333333333335 0.06666666666666667
0 0.9275 0.3983333333333333 0.016666666666666666 0.03
0 0.21333333333333335 0.3675 0.015833333333333335 0.029166666666666667
0 0.15416666666666667 0.3175 0.005833333333333334 0.009166666666666667
0 0.2708333333333333 0.32416666666666666 0.004166666666666667 0.009166666666666667
4 0.8416666666666667 0.37333333333333335 0.010833333333333334 0.02
4 0.6783333333333333 0.36583333333333334 0.0075 0.018333333333333333
4 0.5708333333333333 0.3616666666666667 0.009166666666666667 0.0175
4 0.1175 0.32 0.0075 0.010833333333333334
4 0.36833333333333335 0.3283333333333333 0.0033333333333333335 0.010833333333333334