0 0.17916666666666667 0.6133333333333333 0.049166666666666664 0.0675
0 0.13166666666666665 0.5583333333333333 0.03 0.041666666666666664
0 0.6616666666666666 0.45666666666666667 0.006666666666666667 0.011666666666666667
0 0.6733333333333333 0.45916666666666667 0.006666666666666667 0.0125
0 0.6741666666666667 0.4533333333333333 0.0033333333333333335 0.009166666666666667
0 0.6916666666666667 0.4508333333333333 0.005 0.009166666666666667
0 0.73 0.4583333333333333 0.0075 0.014166666666666666
0 0.7058333333333333 0.4483333333333333 0.005 0.008333333333333333
0 0.7116666666666667 0.44083333333333335 0.0033333333333333335 0.005
0 0.6633333333333333 0.44083333333333335 0.0016666666666666668 0.004166666666666667
0 0.6775 0.44083333333333335 0.0025 0.004166666666666667
0 0.6883333333333334 0.44 0.0025 0.005
0 0.6966666666666667 0.44 0.0025 0.005
0 0.7933333333333333 0.45416666666666666 0.008333333333333333 0.014166666666666666
0 0.8208333333333333 0.45 0.0075 0.0125
0 0.8458333333333333 0.44416666666666665 0.006666666666666667 0.010833333333333334
0 0.8658333333333333 0.44 0.005833333333333334 0.010833333333333334
0 0.8783333333333333 0.4375 0.005833333333333334 0.01
0 0.9025 0.43416666666666665 0.005833333333333334 0.009166666666666667
0 0.9341666666666667 0.43166666666666664 0.004166666666666667 0.0075
4 0.17166666666666666 0.5091666666666667 0.011666666666666667 0.0175
4 0.2816666666666667 0.5033333333333333 0.011666666666666667 0.02
4 0.37916666666666665 0.5058333333333334 0.015 0.02666666666666667
4 0.5058333333333334 0.5233333333333333 0.021666666666666667 0.0375
4 0.7741666666666667 0.5833333333333334 0.04083333333333333 0.06833333333333333
4 0.8591666666666666 0.4633333333333333 0.0125 0.02
4 0.7083333333333334 0.4683333333333333 0.009166666666666667 0.018333333333333333
4 0.6075 0.47 0.0075 0.015833333333333335
4 0.5825 0.45916666666666667 0.004166666666666667 0.011666666666666667
4 0.5608333333333333 0.4633333333333333 0.004166666666666667 0.0125
4 0.5525 0.4675 0.005833333333333334 0.013333333333333334
4 0.6083333333333333 0.455 0.0033333333333333335 0.009166666666666667
4 0.63 0.4525 0.0033333333333333335 0.009166666666666667
4 0.6408333333333334 0.4475 0.0033333333333333335 0.006666666666666667
4 0.6441666666666667 0.45 0.0033333333333333335 0.008333333333333333
4 0.6583333333333333 0.445 0.0025 0.006666666666666667
4 0.46 0.4575 0.0016666666666666668 0.005
4 0.4825 0.455 0.0016666666666666668 0.005
4 0.505 0.4533333333333333 0.0025 0.005
4 0.5516666666666666 0.44916666666666666 0.0016666666666666668 0.005
4 0.5741666666666667 0.44666666666666666 0.0025 0.005
4 0.5991666666666666 0.445 0.0016666666666666668 0.005
0 0.5416666666666666 0.44916666666666666 0.0016666666666666668 0.004166666666666667
0 0.5691666666666667 0.44666666666666666 0.0016666666666666668 0.0033333333333333335
0 0.5958333333333333 0.445 0.0025 0.004166666666666667
0 0.4891666666666667 0.4533333333333333 0.0016666666666666668 0.0033333333333333335
0 0.5166666666666667 0.45166666666666666 0.0016666666666666668 0.004166666666666667
0 0.06916666666666667 0.5466666666666666 0.010833333333333334 0.025
4 0.10833333333333334 0.49166666666666664 0.005 0.009166666666666667
0 0.16333333333333333 0.48583333333333334 0.0033333333333333335 0.0075
4 0.2075 0.4825 0.0033333333333333335 0.006666666666666667
4 0.26666666666666666 0.4766666666666667 0.0025 0.005833333333333334
4 0.30333333333333334 0.47333333333333333 0.0016666666666666668 0.005
0 0.7066666666666667 0.44583333333333336 0.004166666666666667 0.0075
0 0.7025 0.44333333333333336 0.0033333333333333335 0.009166666666666667
4 0.6491666666666667 0.4425 0.0025 0.005833333333333334
4 0.6341666666666667 0.44333333333333336 0.0025 0.005
4 0.6183333333333333 0.44416666666666665 0.0016666666666666668 0.005
0 0.62 0.4425 0.0016666666666666668 0.005
1 0.44416666666666665 0.4575 0.0016666666666666668 0.005833333333333334
4 0.42583333333333334 0.4608333333333333 0.0025 0.005833333333333334
1 0.4241666666666667 0.4583333333333333 0.0016666666666666668 0.006666666666666667
4 0.4 0.46416666666666667 0.0025 0.005
0 0.395 0.4625 0.0016666666666666668 0.004166666666666667
0 0.3641666666666667 0.4666666666666667 0.0025 0.004166666666666667
0 0.23666666666666666 0.4791666666666667 0.0016666666666666668 0.005
0 0.28583333333333333 0.4741666666666667 0.0025 0.005
4 0.33916666666666667 0.47 0.0016666666666666668 0.004166666666666667
4 0.37166666666666665 0.4666666666666667 0.0025 0.005
4 0.6433333333333333 0.44333333333333336 0.0025 0.006666666666666667
4 0.6558333333333334 0.44416666666666665 0.0016666666666666668 0.005833333333333334
4 0.6541666666666667 0.4425 0.0016666666666666668 0.005833333333333334
0 0.44083333333333335 0.4583333333333333 0.0016666666666666668 0.004166666666666667
0 0.3333333333333333 0.47 0.0016666666666666668 0.004166666666666667
4 0.53 0.4508333333333333 0.0016666666666666668 0.004166666666666667
0 0.4633333333333333 0.4558333333333333 0.0016666666666666668 0.0033333333333333335