0 0.715 0.29833333333333334 0.04 0.07333333333333333
0 0.7408333333333333 0.22666666666666666 0.025833333333333333 0.04583333333333333
0 0.7208333333333333 0.19 0.019166666666666665 0.0325
0 0.7441666666666666 0.16166666666666665 0.011666666666666667 0.019166666666666665
0 0.8075 0.15916666666666668 0.011666666666666667 0.0175
0 0.5983333333333334 0.1575 0.009166666666666667 0.020833333333333332
0 0.2683333333333333 0.14333333333333334 0.013333333333333334 0.023333333333333334
0 0.35333333333333333 0.15083333333333335 0.013333333333333334 0.023333333333333334
0 0.12916666666666668 0.13166666666666665 0.010833333333333334 0.0225
0 0.49083333333333334 0.15833333333333333 0.0125 0.023333333333333334
4 0.52 0.145 0.009166666666666667 0.015833333333333335
4 0.4266666666666667 0.1425 0.01 0.016666666666666666
4 0.9175 0.17833333333333334 0.018333333333333333 0.025
0 0.8958333333333334 0.1575 0.011666666666666667 0.018333333333333333
0 0.8483333333333334 0.15 0.009166666666666667 0.015833333333333335
0 0.8566666666666667 0.15 0.0075 0.015
0 0.9108333333333334 0.14916666666666667 0.009166666666666667 0.013333333333333334
4 0.8666666666666667 0.14166666666666666 0.0075 0.013333333333333334
4 0.8083333333333333 0.14333333333333334 0.006666666666666667 0.0125
4 0.8141666666666667 0.14333333333333334 0.005833333333333334 0.013333333333333334
4 0.7375 0.14416666666666667 0.009166666666666667 0.015
1 0.6625 0.14916666666666667 0.0125 0.030833333333333334
4 0.6383333333333333 0.14416666666666667 0.008333333333333333 0.015833333333333335
1 0.5941666666666666 0.13916666666666666 0.0075 0.025833333333333333
4 0.14666666666666667 0.12166666666666667 0.008333333333333333 0.02
4 0.3475 0.13416666666666666 0.005833333333333334 0.018333333333333333
0 0.3225 0.6591666666666667 0.08583333333333333 0.11583333333333333
4 0.2675 0.12833333333333333 0.01 0.02
0 0.7216666666666667 0.17166666666666666 0.0125 0.023333333333333334
0 0.7516666666666667 0.1525 0.0075 0.0175
4 0.9308333333333333 0.19833333333333333 0.010833333333333334 0.013333333333333334
4 0.7225 0.10083333333333333 0.005833333333333334 0.010833333333333334
4 0.7283333333333334 0.10166666666666667 0.004166666666666667 0.009166666666666667
4 0.7291666666666666 0.09916666666666667 0.004166666666666667 0.009166666666666667