0 0.30083333333333334 0.5733333333333334 0.03166666666666667 0.05333333333333334
0 0.4583333333333333 0.5141666666666667 0.015 0.0275
0 0.525 0.4925 0.01 0.020833333333333332
0 0.555 0.48083333333333333 0.009166666666666667 0.016666666666666666
0 0.6083333333333333 0.4741666666666667 0.0075 0.014166666666666666
0 0.6291666666666667 0.4691666666666667 0.006666666666666667 0.0125
0 0.6458333333333334 0.4658333333333333 0.005833333333333334 0.0125
0 0.6558333333333334 0.4625 0.006666666666666667 0.01
0 0.6758333333333333 0.4583333333333333 0.005833333333333334 0.01
0 0.6958333333333333 0.45666666666666667 0.005 0.009166666666666667
0 0.7141666666666666 0.455 0.004166666666666667 0.0075
0 0.7208333333333333 0.45166666666666666 0.004166666666666667 0.008333333333333333
0 0.7258333333333333 0.4533333333333333 0.0033333333333333335 0.009166666666666667
4 0.74 0.46166666666666667 0.005833333333333334 0.0125
4 0.745 0.4658333333333333 0.005833333333333334 0.014166666666666666
4 0.6933333333333334 0.5166666666666667 0.0175 0.0325
4 0.7008333333333333 0.4925 0.0125 0.023333333333333334
4 0.7575 0.4575 0.006666666666666667 0.010833333333333334
4 0.7766666666666666 0.45416666666666666 0.005833333333333334 0.01
4 0.795 0.4525 0.004166666666666667 0.009166666666666667
4 0.7983333333333333 0.4508333333333333 0.0033333333333333335 0.009166666666666667
4 0.7908333333333334 0.44916666666666666 0.004166666666666667 0.008333333333333333
4 0.755 0.4716666666666667 0.009166666666666667 0.015833333333333335
4 0.7525 0.4483333333333333 0.004166666666666667 0.009166666666666667
4 0.7583333333333333 0.44666666666666666 0.0033333333333333335 0.0075
4 0.7158333333333333 0.6041666666666666 0.035833333333333335 0.07083333333333333
0 0.12416666666666666 0.49 0.005833333333333334 0.009166666666666667
0 0.13583333333333333 0.4875 0.005833333333333334 0.009166666666666667
0 0.1575 0.48583333333333334 0.004166666666666667 0.0075
0 0.1625 0.4891666666666667 0.005833333333333334 0.009166666666666667
0 0.18416666666666667 0.48333333333333334 0.004166666666666667 0.0075
0 0.22083333333333333 0.48583333333333334 0.005833333333333334 0.009166666666666667
0 0.225 0.48 0.0033333333333333335 0.006666666666666667
0 0.2791666666666667 0.47583333333333333 0.0025 0.006666666666666667
0 0.2941666666666667 0.4825 0.0033333333333333335 0.009166666666666667
0 0.3458333333333333 0.4708333333333333 0.0033333333333333335 0.005833333333333334
0 0.3566666666666667 0.4775 0.004166666666666667 0.008333333333333333
0 0.39916666666666667 0.4666666666666667 0.0025 0.005
0 0.42833333333333334 0.4725 0.004166666666666667 0.009166666666666667
0 0.43916666666666665 0.4633333333333333 0.0025 0.005
0 0.4775 0.4608333333333333 0.0025 0.005
0 0.5025 0.4675 0.004166666666666667 0.009166666666666667
0 0.5058333333333334 0.45916666666666667 0.0025 0.005
0 0.535 0.4575 0.0025 0.004166666666666667
0 0.5441666666666667 0.4633333333333333 0.004166666666666667 0.009166666666666667
0 0.5633333333333334 0.455 0.0025 0.005
0 0.5866666666666667 0.4533333333333333 0.0016666666666666668 0.004166666666666667
0 0.5925 0.46 0.004166666666666667 0.008333333333333333
0 0.635 0.4575 0.0033333333333333335 0.0075
0 0.6416666666666667 0.45 0.0025 0.004166666666666667
0 0.6625 0.45416666666666666 0.0025 0.005833333333333334
0 0.6866666666666666 0.4475 0.0016666666666666668 0.0033333333333333335
0 0.7425 0.44666666666666666 0.004166666666666667 0.005
0 0.7358333333333333 0.44583333333333336 0.0016666666666666668 0.004166666666666667
0 0.7766666666666666 0.44583333333333336 0.0025 0.005
0 0.81 0.44416666666666665 0.0025 0.005
0 0.8483333333333334 0.4425 0.0025 0.005833333333333334
0 0.8816666666666667 0.4425 0.0033333333333333335 0.005833333333333334
0 0.8908333333333334 0.44083333333333335 0.0033333333333333335 0.006666666666666667
0 0.8975 0.44083333333333335 0.0025 0.006666666666666667
0 0.9 0.44 0.0033333333333333335 0.0075
0 0.9191666666666667 0.43916666666666665 0.0033333333333333335 0.005
4 0.91 0.4425 0.0033333333333333335 0.0075
4 0.8583333333333333 0.44333333333333336 0.004166666666666667 0.0075
4 0.7241666666666666 0.4483333333333333 0.0025 0.005833333333333334
4 0.7133333333333334 0.45 0.0025 0.006666666666666667
4 0.705 0.4483333333333333 0.0025 0.005833333333333334
4 0.7108333333333333 0.4475 0.004166666666666667 0.005
4 0.6983333333333334 0.4483333333333333 0.0025 0.004166666666666667
4 0.6825 0.4483333333333333 0.0016666666666666668 0.004166666666666667
4 0.6666666666666666 0.4533333333333333 0.0033333333333333335 0.0075
4 0.6625 0.4483333333333333 0.0025 0.005
4 0.6441666666666667 0.45 0.0016666666666666668 0.005
4 0.6291666666666667 0.45166666666666666 0.0025 0.005
4 0.6208333333333333 0.4558333333333333 0.0025 0.0075
4 0.5825 0.45416666666666666 0.0025 0.005
4 0.5541666666666667 0.45666666666666667 0.0025 0.005833333333333334
4 0.5233333333333333 0.45916666666666667 0.0025 0.005833333333333334
4 0.49583333333333335 0.4658333333333333 0.004166666666666667 0.009166666666666667
4 0.49916666666666665 0.4608333333333333 0.0033333333333333335 0.006666666666666667
4 0.4583333333333333 0.4633333333333333 0.0025 0.005833333333333334
4 0.43416666666666665 0.47 0.004166666666666667 0.009166666666666667
4 0.4175 0.4658333333333333 0.0025 0.005833333333333334
4 0.38083333333333336 0.4741666666666667 0.004166666666666667 0.009166666666666667
4 0.36083333333333334 0.4708333333333333 0.0033333333333333335 0.006666666666666667
4 0.29 0.48 0.004166666666666667 0.01
4 0.2925 0.47583333333333333 0.0025 0.0075
4 0.25833333333333336 0.47833333333333333 0.0033333333333333335 0.0075
4 0.23083333333333333 0.48333333333333334 0.005 0.009166666666666667
4 0.21833333333333332 0.4825 0.0033333333333333335 0.009166666666666667
4 0.205 0.4841666666666667 0.005 0.009166666666666667
4 0.5458333333333333 0.4608333333333333 0.0033333333333333335 0.0075
4 0.7008333333333333 0.4825 0.010833333333333334 0.02
4 0.5908333333333333 0.4583333333333333 0.0025 0.008333333333333333
4 0.8016666666666666 0.445 0.0033333333333333335 0.008333333333333333