0 0.29333333333333333 0.64 0.05416666666666667 0.08416666666666667
0 0.445 0.5341666666666667 0.0225 0.03916666666666667
0 0.4816666666666667 0.49916666666666665 0.011666666666666667 0.025
0 0.5475 0.48333333333333334 0.01 0.020833333333333332
0 0.5658333333333333 0.47333333333333333 0.0075 0.015833333333333335
0 0.5791666666666667 0.4675 0.0075 0.015
0 0.5866666666666667 0.4625 0.005833333333333334 0.013333333333333334
0 0.6008333333333333 0.45666666666666667 0.005833333333333334 0.010833333333333334
0 0.62 0.45416666666666666 0.004166666666666667 0.009166666666666667
4 0.625 0.44666666666666666 0.0033333333333333335 0.008333333333333333
4 0.7058333333333333 0.4525 0.005 0.01
4 0.6916666666666667 0.455 0.005833333333333334 0.011666666666666667
4 0.6858333333333333 0.4608333333333333 0.006666666666666667 0.014166666666666666
4 0.7058333333333333 0.4675 0.0075 0.015833333333333335
4 0.7375 0.4775 0.010833333333333334 0.020833333333333332
4 0.7075 0.49916666666666665 0.014166666666666666 0.029166666666666667
4 0.755 0.5266666666666666 0.023333333333333334 0.04083333333333333
0 0.06833333333333333 0.5016666666666667 0.009166666666666667 0.015
4 0.07416666666666667 0.49666666666666665 0.008333333333333333 0.013333333333333334
0 0.08 0.4866666666666667 0.005833333333333334 0.009166666666666667
4 0.09833333333333333 0.4866666666666667 0.0075 0.01
0 0.17916666666666667 0.49166666666666664 0.008333333333333333 0.015
0 0.18666666666666668 0.4775 0.004166666666666667 0.008333333333333333
4 0.20833333333333334 0.4766666666666667 0.005 0.009166666666666667
4 0.22583333333333333 0.4841666666666667 0.0075 0.0125
0 0.26416666666666666 0.4708333333333333 0.004166666666666667 0.0075
4 0.2875 0.47 0.004166666666666667 0.0075
0 0.2925 0.4816666666666667 0.0075 0.013333333333333334
4 0.30333333333333334 0.4775 0.005833333333333334 0.011666666666666667
0 0.31583333333333335 0.4658333333333333 0.0033333333333333335 0.0075
4 0.34 0.465 0.0033333333333333335 0.0075
0 0.36333333333333334 0.4625 0.0025 0.005833333333333334
4 0.3858333333333333 0.4691666666666667 0.004166666666666667 0.01
4 0.3883333333333333 0.4608333333333333 0.0025 0.005833333333333334
0 0.3958333333333333 0.4716666666666667 0.005833333333333334 0.011666666666666667
0 0.39666666666666667 0.46 0.0025 0.005
4 0.4166666666666667 0.4583333333333333 0.0033333333333333335 0.006666666666666667
0 0.42916666666666664 0.45666666666666667 0.0025 0.005
0 0.44666666666666666 0.4658333333333333 0.004166666666666667 0.01
4 0.44583333333333336 0.4625 0.004166666666666667 0.009166666666666667
4 0.4508333333333333 0.455 0.0025 0.005833333333333334
0 0.46 0.4533333333333333 0.0025 0.005
0 0.4841666666666667 0.45166666666666666 0.0016666666666666668 0.005
4 0.4816666666666667 0.4525 0.0025 0.005
4 0.49583333333333335 0.4575 0.0033333333333333335 0.0075
0 0.5025 0.45916666666666667 0.004166666666666667 0.009166666666666667
0 0.505 0.45 0.0016666666666666668 0.004166666666666667
4 0.5091666666666667 0.45 0.0025 0.005
4 0.5291666666666667 0.45416666666666666 0.0033333333333333335 0.008333333333333333
4 0.5441666666666667 0.4475 0.0025 0.005
0 0.5408333333333334 0.44666666666666666 0.0016666666666666668 0.005
0 0.5483333333333333 0.455 0.004166666666666667 0.009166666666666667
4 0.5625 0.44583333333333336 0.0033333333333333335 0.005
4 0.5775 0.45 0.0025 0.008333333333333333
0 0.5758333333333333 0.4525 0.0033333333333333335 0.006666666666666667
0 0.585 0.44416666666666665 0.0025 0.005
4 0.5825 0.445 0.0025 0.005
4 0.5975 0.44416666666666665 0.0025 0.005
0 0.6008333333333333 0.44333333333333336 0.0025 0.005
0 0.6083333333333333 0.45 0.004166666666666667 0.008333333333333333
4 0.6091666666666666 0.44416666666666665 0.005833333333333334 0.005
0 0.6166666666666667 0.4425 0.0025 0.005
4 0.63 0.44416666666666665 0.0033333333333333335 0.005833333333333334
0 0.6333333333333333 0.44166666666666665 0.0025 0.005
0 0.6391666666666667 0.44166666666666665 0.0025 0.005
0 0.6408333333333334 0.44166666666666665 0.0016666666666666668 0.005833333333333334
0 0.6425 0.44166666666666665 0.0016666666666666668 0.006666666666666667
0 0.645 0.44166666666666665 0.0025 0.005
0 0.6458333333333334 0.45 0.004166666666666667 0.008333333333333333
0 0.6383333333333333 0.4483333333333333 0.0033333333333333335 0.008333333333333333
0 0.6366666666666667 0.4525 0.005 0.008333333333333333
0 0.6541666666666667 0.4425 0.0033333333333333335 0.005833333333333334
4 0.6633333333333333 0.4425 0.0033333333333333335 0.006666666666666667
4 0.665 0.44583333333333336 0.0033333333333333335 0.0075
0 0.6775 0.44166666666666665 0.0025 0.005833333333333334
0 0.7091666666666666 0.43916666666666665 0.0033333333333333335 0.005833333333333334
4 0.7058333333333333 0.44083333333333335 0.0033333333333333335 0.0075
4 0.705 0.445 0.004166666666666667 0.009166666666666667
4 0.7191666666666666 0.44916666666666666 0.004166666666666667 0.01
4 0.7166666666666667 0.44666666666666666 0.004166666666666667 0.009166666666666667
0 0.7433333333333333 0.43833333333333335 0.0025 0.006666666666666667
4 0.7566666666666667 0.43916666666666665 0.0033333333333333335 0.0075
0 0.7716666666666666 0.4375 0.0025 0.0075
0 0.7775 0.4375 0.0025 0.006666666666666667
0 0.7816666666666666 0.43583333333333335 0.0025 0.006666666666666667
0 0.7933333333333333 0.435 0.0025 0.005833333333333334
4 0.8 0.43833333333333335 0.0033333333333333335 0.008333333333333333
0 0.815 0.43333333333333335 0.0025 0.005
4 0.8258333333333333 0.43416666666666665 0.0016666666666666668 0.0075
4 0.8291666666666667 0.43583333333333335 0.0033333333333333335 0.009166666666666667
4 0.8325 0.43583333333333335 0.0033333333333333335 0.0075
0 0.8425 0.4325 0.0025 0.005
0 0.8775 0.43083333333333335 0.0025 0.005
0 0.9241666666666667 0.42916666666666664 0.0033333333333333335 0.005833333333333334