4 0.31583333333333335 0.33166666666666667 0.018333333333333333 0.0375
4 0.4775 0.32 0.016666666666666666 0.0325
4 0.6241666666666666 0.3075 0.014166666666666666 0.03
4 0.7341666666666666 0.3 0.014166666666666666 0.02666666666666667
4 0.7458333333333333 0.29 0.0125 0.023333333333333334
4 0.7425 0.2791666666666667 0.0075 0.018333333333333333
4 0.7541666666666667 0.2733333333333333 0.008333333333333333 0.014166666666666666
4 0.7525 0.2658333333333333 0.005833333333333334 0.0125
4 0.7725 0.2625 0.006666666666666667 0.013333333333333334
4 0.8266666666666667 0.25916666666666666 0.008333333333333333 0.0125
4 0.9075 0.2575 0.0075 0.0125
0 0.6016666666666667 0.36666666666666664 0.030833333333333334 0.0525
0 0.8833333333333333 0.34 0.03166666666666667 0.04416666666666667
0 0.92 0.2825 0.015 0.020833333333333332
0 0.8766666666666667 0.2733333333333333 0.011666666666666667 0.0175
0 0.88 0.2625 0.0075 0.013333333333333334
0 0.8658333333333333 0.2675 0.009166666666666667 0.015833333333333335
0 0.6191666666666666 0.5375 0.07166666666666667 0.12583333333333332
0 0.5141666666666667 0.5783333333333334 0.0775 0.14416666666666667
0 0.35 0.3875 0.034166666666666665 0.059166666666666666