4 0.6758333333333333 0.39166666666666666 0.06583333333333333 0.11
4 0.6666666666666666 0.22333333333333333 0.02 0.0375
4 0.41333333333333333 0.23416666666666666 0.018333333333333333 0.035
4 0.21333333333333335 0.23916666666666667 0.015 0.0325
4 0.105 0.23 0.015 0.025833333333333333
4 0.13916666666666666 0.2125 0.01 0.02
4 0.15083333333333335 0.20666666666666667 0.008333333333333333 0.016666666666666666
4 0.11166666666666666 0.2225 0.0125 0.021666666666666667
4 0.8608333333333333 0.16583333333333333 0.009166666666666667 0.0175
4 0.8816666666666667 0.16833333333333333 0.009166666666666667 0.02
0 0.23833333333333334 0.19666666666666666 0.008333333333333333 0.015833333333333335
0 0.2608333333333333 0.19833333333333333 0.008333333333333333 0.015833333333333335
0 0.26916666666666667 0.20166666666666666 0.0075 0.016666666666666666
0 0.2783333333333333 0.205 0.009166666666666667 0.019166666666666665
0 0.28833333333333333 0.21083333333333334 0.010833333333333334 0.0225
0 0.33666666666666667 0.21333333333333335 0.011666666666666667 0.024166666666666666
0 0.455 0.21083333333333334 0.011666666666666667 0.025
0 0.6041666666666666 0.2025 0.0125 0.02666666666666667
0 0.7541666666666667 0.19666666666666666 0.013333333333333334 0.02666666666666667
0 0.85 0.19083333333333333 0.013333333333333334 0.025
0 0.8241666666666667 0.185 0.011666666666666667 0.0225
0 0.7841666666666667 0.17916666666666667 0.009166666666666667 0.019166666666666665
0 0.7791666666666667 0.1675 0.006666666666666667 0.014166666666666666
0 0.7466666666666667 0.17583333333333334 0.0075 0.015833333333333335
4 0.08083333333333333 0.4725 0.035 0.07
0 0.7441666666666666 0.17083333333333334 0.005833333333333334 0.015
0 0.8308333333333333 0.1625 0.008333333333333333 0.014166666666666666
4 0.9 0.16166666666666665 0.010833333333333334 0.015833333333333335
0 0.905 0.15583333333333332 0.005833333333333334 0.0125
0 0.18083333333333335 0.19666666666666666 0.008333333333333333 0.014166666666666666
0 0.12166666666666667 0.19833333333333333 0.008333333333333333 0.011666666666666667
4 0.0975 0.20416666666666666 0.01 0.015833333333333335