4 0.6483333333333333 0.165 0.008333333333333333 0.02
4 0.4841666666666667 0.1725 0.009166666666666667 0.018333333333333333
4 0.4075 0.175 0.008333333333333333 0.0175
4 0.3358333333333333 0.17583333333333334 0.005833333333333334 0.015
4 0.3566666666666667 0.1675 0.006666666666666667 0.013333333333333334
0 0.6716666666666666 0.15416666666666667 0.006666666666666667 0.0175
0 0.6641666666666667 0.14583333333333334 0.004166666666666667 0.0125
0 0.5433333333333333 0.16 0.0075 0.015833333333333335
0 0.49833333333333335 0.15666666666666668 0.005833333333333334 0.0125
0 0.47583333333333333 0.1625 0.008333333333333333 0.015
0 0.4608333333333333 0.16083333333333333 0.006666666666666667 0.015
0 0.06583333333333333 0.18666666666666668 0.004166666666666667 0.01
4 0.11083333333333334 0.18583333333333332 0.009166666666666667 0.014166666666666666
0 0.12166666666666667 0.17666666666666667 0.0075 0.008333333333333333
0 0.1375 0.17916666666666667 0.009166666666666667 0.013333333333333334
0 0.15166666666666667 0.17666666666666667 0.005833333333333334 0.01
0 0.16583333333333333 0.17416666666666666 0.005833333333333334 0.008333333333333333
0 0.19166666666666668 0.17333333333333334 0.004166666666666667 0.008333333333333333
0 0.19666666666666666 0.175 0.0033333333333333335 0.010833333333333334
4 0.20083333333333334 0.17666666666666667 0.0075 0.014166666666666666
4 0.20666666666666667 0.1725 0.005 0.010833333333333334
0 0.2125 0.17166666666666666 0.0033333333333333335 0.006666666666666667
0 0.23083333333333333 0.17166666666666666 0.004166666666666667 0.01
0 0.23833333333333334 0.17166666666666666 0.004166666666666667 0.01
4 0.24666666666666667 0.17 0.004166666666666667 0.010833333333333334
0 0.2525 0.1675 0.0025 0.005833333333333334
0 0.2625 0.16666666666666666 0.0025 0.005
0 0.2841666666666667 0.165 0.0025 0.005
4 0.28833333333333333 0.16666666666666666 0.0033333333333333335 0.01
4 0.2991666666666667 0.16416666666666666 0.0033333333333333335 0.008333333333333333
4 0.30333333333333334 0.16416666666666666 0.0033333333333333335 0.008333333333333333
4 0.30583333333333335 0.16416666666666666 0.0025 0.009166666666666667
4 0.32083333333333336 0.165 0.0033333333333333335 0.011666666666666667
4 0.3333333333333333 0.16416666666666666 0.0033333333333333335 0.010833333333333334
4 0.345 0.16083333333333333 0.0033333333333333335 0.0075
4 0.37666666666666665 0.15833333333333333 0.0025 0.005833333333333334
4 0.3908333333333333 0.16166666666666665 0.004166666666666667 0.0125
4 0.4075 0.15666666666666668 0.0025 0.005833333333333334
4 0.4241666666666667 0.155 0.0016666666666666668 0.005833333333333334
4 0.43083333333333335 0.155 0.0016666666666666668 0.005833333333333334
0 0.42833333333333334 0.155 0.0016666666666666668 0.005
4 0.46416666666666667 0.15666666666666668 0.0033333333333333335 0.0125
0 0.4666666666666667 0.1525 0.0025 0.005833333333333334
0 0.4791666666666667 0.1525 0.0025 0.005833333333333334
4 0.4866666666666667 0.15166666666666667 0.0025 0.005
0 0.5025 0.15083333333333335 0.0025 0.005
4 0.5283333333333333 0.15166666666666667 0.0033333333333333335 0.0125
0 0.5525 0.1525 0.005833333333333334 0.0125
4 0.5558333333333333 0.14666666666666667 0.0025 0.008333333333333333
4 0.6 0.1475 0.0033333333333333335 0.0125
0 0.6116666666666667 0.14833333333333334 0.004166666666666667 0.0125
0 0.6158333333333333 0.1425 0.0025 0.0075
4 0.6225 0.14166666666666666 0.0016666666666666668 0.005833333333333334
4 0.6608333333333334 0.14333333333333334 0.0033333333333333335 0.013333333333333334
0 0.6766666666666666 0.13916666666666666 0.0016666666666666668 0.005833333333333334
4 0.73 0.13916666666666666 0.0033333333333333335 0.011666666666666667
0 0.7391666666666666 0.13916666666666666 0.004166666666666667 0.014166666666666666
0 0.8258333333333333 0.14666666666666667 0.0075 0.018333333333333333
4 0.8508333333333333 0.1575 0.009166666666666667 0.0225
0 0.8575 0.13166666666666665 0.004166666666666667 0.0125
4 0.8275 0.13083333333333333 0.0033333333333333335 0.0125