0 0.24666666666666667 0.6525 0.059166666666666666 0.08583333333333333
0 0.36666666666666664 0.5558333333333333 0.028333333333333332 0.04666666666666667
0 0.3491666666666667 0.5258333333333334 0.018333333333333333 0.034166666666666665
0 0.23583333333333334 0.5266666666666666 0.018333333333333333 0.03
4 0.33666666666666667 0.49416666666666664 0.011666666666666667 0.02
4 0.17083333333333334 0.5108333333333334 0.014166666666666666 0.0225
4 0.37583333333333335 0.4716666666666667 0.005833333333333334 0.011666666666666667
4 0.44333333333333336 0.4675 0.0075 0.0125
4 0.4508333333333333 0.485 0.010833333333333334 0.019166666666666665
4 0.5766666666666667 0.49 0.013333333333333334 0.024166666666666666
4 0.6566666666666666 0.5083333333333333 0.019166666666666665 0.0325
4 0.7941666666666667 0.5625 0.04083333333333333 0.059166666666666666
4 0.625 0.45916666666666667 0.006666666666666667 0.0125
4 0.6916666666666667 0.455 0.006666666666666667 0.0125
4 0.72 0.4508333333333333 0.005833333333333334 0.01
4 0.71 0.4483333333333333 0.005 0.01
4 0.8725 0.43583333333333335 0.0033333333333333335 0.0075
4 0.8291666666666667 0.4375 0.004166666666666667 0.0075
4 0.8883333333333333 0.43333333333333335 0.0033333333333333335 0.0075
4 0.9033333333333333 0.4325 0.0033333333333333335 0.005833333333333334
4 0.5266666666666666 0.4625 0.005833333333333334 0.0125
0 0.5241666666666667 0.4575 0.0033333333333333335 0.01
0 0.5841666666666666 0.455 0.004166666666666667 0.009166666666666667
0 0.4675 0.46166666666666667 0.004166666666666667 0.008333333333333333
0 0.4241666666666667 0.46416666666666667 0.004166666666666667 0.009166666666666667
0 0.4083333333333333 0.4633333333333333 0.004166666666666667 0.009166666666666667
0 0.6266666666666667 0.4533333333333333 0.0033333333333333335 0.01
0 0.6283333333333333 0.4508333333333333 0.0033333333333333335 0.009166666666666667
0 0.6225 0.4483333333333333 0.0033333333333333335 0.01
0 0.615 0.4483333333333333 0.0033333333333333335 0.008333333333333333
4 0.6741666666666667 0.445 0.0033333333333333335 0.008333333333333333
4 0.69 0.44666666666666666 0.0033333333333333335 0.009166666666666667
0 0.6441666666666667 0.44416666666666665 0.0025 0.005833333333333334
0 0.7591666666666667 0.43833333333333335 0.0025 0.005
0 0.7083333333333334 0.44083333333333335 0.0025 0.005
0 0.8375 0.43416666666666665 0.0025 0.006666666666666667
0 0.8533333333333334 0.4325 0.0025 0.005833333333333334
0 0.8808333333333334 0.43 0.0016666666666666668 0.005
0 0.9233333333333333 0.42833333333333334 0.0016666666666666668 0.005
0 0.4058333333333333 0.4625 0.0025 0.008333333333333333
0 0.4033333333333333 0.4608333333333333 0.0016666666666666668 0.006666666666666667
0 0.4008333333333333 0.46 0.0025 0.005833333333333334
0 0.3933333333333333 0.45916666666666667 0.0033333333333333335 0.006666666666666667
0 0.36833333333333335 0.46 0.0016666666666666668 0.005
4 0.3541666666666667 0.46416666666666667 0.0025 0.0075
4 0.35 0.4658333333333333 0.0033333333333333335 0.008333333333333333
4 0.3383333333333333 0.4708333333333333 0.0033333333333333335 0.009166666666666667
4 0.31083333333333335 0.465 0.0033333333333333335 0.0075
0 0.6716666666666666 0.4425 0.0025 0.005833333333333334
0 0.3433333333333333 0.4625 0.0016666666666666668 0.005
0 0.31833333333333336 0.4633333333333333 0.0016666666666666668 0.005
0 0.2808333333333333 0.4666666666666667 0.0016666666666666668 0.005
0 0.15166666666666667 0.48 0.0033333333333333335 0.006666666666666667
0 0.0875 0.4866666666666667 0.0033333333333333335 0.0075
4 0.14416666666666667 0.4825 0.0033333333333333335 0.009166666666666667
4 0.19916666666666666 0.47583333333333333 0.0033333333333333335 0.0075
4 0.23833333333333334 0.4716666666666667 0.0025 0.006666666666666667
4 0.27416666666666667 0.4683333333333333 0.0025 0.005833333333333334
4 0.33416666666666667 0.46416666666666667 0.0016666666666666668 0.005
4 0.34 0.4683333333333333 0.0025 0.0075