4 0.655 0.5375 0.028333333333333332 0.045
4 0.4816666666666667 0.5091666666666667 0.0125 0.02666666666666667
4 0.8733333333333333 0.4658333333333333 0.011666666666666667 0.018333333333333333
4 0.7725 0.4633333333333333 0.009166666666666667 0.015833333333333335
4 0.6591666666666667 0.46166666666666667 0.006666666666666667 0.0125
4 0.49416666666666664 0.475 0.004166666666666667 0.015
4 0.57 0.4658333333333333 0.004166666666666667 0.010833333333333334
0 0.23416666666666666 0.5633333333333334 0.034166666666666665 0.049166666666666664
0 0.20416666666666666 0.5233333333333333 0.0175 0.03
0 0.24333333333333335 0.5 0.0125 0.020833333333333332
0 0.30333333333333334 0.4841666666666667 0.008333333333333333 0.015833333333333335
0 0.3933333333333333 0.47333333333333333 0.006666666666666667 0.0125
0 0.47583333333333333 0.4658333333333333 0.0033333333333333335 0.015
0 0.5541666666666667 0.46 0.004166666666666667 0.010833333333333334
0 0.6433333333333333 0.45666666666666667 0.005 0.009166666666666667
0 0.735 0.455 0.005833333333333334 0.011666666666666667
0 0.8166666666666667 0.45416666666666666 0.0075 0.0125
0 0.9166666666666666 0.455 0.01 0.015