0 0.9283333333333333 0.45916666666666667 0.008333333333333333 0.015
0 0.8283333333333334 0.4608333333333333 0.009166666666666667 0.015
0 0.7266666666666667 0.4625 0.008333333333333333 0.015833333333333335
0 0.6308333333333334 0.4675 0.009166666666666667 0.016666666666666666
0 0.555 0.48083333333333333 0.01 0.020833333333333332
0 0.4841666666666667 0.5075 0.019166666666666665 0.0325
0 0.2991666666666667 0.61 0.04833333333333333 0.07333333333333333
4 0.92 0.4716666666666667 0.013333333333333334 0.02
4 0.7925 0.4766666666666667 0.014166666666666666 0.020833333333333332
4 0.7308333333333333 0.4891666666666667 0.014166666666666666 0.025833333333333333
4 0.7466666666666667 0.5216666666666666 0.021666666666666667 0.03833333333333333
4 0.9158333333333334 0.6608333333333334 0.03916666666666667 0.10083333333333333