0 0.12833333333333333 0.265 0.023333333333333334 0.0375
0 0.25333333333333335 0.21083333333333334 0.01 0.020833333333333332
0 0.27416666666666667 0.21833333333333332 0.015 0.025833333333333333
4 0.5325 0.23416666666666666 0.015833333333333335 0.035
4 0.5425 0.21666666666666667 0.011666666666666667 0.02666666666666667
4 0.4766666666666667 0.20916666666666667 0.0125 0.024166666666666666
4 0.4225 0.20333333333333334 0.010833333333333334 0.021666666666666667
0 0.31833333333333336 0.19583333333333333 0.009166666666666667 0.015833333333333335
0 0.2725 0.20416666666666666 0.008333333333333333 0.015833333333333335
4 0.48833333333333334 0.18583333333333332 0.006666666666666667 0.014166666666666666
4 0.57 0.17916666666666667 0.005833333333333334 0.015
4 0.6625 0.17416666666666666 0.004166666666666667 0.015
4 0.7541666666666667 0.175 0.006666666666666667 0.015833333333333335
4 0.8191666666666667 0.175 0.009166666666666667 0.018333333333333333
0 0.8433333333333334 0.16583333333333333 0.009166666666666667 0.015
0 0.7691666666666667 0.16666666666666666 0.0075 0.0125
0 0.6766666666666666 0.17 0.005833333333333334 0.013333333333333334
0 0.5758333333333333 0.17416666666666666 0.005 0.014166666666666666
0 0.4025 0.1875 0.005833333333333334 0.013333333333333334
0 0.49 0.18 0.005833333333333334 0.0125
0 0.9275 0.16166666666666665 0.0075 0.015833333333333335