4 0.305 0.35333333333333333 0.03833333333333333 0.08166666666666667
4 0.16083333333333333 0.22583333333333333 0.014166666666666666 0.025
4 0.27666666666666667 0.20833333333333334 0.009166666666666667 0.020833333333333332
4 0.42333333333333334 0.18333333333333332 0.0075 0.016666666666666666
4 0.5116666666666667 0.17 0.006666666666666667 0.014166666666666666
4 0.5633333333333334 0.1625 0.006666666666666667 0.0125
4 0.595 0.15916666666666668 0.005 0.01
4 0.625 0.15416666666666667 0.005 0.01
4 0.6508333333333334 0.15 0.004166666666666667 0.01
0 0.1725 0.2125 0.010833333333333334 0.018333333333333333
0 0.30916666666666665 0.19333333333333333 0.008333333333333333 0.015833333333333335
0 0.41083333333333333 0.17833333333333334 0.006666666666666667 0.014166666666666666
0 0.48333333333333334 0.16916666666666666 0.005 0.010833333333333334
0 0.53 0.16166666666666665 0.004166666666666667 0.011666666666666667
0 0.5741666666666667 0.15583333333333332 0.004166666666666667 0.01
0 0.6025 0.15166666666666667 0.005833333333333334 0.010833333333333334
0 0.6308333333333334 0.14833333333333334 0.004166666666666667 0.009166666666666667
1 0.6566666666666666 0.14166666666666666 0.004166666666666667 0.014166666666666666
0 0.6716666666666666 0.14166666666666666 0.0025 0.008333333333333333
0 0.6916666666666667 0.13916666666666666 0.0033333333333333335 0.006666666666666667
0 0.7191666666666666 0.13666666666666666 0.0033333333333333335 0.0075
4 0.6733333333333333 0.14583333333333334 0.004166666666666667 0.010833333333333334
4 0.7225 0.13833333333333334 0.0033333333333333335 0.009166666666666667
1 0.7091666666666666 0.13833333333333334 0.004166666666666667 0.015
4 0.5641666666666667 0.14833333333333334 0.005 0.011666666666666667
4 0.6941666666666667 0.1425 0.0033333333333333335 0.01
4 0.7441666666666666 0.13583333333333333 0.004166666666666667 0.01
0 0.7525 0.13333333333333333 0.0033333333333333335 0.008333333333333333
4 0.7658333333333334 0.13333333333333333 0.004166666666666667 0.01
4 0.7933333333333333 0.13083333333333333 0.004166666666666667 0.01
0 0.7858333333333334 0.12916666666666668 0.004166666666666667 0.009166666666666667
0 0.8291666666666667 0.12583333333333332 0.004166666666666667 0.006666666666666667
4 0.8225 0.12666666666666668 0.005 0.009166666666666667
4 0.8608333333333333 0.12333333333333334 0.005833333333333334 0.009166666666666667
0 0.8816666666666667 0.11916666666666667 0.006666666666666667 0.009166666666666667
4 0.9158333333333334 0.11583333333333333 0.0075 0.011666666666666667
0 0.9333333333333333 0.11333333333333333 0.005833333333333334 0.008333333333333333