0 0.28583333333333333 0.5733333333333334 0.035833333333333335 0.059166666666666666
0 0.42083333333333334 0.5 0.016666666666666666 0.02666666666666667
0 0.46 0.475 0.008333333333333333 0.016666666666666666
0 0.4725 0.4633333333333333 0.006666666666666667 0.0125
0 0.485 0.4583333333333333 0.005833333333333334 0.01
0 0.49416666666666664 0.45416666666666666 0.004166666666666667 0.009166666666666667
0 0.515 0.45166666666666666 0.004166666666666667 0.008333333333333333
0 0.5525 0.44916666666666666 0.004166666666666667 0.008333333333333333
0 0.9266666666666666 0.4533333333333333 0.0075 0.011666666666666667
0 0.86 0.45166666666666666 0.005833333333333334 0.01
0 0.8025 0.45 0.005833333333333334 0.009166666666666667
0 0.7441666666666666 0.44916666666666666 0.004166666666666667 0.009166666666666667
4 0.7641666666666667 0.5975 0.04 0.07333333333333333
4 0.6233333333333333 0.49916666666666665 0.015 0.029166666666666667
4 0.5841666666666666 0.4741666666666667 0.009166666666666667 0.0175
4 0.5658333333333333 0.4625 0.006666666666666667 0.0125
4 0.5858333333333333 0.45166666666666666 0.004166666666666667 0.009166666666666667
4 0.6258333333333334 0.45 0.004166666666666667 0.009166666666666667
4 0.6841666666666667 0.45166666666666666 0.004166666666666667 0.008333333333333333
4 0.7541666666666667 0.4525 0.005 0.01
4 0.82 0.45416666666666666 0.006666666666666667 0.011666666666666667
4 0.915 0.4575 0.008333333333333333 0.013333333333333334
0 0.5941666666666666 0.4483333333333333 0.004166666666666667 0.008333333333333333
0 0.6316666666666667 0.44916666666666666 0.004166666666666667 0.0075
4 0.5633333333333334 0.4583333333333333 0.0033333333333333335 0.008333333333333333
4 0.5608333333333333 0.4533333333333333 0.0033333333333333335 0.009166666666666667
0 0.6808333333333333 0.4483333333333333 0.0025 0.006666666666666667