0 0.35833333333333334 0.6016666666666667 0.0425 0.07333333333333333
0 0.5808333333333333 0.52 0.020833333333333332 0.035833333333333335
0 0.7175 0.49916666666666665 0.016666666666666666 0.028333333333333332
0 0.8208333333333333 0.49083333333333334 0.014166666666666666 0.023333333333333334
0 0.8966666666666666 0.4841666666666667 0.0125 0.021666666666666667
0 0.9258333333333333 0.4666666666666667 0.01 0.014166666666666666
0 0.8691666666666666 0.4608333333333333 0.0075 0.011666666666666667
0 0.8175 0.45916666666666667 0.006666666666666667 0.010833333333333334
0 0.775 0.4575 0.005833333333333334 0.010833333333333334
0 0.7308333333333333 0.4575 0.004166666666666667 0.009166666666666667
0 0.6733333333333333 0.4575 0.005833333333333334 0.01
0 0.6183333333333333 0.4575 0.004166666666666667 0.009166666666666667
0 0.5475 0.4575 0.004166666666666667 0.009166666666666667
0 0.5066666666666667 0.4558333333333333 0.004166666666666667 0.008333333333333333
0 0.4775 0.455 0.0033333333333333335 0.008333333333333333
4 0.88 0.4575 0.005833333333333334 0.010833333333333334
4 0.8108333333333333 0.45666666666666667 0.005833333333333334 0.009166666666666667
4 0.7533333333333333 0.4558333333333333 0.005 0.009166666666666667
4 0.71 0.455 0.005 0.009166666666666667
4 0.6608333333333334 0.455 0.005 0.009166666666666667
4 0.6108333333333333 0.455 0.004166666666666667 0.009166666666666667
4 0.5641666666666667 0.455 0.004166666666666667 0.008333333333333333
4 0.5333333333333333 0.4533333333333333 0.004166666666666667 0.009166666666666667
4 0.5266666666666666 0.4525 0.004166666666666667 0.008333333333333333
4 0.5125 0.45 0.0033333333333333335 0.005833333333333334
0 0.49 0.45166666666666666 0.0033333333333333335 0.006666666666666667
0 0.49666666666666665 0.4508333333333333 0.0033333333333333335 0.0075
0 0.4708333333333333 0.4533333333333333 0.0033333333333333335 0.008333333333333333
0 0.4608333333333333 0.45166666666666666 0.0025 0.005
0 0.485 0.4525 0.0025 0.005833333333333334
4 0.54 0.45166666666666666 0.0033333333333333335 0.0075
4 0.55 0.45166666666666666 0.0033333333333333335 0.005833333333333334
4 0.64 0.4508333333333333 0.0025 0.005
0 0.4275 0.45 0.0025 0.004166666666666667
0 0.43833333333333335 0.45 0.0025 0.005
0 0.445 0.4483333333333333 0.0016666666666666668 0.004166666666666667
4 0.4658333333333333 0.44916666666666666 0.0025 0.005
4 0.4791666666666667 0.44916666666666666 0.0025 0.005
4 0.5016666666666667 0.44916666666666666 0.0025 0.005
4 0.5583333333333333 0.45 0.0025 0.005
4 0.5766666666666667 0.4508333333333333 0.0025 0.005
0 0.6 0.45 0.0025 0.004166666666666667
0 0.6275 0.4508333333333333 0.0025 0.004166666666666667
0 0.6708333333333333 0.4508333333333333 0.0025 0.004166666666666667
4 0.6975 0.4508333333333333 0.0025 0.005
4 0.7483333333333333 0.45166666666666666 0.0025 0.005
0 0.7175 0.45166666666666666 0.0016666666666666668 0.004166666666666667
0 0.76 0.45166666666666666 0.0025 0.005
4 0.7858333333333334 0.45166666666666666 0.0025 0.005
0 0.8358333333333333 0.4508333333333333 0.0025 0.005833333333333334
0 0.8658333333333333 0.4508333333333333 0.0025 0.005
4 0.8775 0.45166666666666666 0.0025 0.005
0 0.9008333333333334 0.4508333333333333 0.0025 0.005
4 0.91 0.45166666666666666 0.0033333333333333335 0.005