0 0.49 0.33666666666666667 0.013333333333333334 0.0125
0 0.5416666666666666 0.33916666666666667 0.009166666666666667 0.014166666666666666
0 0.5975 0.34 0.010833333333333334 0.02
0 0.6558333333333334 0.33166666666666667 0.009166666666666667 0.015
0 0.6858333333333333 0.3441666666666667 0.0125 0.023333333333333334
4 0.8366666666666667 0.3375 0.013333333333333334 0.019166666666666665
4 0.745 0.33166666666666667 0.011666666666666667 0.021666666666666667
4 0.5216666666666666 0.3233333333333333 0.0075 0.015833333333333335
4 0.5766666666666667 0.32666666666666666 0.011666666666666667 0.013333333333333334
4 0.6158333333333333 0.32666666666666666 0.009166666666666667 0.0175
2 0.6958333333333333 0.3325 0.01 0.015833333333333335
2 0.74 0.35 0.018333333333333333 0.018333333333333333