0 0.6783333333333333 0.445 0.04 0.06583333333333333
0 0.2833333333333333 0.3575 0.01 0.018333333333333333
0 0.3883333333333333 0.3458333333333333 0.01 0.019166666666666665
0 0.48833333333333334 0.3375 0.009166666666666667 0.0175
0 0.6016666666666667 0.3283333333333333 0.009166666666666667 0.016666666666666666
0 0.6941666666666667 0.32 0.008333333333333333 0.016666666666666666
0 0.82 0.31416666666666665 0.010833333333333334 0.019166666666666665
4 0.8475 0.30333333333333334 0.01 0.016666666666666666
4 0.7233333333333334 0.31083333333333335 0.0075 0.015833333333333335
4 0.6316666666666667 0.31666666666666665 0.006666666666666667 0.014166666666666666
4 0.55 0.3233333333333333 0.005833333333333334 0.014166666666666666
4 0.46 0.3325 0.006666666666666667 0.015833333333333335
4 0.37666666666666665 0.3383333333333333 0.006666666666666667 0.018333333333333333
4 0.2775 0.35 0.005 0.014166666666666666