0 0.5675 0.4766666666666667 0.06416666666666666 0.1375
0 0.7283333333333334 0.30083333333333334 0.03333333333333333 0.06416666666666666
0 0.7816666666666666 0.24083333333333334 0.025833333333333333 0.03916666666666667
0 0.8116666666666666 0.21583333333333332 0.019166666666666665 0.03
0 0.6816666666666666 0.185 0.01 0.019166666666666665
0 0.7975 0.19916666666666666 0.0125 0.023333333333333334
0 0.5991666666666666 0.17666666666666667 0.008333333333333333 0.0175
0 0.52 0.16916666666666666 0.0075 0.015833333333333335
0 0.4558333333333333 0.16333333333333333 0.0075 0.014166666666666666
0 0.2775 0.17833333333333334 0.011666666666666667 0.0225
0 0.3575 0.17083333333333334 0.009166666666666667 0.018333333333333333
0 0.36916666666666664 0.1625 0.0075 0.015
0 0.37833333333333335 0.15333333333333332 0.005833333333333334 0.011666666666666667
0 0.16416666666666666 0.18166666666666667 0.015 0.02666666666666667
4 0.19083333333333333 0.1625 0.010833333333333334 0.02
4 0.25583333333333336 0.15833333333333333 0.008333333333333333 0.016666666666666666
4 0.2941666666666667 0.15166666666666667 0.006666666666666667 0.014166666666666666
4 0.07333333333333333 0.16416666666666666 0.015 0.023333333333333334
1 0.2808333333333333 0.14916666666666667 0.011666666666666667 0.024166666666666666
0 0.41583333333333333 0.15916666666666668 0.005833333333333334 0.010833333333333334
0 0.42583333333333334 0.15166666666666667 0.005 0.010833333333333334
4 0.8466666666666667 0.18833333333333332 0.0125 0.021666666666666667
4 0.7566666666666667 0.18083333333333335 0.009166666666666667 0.02
4 0.6516666666666666 0.17333333333333334 0.006666666666666667 0.015833333333333335
4 0.5925 0.16833333333333333 0.006666666666666667 0.014166666666666666
4 0.5291666666666667 0.1625 0.005833333333333334 0.0125
4 0.49833333333333335 0.15916666666666668 0.005833333333333334 0.0125
4 0.49083333333333334 0.15666666666666668 0.004166666666666667 0.010833333333333334
4 0.4841666666666667 0.15416666666666667 0.0025 0.009166666666666667
4 0.47833333333333333 0.14916666666666667 0.0033333333333333335 0.009166666666666667
4 0.31583333333333335 0.14666666666666667 0.005 0.0125
4 0.33 0.14416666666666667 0.005833333333333334 0.011666666666666667
4 0.33916666666666667 0.1425 0.004166666666666667 0.01
1 0.37333333333333335 0.15416666666666667 0.0075 0.023333333333333334
0 0.38333333333333336 0.14833333333333334 0.004166666666666667 0.010833333333333334
0 0.3875 0.14583333333333334 0.0033333333333333335 0.009166666666666667
0 0.39 0.14416666666666667 0.0033333333333333335 0.008333333333333333
0 0.4175 0.15333333333333332 0.004166666666666667 0.0125
0 0.4325 0.14916666666666667 0.004166666666666667 0.009166666666666667
0 0.43583333333333335 0.1475 0.004166666666666667 0.01
0 0.44333333333333336 0.1475 0.0025 0.008333333333333333
2 0.44583333333333336 0.14666666666666667 0.0025 0.009166666666666667
2 0.44916666666666666 0.14583333333333334 0.0033333333333333335 0.0075
2 0.4683333333333333 0.14666666666666667 0.0025 0.006666666666666667
2 0.48583333333333334 0.1475 0.0025 0.006666666666666667