4 0.5625 0.7233333333333334 0.12583333333333332 0.24416666666666667
4 0.15 0.21833333333333332 0.01 0.019166666666666665
0 0.125 0.21416666666666667 0.006666666666666667 0.015833333333333335
4 0.24916666666666668 0.21083333333333334 0.008333333333333333 0.0175
0 0.255 0.20333333333333334 0.005833333333333334 0.013333333333333334
0 0.35333333333333333 0.19583333333333333 0.006666666666666667 0.013333333333333334
4 0.3375 0.20333333333333334 0.0075 0.015833333333333335
4 0.4658333333333333 0.19333333333333333 0.006666666666666667 0.0175
4 0.57 0.18666666666666668 0.006666666666666667 0.015833333333333335
0 0.5533333333333333 0.1825 0.006666666666666667 0.013333333333333334
0 0.645 0.17666666666666667 0.005833333333333334 0.013333333333333334
4 0.6525 0.18333333333333332 0.005833333333333334 0.015
0 0.6666666666666666 0.16916666666666666 0.004166666666666667 0.009166666666666667
0 0.6591666666666667 0.16833333333333333 0.004166666666666667 0.009166666666666667
0 0.6341666666666667 0.17 0.0033333333333333335 0.0075
0 0.6891666666666667 0.1675 0.0033333333333333335 0.0075
0 0.7091666666666666 0.16666666666666666 0.005 0.008333333333333333
4 0.6991666666666667 0.16583333333333333 0.004166666666666667 0.008333333333333333
4 0.6958333333333333 0.16666666666666666 0.0033333333333333335 0.009166666666666667
4 0.7433333333333333 0.165 0.004166666666666667 0.009166666666666667
4 0.7908333333333334 0.1775 0.008333333333333333 0.016666666666666666
4 0.83 0.1625 0.005833333333333334 0.010833333333333334
0 0.8016666666666666 0.16833333333333333 0.0075 0.013333333333333334
0 0.7233333333333334 0.1725 0.0075 0.015
0 0.7916666666666666 0.1625 0.0025 0.006666666666666667
0 0.7733333333333333 0.16583333333333333 0.004166666666666667 0.008333333333333333
4 0.7833333333333333 0.1625 0.004166666666666667 0.009166666666666667
4 0.8991666666666667 0.1675 0.008333333333333333 0.019166666666666665
0 0.8816666666666667 0.1625 0.0075 0.015833333333333335
0 0.8741666666666666 0.15833333333333333 0.005 0.011666666666666667