4 0.8516666666666667 0.67 0.07666666666666666 0.10416666666666667
4 0.6641666666666667 0.5325 0.0225 0.04083333333333333
4 0.6208333333333333 0.49833333333333335 0.013333333333333334 0.02666666666666667
4 0.6008333333333333 0.47833333333333333 0.008333333333333333 0.015833333333333335
4 0.6016666666666667 0.4691666666666667 0.005833333333333334 0.0125
0 0.32666666666666666 0.5916666666666667 0.0375 0.060833333333333336
0 0.42833333333333334 0.5166666666666667 0.016666666666666666 0.03
0 0.4825 0.48 0.009166666666666667 0.0175
0 0.49583333333333335 0.4725 0.006666666666666667 0.014166666666666666
0 0.5183333333333333 0.4658333333333333 0.005833333333333334 0.0125
0 0.5466666666666666 0.4608333333333333 0.004166666666666667 0.010833333333333334
0 0.5716666666666667 0.45666666666666667 0.004166666666666667 0.009166666666666667
1 0.4691666666666667 0.48333333333333334 0.011666666666666667 0.03333333333333333
1 0.6091666666666666 0.4791666666666667 0.013333333333333334 0.03333333333333333
0 0.6091666666666666 0.4533333333333333 0.0033333333333333335 0.009166666666666667
0 0.6583333333333333 0.45166666666666666 0.0033333333333333335 0.008333333333333333
0 0.7091666666666666 0.4483333333333333 0.0033333333333333335 0.008333333333333333
0 0.7583333333333333 0.4483333333333333 0.0025 0.005833333333333334
0 0.9083333333333333 0.44333333333333336 0.004166666666666667 0.009166666666666667
4 0.8858333333333334 0.44666666666666666 0.006666666666666667 0.010833333333333334
4 0.8233333333333334 0.4483333333333333 0.005833333333333334 0.010833333333333334
4 0.7666666666666667 0.44916666666666666 0.005 0.009166666666666667
4 0.7183333333333334 0.45 0.004166666666666667 0.01
4 0.6641666666666667 0.4533333333333333 0.0033333333333333335 0.009166666666666667
4 0.63 0.45666666666666667 0.004166666666666667 0.01
4 0.6133333333333333 0.45916666666666667 0.004166666666666667 0.011666666666666667
4 0.6016666666666667 0.46416666666666667 0.004166666666666667 0.013333333333333334