0 0.8758333333333334 0.44666666666666666 0.004166666666666667 0.009166666666666667
0 0.8058333333333333 0.44666666666666666 0.004166666666666667 0.0075
0 0.76 0.4483333333333333 0.0033333333333333335 0.0075
0 0.725 0.45 0.004166666666666667 0.0075
0 0.7 0.4508333333333333 0.0033333333333333335 0.008333333333333333
0 0.7033333333333334 0.4558333333333333 0.005 0.009166666666666667
0 0.6916666666666667 0.4525 0.004166666666666667 0.009166666666666667
0 0.7116666666666667 0.46 0.005833333333333334 0.015833333333333335
0 0.6575 0.4625 0.006666666666666667 0.0125
0 0.5816666666666667 0.4633333333333333 0.004166666666666667 0.0125
0 0.5141666666666667 0.465 0.005833333333333334 0.0125
0 0.46416666666666667 0.465 0.005833333333333334 0.010833333333333334
0 0.44666666666666666 0.4633333333333333 0.005833333333333334 0.010833333333333334
0 0.17166666666666666 0.625 0.0575 0.07916666666666666
4 0.9041666666666667 0.4483333333333333 0.006666666666666667 0.009166666666666667
4 0.845 0.4475 0.006666666666666667 0.01
4 0.8458333333333333 0.4625 0.0075 0.015833333333333335
4 0.8258333333333333 0.4583333333333333 0.0075 0.015
4 0.81 0.4675 0.008333333333333333 0.018333333333333333
4 0.7933333333333333 0.44916666666666666 0.004166666666666667 0.009166666666666667
4 0.7908333333333334 0.455 0.006666666666666667 0.011666666666666667
4 0.7641666666666667 0.45 0.0025 0.008333333333333333
4 0.7683333333333333 0.4525 0.005833333333333334 0.01
4 0.7166666666666667 0.4716666666666667 0.008333333333333333 0.016666666666666666
4 0.6658333333333334 0.5366666666666666 0.023333333333333334 0.045
4 0.5841666666666666 0.4716666666666667 0.0075 0.014166666666666666
4 0.4791666666666667 0.4725 0.0075 0.015833333333333335
4 0.46416666666666667 0.5075 0.014166666666666666 0.03
4 0.30416666666666664 0.5125 0.015833333333333335 0.03
4 0.07 0.53 0.013333333333333334 0.03166666666666667
4 0.4008333333333333 0.4725 0.006666666666666667 0.0125
4 0.3875 0.46416666666666667 0.004166666666666667 0.008333333333333333
4 0.37166666666666665 0.4666666666666667 0.004166666666666667 0.01
4 0.36666666666666664 0.47 0.005833333333333334 0.010833333333333334
4 0.07333333333333333 0.4825 0.0075 0.011666666666666667
4 0.3958333333333333 0.4608333333333333 0.0033333333333333335 0.008333333333333333
4 0.9025 0.6391666666666667 0.06333333333333334 0.09666666666666666
0 0.43833333333333335 0.4575 0.0033333333333333335 0.006666666666666667
0 0.4141666666666667 0.45666666666666667 0.0033333333333333335 0.008333333333333333
0 0.38916666666666666 0.4583333333333333 0.0025 0.005
0 0.36333333333333334 0.45916666666666667 0.0033333333333333335 0.006666666666666667
4 0.37583333333333335 0.4608333333333333 0.0033333333333333335 0.008333333333333333
4 0.3525 0.46 0.0033333333333333335 0.008333333333333333
4 0.31666666666666665 0.46166666666666667 0.0033333333333333335 0.009166666666666667
4 0.28 0.465 0.0033333333333333335 0.008333333333333333
0 0.3258333333333333 0.4608333333333333 0.0025 0.005833333333333334
0 0.2833333333333333 0.46416666666666667 0.0033333333333333335 0.005833333333333334
0 0.245 0.4666666666666667 0.004166666666666667 0.0075
0 0.19416666666666665 0.4708333333333333 0.004166666666666667 0.008333333333333333
4 0.23833333333333334 0.4683333333333333 0.004166666666666667 0.0075
4 0.17916666666666667 0.47333333333333333 0.005833333333333334 0.009166666666666667
0 0.1275 0.47583333333333333 0.0033333333333333335 0.009166666666666667