0 0.6258333333333334 0.6691666666666667 0.0775 0.14166666666666666
0 0.6383333333333333 0.49333333333333335 0.03833333333333333 0.06333333333333334
0 0.48833333333333334 0.43916666666666665 0.0225 0.043333333333333335
0 0.30333333333333334 0.4191666666666667 0.021666666666666667 0.0375
4 0.7716666666666666 0.42916666666666664 0.0225 0.034166666666666665
4 0.39666666666666667 0.3875 0.013333333333333334 0.025
4 0.2175 0.37666666666666665 0.014166666666666666 0.023333333333333334
4 0.08333333333333333 0.33916666666666667 0.0075 0.011666666666666667
0 0.07583333333333334 0.33666666666666667 0.006666666666666667 0.01
4 0.5275 0.4025 0.013333333333333334 0.025
0 0.13 0.33916666666666667 0.006666666666666667 0.01
0 0.18916666666666668 0.3416666666666667 0.006666666666666667 0.009166666666666667
4 0.21 0.345 0.006666666666666667 0.010833333333333334
4 0.16166666666666665 0.3425 0.006666666666666667 0.011666666666666667
0 0.255 0.3458333333333333 0.006666666666666667 0.009166666666666667
4 0.31166666666666665 0.35 0.006666666666666667 0.01
0 0.9133333333333333 0.37833333333333335 0.006666666666666667 0.009166666666666667
4 0.855 0.37916666666666665 0.006666666666666667 0.0125
0 0.8216666666666667 0.375 0.005833333333333334 0.009166666666666667
4 0.7483333333333333 0.37333333333333335 0.005 0.01
0 0.7316666666666667 0.37 0.005 0.009166666666666667
0 0.3408333333333333 0.35 0.006666666666666667 0.01
0 0.49833333333333335 0.3566666666666667 0.005833333333333334 0.009166666666666667
0 0.06916666666666667 0.395 0.011666666666666667 0.0325
4 0.6508333333333334 0.3675 0.004166666666666667 0.009166666666666667
4 0.5841666666666666 0.3641666666666667 0.004166666666666667 0.009166666666666667
4 0.06583333333333333 0.37 0.004166666666666667 0.013333333333333334
4 0.48833333333333334 0.3591666666666667 0.004166666666666667 0.01
4 0.4083333333333333 0.355 0.005 0.01
0 0.42583333333333334 0.35333333333333333 0.004166666666666667 0.009166666666666667