0 0.39416666666666667 0.5258333333333334 0.021666666666666667 0.0375
0 0.4583333333333333 0.4825 0.010833333333333334 0.021666666666666667
0 0.47583333333333333 0.4658333333333333 0.0075 0.015833333333333335
0 0.49083333333333334 0.45916666666666667 0.005833333333333334 0.0125
0 0.5016666666666667 0.4533333333333333 0.005833333333333334 0.01
0 0.525 0.4508333333333333 0.004166666666666667 0.009166666666666667
0 0.5658333333333333 0.4483333333333333 0.004166666666666667 0.009166666666666667
0 0.6108333333333333 0.4475 0.004166666666666667 0.009166666666666667
0 0.6516666666666666 0.44666666666666666 0.004166666666666667 0.009166666666666667
0 0.7075 0.4475 0.004166666666666667 0.008333333333333333
0 0.7783333333333333 0.4483333333333333 0.004166666666666667 0.009166666666666667
0 0.8475 0.44916666666666666 0.006666666666666667 0.011666666666666667
0 0.9191666666666667 0.45 0.0075 0.0125
4 0.6833333333333333 0.5266666666666666 0.0225 0.041666666666666664
4 0.6108333333333333 0.4816666666666667 0.011666666666666667 0.0225
4 0.5841666666666666 0.46416666666666667 0.0075 0.015
4 0.6025 0.45 0.005 0.01
4 0.5758333333333333 0.4533333333333333 0.0033333333333333335 0.01
4 0.5791666666666667 0.4575 0.005833333333333334 0.011666666666666667
4 0.8758333333333334 0.4533333333333333 0.008333333333333333 0.014166666666666666
4 0.7941666666666667 0.45166666666666666 0.006666666666666667 0.010833333333333334
4 0.7116666666666667 0.45 0.005833333333333334 0.01
4 0.6466666666666666 0.44916666666666666 0.005 0.01