4 0.11916666666666667 0.6675 0.10916666666666666 0.16666666666666666
4 0.1675 0.20166666666666666 0.0125 0.020833333333333332
0 0.125 0.19833333333333333 0.010833333333333334 0.015833333333333335
0 0.2733333333333333 0.185 0.0075 0.014166666666666666
4 0.2783333333333333 0.19166666666666668 0.009166666666666667 0.0175
3 0.6016666666666667 0.14333333333333334 0.004166666666666667 0.006666666666666667
3 0.6083333333333333 0.1425 0.0033333333333333335 0.006666666666666667
3 0.625 0.14083333333333334 0.0033333333333333335 0.0075
3 0.6333333333333333 0.14083333333333334 0.004166666666666667 0.006666666666666667
3 0.65 0.13916666666666666 0.0033333333333333335 0.0075
0 0.6741666666666667 0.1375 0.0033333333333333335 0.006666666666666667
0 0.6791666666666667 0.1375 0.0033333333333333335 0.0075
4 0.6616666666666666 0.13833333333333334 0.0033333333333333335 0.0075
4 0.6658333333333334 0.13833333333333334 0.0033333333333333335 0.0075
4 0.6891666666666667 0.13666666666666666 0.0033333333333333335 0.008333333333333333
4 0.7033333333333334 0.13583333333333333 0.0033333333333333335 0.008333333333333333
4 0.7366666666666667 0.13333333333333333 0.0033333333333333335 0.008333333333333333
0 0.7216666666666667 0.13583333333333333 0.004166666666666667 0.009166666666666667
0 0.37916666666666665 0.1725 0.008333333333333333 0.013333333333333334
4 0.375 0.18 0.006666666666666667 0.015833333333333335
4 0.515 0.1675 0.006666666666666667 0.015833333333333335
0 0.69 0.14833333333333334 0.006666666666666667 0.0125