4 0.5083333333333333 0.43583333333333335 0.0575 0.1225
4 0.705 0.22 0.02 0.03666666666666667
4 0.49416666666666664 0.21916666666666668 0.015833333333333335 0.030833333333333334
4 0.4041666666666667 0.19166666666666668 0.008333333333333333 0.0175
4 0.4091666666666667 0.18666666666666668 0.0075 0.015833333333333335
4 0.36333333333333334 0.185 0.006666666666666667 0.013333333333333334
4 0.315 0.18583333333333332 0.006666666666666667 0.015
4 0.24583333333333332 0.19 0.006666666666666667 0.014166666666666666
0 0.25916666666666666 0.18583333333333332 0.005833333333333334 0.0125
0 0.32916666666666666 0.18166666666666667 0.0075 0.013333333333333334
0 0.38 0.17916666666666667 0.005833333333333334 0.011666666666666667
0 0.43083333333333335 0.1775 0.005 0.0125
0 0.485 0.1775 0.006666666666666667 0.014166666666666666
0 0.5091666666666667 0.18 0.0075 0.014166666666666666
0 0.5208333333333334 0.18333333333333332 0.008333333333333333 0.016666666666666666
0 0.5333333333333333 0.1875 0.009166666666666667 0.019166666666666665
0 0.5483333333333333 0.1925 0.009166666666666667 0.021666666666666667
0 0.6016666666666667 0.19666666666666666 0.010833333333333334 0.023333333333333334
0 0.7316666666666667 0.19666666666666666 0.013333333333333334 0.02666666666666667
0 0.18 0.19333333333333333 0.005833333333333334 0.011666666666666667
4 0.1775 0.195 0.0075 0.015833333333333335
4 0.09833333333333333 0.2025 0.009166666666666667 0.016666666666666666
0 0.10916666666666666 0.19833333333333333 0.0075 0.0125
4 0.38666666666666666 0.2075 0.011666666666666667 0.023333333333333334
4 0.3858333333333333 0.20083333333333334 0.01 0.02
0 0.9083333333333333 0.18916666666666668 0.0175 0.03