0 0.24666666666666667 0.6283333333333333 0.085 0.14583333333333334
0 0.9166666666666666 0.5258333333333334 0.03833333333333333 0.08333333333333333
0 0.5866666666666667 0.335 0.004166666666666667 0.009166666666666667
4 0.6508333333333334 0.33916666666666667 0.005 0.01
0 0.6541666666666667 0.3441666666666667 0.005833333333333334 0.011666666666666667
4 0.6658333333333334 0.33916666666666667 0.004166666666666667 0.009166666666666667
4 0.6691666666666667 0.3425 0.005 0.01
0 0.6766666666666666 0.3383333333333333 0.004166666666666667 0.0075
4 0.7058333333333333 0.3416666666666667 0.005 0.008333333333333333
0 0.7258333333333333 0.3516666666666667 0.0075 0.0125
4 0.7441666666666666 0.3441666666666667 0.005 0.008333333333333333
0 0.8091666666666667 0.3591666666666667 0.006666666666666667 0.013333333333333334
0 0.8158333333333333 0.3466666666666667 0.0033333333333333335 0.006666666666666667
4 0.8366666666666667 0.3491666666666667 0.004166666666666667 0.008333333333333333
4 0.8558333333333333 0.3591666666666667 0.0075 0.014166666666666666
0 0.9025 0.3516666666666667 0.004166666666666667 0.008333333333333333
4 0.9341666666666667 0.355 0.004166666666666667 0.009166666666666667
0 0.6 0.33416666666666667 0.004166666666666667 0.008333333333333333
0 0.61 0.33916666666666667 0.004166666666666667 0.009166666666666667
0 0.6183333333333333 0.335 0.0033333333333333335 0.0075
0 0.6408333333333334 0.3358333333333333 0.0033333333333333335 0.008333333333333333