2 0.5458333333333333 0.2175 0.0125 0.02666666666666667
2 0.5658333333333333 0.22666666666666666 0.013333333333333334 0.029166666666666667
2 0.5983333333333334 0.24083333333333334 0.015 0.034166666666666665
2 0.6041666666666666 0.2175 0.009166666666666667 0.025
2 0.6658333333333334 0.21916666666666668 0.010833333333333334 0.025833333333333333
2 0.6966666666666667 0.24166666666666667 0.016666666666666666 0.035
2 0.7216666666666667 0.22 0.013333333333333334 0.024166666666666666
2 0.7591666666666667 0.24083333333333334 0.015833333333333335 0.0325
4 0.7716666666666666 0.22083333333333333 0.011666666666666667 0.023333333333333334
4 0.9316666666666666 0.21833333333333332 0.008333333333333333 0.016666666666666666
4 0.935 0.19666666666666666 0.0025 0.005833333333333334
4 0.8708333333333333 0.2175 0.011666666666666667 0.0225
0 0.8433333333333334 0.23833333333333334 0.016666666666666666 0.029166666666666667
2 0.8116666666666666 0.2375 0.018333333333333333 0.030833333333333334