0 0.21 0.6016666666666667 0.04833333333333333 0.06916666666666667
0 0.3458333333333333 0.5108333333333334 0.0175 0.03
0 0.37833333333333335 0.4891666666666667 0.0125 0.0225
0 0.4175 0.4716666666666667 0.0075 0.015833333333333335
0 0.45416666666666666 0.4633333333333333 0.006666666666666667 0.0125
0 0.4816666666666667 0.4583333333333333 0.005 0.011666666666666667
0 0.5208333333333334 0.45416666666666666 0.004166666666666667 0.01
0 0.5516666666666666 0.4508333333333333 0.004166666666666667 0.009166666666666667
0 0.6025 0.44916666666666666 0.0033333333333333335 0.008333333333333333
0 0.6625 0.4483333333333333 0.0033333333333333335 0.008333333333333333
0 0.7066666666666667 0.4483333333333333 0.0033333333333333335 0.008333333333333333
0 0.7525 0.4483333333333333 0.0033333333333333335 0.008333333333333333
0 0.8141666666666667 0.45 0.005 0.009166666666666667
0 0.9041666666666667 0.45166666666666666 0.008333333333333333 0.0125
4 0.6425 0.5466666666666666 0.02666666666666667 0.049166666666666664
4 0.5466666666666666 0.49583333333333335 0.014166666666666666 0.025
4 0.5316666666666666 0.475 0.009166666666666667 0.016666666666666666
4 0.5416666666666666 0.4658333333333333 0.0075 0.015
4 0.5666666666666667 0.4575 0.006666666666666667 0.011666666666666667
4 0.595 0.4533333333333333 0.004166666666666667 0.009166666666666667
4 0.64 0.45166666666666666 0.004166666666666667 0.009166666666666667
4 0.7033333333333334 0.4508333333333333 0.004166666666666667 0.009166666666666667
4 0.7741666666666667 0.4525 0.005833333333333334 0.01
4 0.8283333333333334 0.45416666666666666 0.006666666666666667 0.0125