0 0.6191666666666666 0.6216666666666667 0.06666666666666667 0.12083333333333333
0 0.8491666666666666 0.38083333333333336 0.009166666666666667 0.015833333333333335
0 0.7258333333333333 0.37166666666666665 0.0075 0.014166666666666666
0 0.6475 0.365 0.006666666666666667 0.013333333333333334
4 0.87 0.3775 0.0075 0.014166666666666666
4 0.86 0.3641666666666667 0.004166666666666667 0.009166666666666667
4 0.7741666666666667 0.37083333333333335 0.008333333333333333 0.013333333333333334
4 0.6566666666666666 0.3616666666666667 0.005833333333333334 0.011666666666666667
0 0.5791666666666667 0.3575 0.006666666666666667 0.011666666666666667
4 0.6 0.3566666666666667 0.006666666666666667 0.010833333333333334
0 0.52 0.35 0.005833333333333334 0.009166666666666667
0 0.5383333333333333 0.35333333333333333 0.0033333333333333335 0.01
0 0.5358333333333334 0.34833333333333333 0.0033333333333333335 0.008333333333333333
0 0.5566666666666666 0.3491666666666667 0.004166666666666667 0.008333333333333333
0 0.5808333333333333 0.35 0.0025 0.006666666666666667
4 0.585 0.3541666666666667 0.004166666666666667 0.010833333333333334
4 0.6033333333333334 0.3525 0.004166666666666667 0.009166666666666667
0 0.6175 0.3516666666666667 0.004166666666666667 0.0075
4 0.6441666666666667 0.355 0.005 0.009166666666666667
4 0.6808333333333333 0.3566666666666667 0.004166666666666667 0.008333333333333333
0 0.6716666666666666 0.355 0.005 0.0075
0 0.75 0.3591666666666667 0.004166666666666667 0.006666666666666667
4 0.7683333333333333 0.3616666666666667 0.0033333333333333335 0.008333333333333333
0 0.8316666666666667 0.3616666666666667 0.004166666666666667 0.0075
0 0.9033333333333333 0.365 0.005 0.008333333333333333