4 0.8941666666666667 0.4675 0.009166666666666667 0.015833333333333335
4 0.8083333333333333 0.4675 0.009166666666666667 0.016666666666666666
4 0.715 0.4708333333333333 0.009166666666666667 0.016666666666666666
4 0.6608333333333334 0.4766666666666667 0.010833333333333334 0.019166666666666665
4 0.6483333333333333 0.49083333333333334 0.0125 0.024166666666666666
4 0.6625 0.52 0.018333333333333333 0.035833333333333335
4 0.7875 0.6141666666666666 0.051666666666666666 0.07666666666666666
0 0.8408333333333333 0.4608333333333333 0.0075 0.0125
0 0.7625 0.4608333333333333 0.0075 0.0125
0 0.6816666666666666 0.4625 0.006666666666666667 0.0125
0 0.605 0.4658333333333333 0.006666666666666667 0.013333333333333334
0 0.5441666666666667 0.47333333333333333 0.0075 0.015833333333333335
0 0.49416666666666664 0.485 0.010833333333333334 0.02
0 0.4141666666666667 0.5141666666666667 0.018333333333333333 0.03166666666666667
0 0.25583333333333336 0.6 0.04666666666666667 0.06666666666666667