0 0.265 0.6775 0.09333333333333334 0.15416666666666667
0 0.9083333333333333 0.57 0.05583333333333333 0.0975
0 0.7933333333333333 0.3725 0.006666666666666667 0.011666666666666667
0 0.7391666666666666 0.36666666666666664 0.006666666666666667 0.01
4 0.7783333333333333 0.3675 0.005833333333333334 0.009166666666666667
4 0.8041666666666667 0.37166666666666665 0.0075 0.011666666666666667
4 0.8791666666666667 0.37666666666666665 0.0075 0.0125
0 0.885 0.38083333333333336 0.0075 0.014166666666666666
0 0.71 0.3625 0.005 0.009166666666666667
0 0.7183333333333334 0.3616666666666667 0.004166666666666667 0.009166666666666667
0 0.7358333333333333 0.36333333333333334 0.004166666666666667 0.0075
0 0.7583333333333333 0.36333333333333334 0.004166666666666667 0.0075
0 0.7983333333333333 0.365 0.0033333333333333335 0.0075
0 0.8633333333333333 0.36916666666666664 0.004166666666666667 0.009166666666666667
4 0.8358333333333333 0.36916666666666664 0.005 0.009166666666666667
4 0.7908333333333334 0.36666666666666664 0.0033333333333333335 0.009166666666666667
4 0.8825 0.37166666666666665 0.005 0.01