4 0.33166666666666667 0.6858333333333333 0.12083333333333333 0.21666666666666667
4 0.12333333333333334 0.21416666666666667 0.0075 0.018333333333333333
4 0.21083333333333334 0.20916666666666667 0.0075 0.015833333333333335
0 0.14083333333333334 0.20916666666666667 0.005833333333333334 0.0125
0 0.23833333333333334 0.20166666666666666 0.006666666666666667 0.013333333333333334
0 0.3458333333333333 0.195 0.006666666666666667 0.013333333333333334
4 0.3325 0.2 0.0075 0.016666666666666666
4 0.4325 0.19333333333333333 0.006666666666666667 0.015833333333333335
4 0.5091666666666667 0.18916666666666668 0.0075 0.015833333333333335
0 0.5183333333333333 0.18333333333333332 0.006666666666666667 0.0125
0 0.5241666666666667 0.17666666666666667 0.0033333333333333335 0.008333333333333333
0 0.5266666666666666 0.17666666666666667 0.0033333333333333335 0.008333333333333333
0 0.5416666666666666 0.175 0.004166666666666667 0.009166666666666667
0 0.555 0.17416666666666666 0.0033333333333333335 0.006666666666666667
0 0.5708333333333333 0.175 0.004166666666666667 0.009166666666666667
0 0.5883333333333334 0.17916666666666667 0.006666666666666667 0.0125
4 0.5783333333333334 0.17333333333333334 0.0033333333333333335 0.009166666666666667
4 0.6308333333333334 0.18416666666666667 0.0075 0.0175
4 0.6116666666666667 0.17166666666666666 0.0033333333333333335 0.008333333333333333
0 0.6075 0.17333333333333334 0.0033333333333333335 0.009166666666666667
0 0.6591666666666667 0.175 0.006666666666666667 0.013333333333333334
0 0.6508333333333334 0.17 0.0033333333333333335 0.006666666666666667
0 0.6633333333333333 0.17083333333333334 0.0033333333333333335 0.01
4 0.6691666666666667 0.17 0.005 0.010833333333333334
4 0.695 0.1675 0.004166666666666667 0.008333333333333333
4 0.7283333333333334 0.17833333333333334 0.008333333333333333 0.015833333333333335
4 0.7191666666666666 0.1675 0.005 0.01
0 0.7316666666666667 0.17166666666666666 0.0033333333333333335 0.0125
0 0.7508333333333334 0.16666666666666666 0.004166666666666667 0.01
0 0.8008333333333333 0.1675 0.005833333333333334 0.0125
0 0.8191666666666667 0.16333333333333333 0.0033333333333333335 0.009166666666666667
4 0.785 0.1625 0.0033333333333333335 0.008333333333333333