4 0.615 0.4225 0.018333333333333333 0.030833333333333334
0 0.3883333333333333 0.43 0.0175 0.0325
4 0.3075 0.38916666666666666 0.011666666666666667 0.021666666666666667
4 0.9233333333333333 0.45666666666666667 0.02666666666666667 0.03166666666666667
0 0.23916666666666667 0.4125 0.021666666666666667 0.02
0 0.30916666666666665 0.42333333333333334 0.015833333333333335 0.024166666666666666
4 0.7516666666666667 0.43833333333333335 0.019166666666666665 0.02666666666666667
0 0.4866666666666667 0.41333333333333333 0.013333333333333334 0.021666666666666667
4 0.37833333333333335 0.39916666666666667 0.0175 0.018333333333333333
0 0.525 0.4483333333333333 0.023333333333333334 0.04
4 0.43166666666666664 0.40166666666666667 0.014166666666666666 0.025833333333333333
2 0.5441666666666667 0.41833333333333333 0.014166666666666666 0.023333333333333334
2 0.6133333333333333 0.4666666666666667 0.0275 0.030833333333333334