4 0.5225 0.7675 0.12583333333333332 0.2633333333333333
4 0.23416666666666666 0.43333333333333335 0.0625 0.10666666666666667
4 0.115 0.3425 0.03916666666666667 0.065
4 0.13666666666666666 0.23916666666666667 0.011666666666666667 0.0225
4 0.2525 0.22666666666666666 0.010833333333333334 0.02
4 0.40166666666666667 0.20833333333333334 0.009166666666666667 0.015833333333333335
0 0.3975 0.20333333333333334 0.004166666666666667 0.0125
4 0.495 0.19833333333333333 0.006666666666666667 0.013333333333333334
4 0.55 0.1925 0.006666666666666667 0.0125
4 0.5833333333333334 0.18916666666666668 0.005833333333333334 0.0125
4 0.6441666666666667 0.1825 0.005833333333333334 0.011666666666666667
4 0.67 0.17916666666666667 0.005 0.01
4 0.6925 0.1775 0.004166666666666667 0.01
0 0.16 0.22666666666666666 0.009166666666666667 0.019166666666666665
0 0.295 0.21416666666666667 0.0075 0.015833333333333335
0 0.47333333333333333 0.19583333333333333 0.005833333333333334 0.011666666666666667
0 0.5233333333333333 0.19083333333333333 0.005 0.009166666666666667
0 0.57 0.18583333333333332 0.004166666666666667 0.009166666666666667
0 0.6 0.1825 0.004166666666666667 0.008333333333333333
0 0.6308333333333334 0.17916666666666667 0.004166666666666667 0.009166666666666667
0 0.6741666666666667 0.17583333333333334 0.004166666666666667 0.008333333333333333
1 0.6591666666666667 0.175 0.005833333333333334 0.014166666666666666
1 0.7091666666666666 0.17333333333333334 0.005833333333333334 0.015
0 0.6966666666666667 0.17333333333333334 0.004166666666666667 0.009166666666666667
4 0.7241666666666666 0.17416666666666666 0.005 0.009166666666666667
0 0.7258333333333333 0.17166666666666666 0.0033333333333333335 0.009166666666666667
4 0.7466666666666667 0.17166666666666666 0.005 0.01
0 0.7608333333333334 0.16916666666666666 0.004166666666666667 0.0075
4 0.77 0.17 0.005 0.01
4 0.8291666666666667 0.165 0.0075 0.009166666666666667
0 0.8383333333333334 0.16333333333333333 0.005833333333333334 0.008333333333333333
4 0.8683333333333333 0.1625 0.008333333333333333 0.01
4 0.9216666666666666 0.1575 0.0075 0.010833333333333334