4 0.4091666666666667 0.73 0.12916666666666668 0.24583333333333332
4 0.16666666666666666 0.3983333333333333 0.0525 0.08666666666666667
4 0.24583333333333332 0.31416666666666665 0.028333333333333332 0.05583333333333333
4 0.3333333333333333 0.245 0.016666666666666666 0.030833333333333334
4 0.38166666666666665 0.2175 0.011666666666666667 0.021666666666666667
4 0.4116666666666667 0.20416666666666666 0.01 0.018333333333333333
4 0.43416666666666665 0.195 0.006666666666666667 0.014166666666666666
4 0.44583333333333336 0.19166666666666668 0.006666666666666667 0.0125
4 0.45916666666666667 0.18583333333333332 0.005833333333333334 0.011666666666666667
4 0.4691666666666667 0.1825 0.004166666666666667 0.01
0 0.11583333333333333 0.255 0.019166666666666665 0.03
0 0.23166666666666666 0.22666666666666666 0.0125 0.021666666666666667
0 0.2866666666666667 0.2125 0.009166666666666667 0.0175
0 0.3275 0.20166666666666666 0.0075 0.015
0 0.35333333333333333 0.19666666666666666 0.0075 0.0125
0 0.38166666666666665 0.19083333333333333 0.006666666666666667 0.010833333333333334
0 0.4033333333333333 0.18666666666666668 0.005 0.009166666666666667
0 0.41583333333333333 0.18333333333333332 0.004166666666666667 0.008333333333333333
0 0.42833333333333334 0.18083333333333335 0.0025 0.0075
0 0.44083333333333335 0.17916666666666667 0.004166666666666667 0.0075
0 0.4608333333333333 0.1775 0.0033333333333333335 0.0075
4 0.47833333333333333 0.18 0.004166666666666667 0.009166666666666667
4 0.4866666666666667 0.1775 0.005 0.009166666666666667
4 0.49416666666666664 0.17666666666666667 0.0033333333333333335 0.006666666666666667
4 0.5183333333333333 0.17333333333333334 0.0033333333333333335 0.006666666666666667
0 0.49666666666666665 0.17333333333333334 0.0025 0.006666666666666667
0 0.5366666666666666 0.17166666666666666 0.004166666666666667 0.006666666666666667
0 0.57 0.17 0.004166666666666667 0.0075
4 0.5541666666666667 0.17083333333333334 0.0033333333333333335 0.008333333333333333
4 0.5991666666666666 0.16916666666666666 0.004166666666666667 0.009166666666666667
4 0.6475 0.1675 0.004166666666666667 0.009166666666666667
0 0.6116666666666667 0.16833333333333333 0.004166666666666667 0.008333333333333333
0 0.6583333333333333 0.16583333333333333 0.004166666666666667 0.008333333333333333
0 0.6916666666666667 0.165 0.0033333333333333335 0.008333333333333333
0 0.72 0.16416666666666666 0.004166666666666667 0.008333333333333333
4 0.71 0.16583333333333333 0.005 0.01
4 0.6766666666666666 0.16666666666666666 0.005 0.01
4 0.7433333333333333 0.16583333333333333 0.004166666666666667 0.01
0 0.7475 0.16333333333333333 0.0033333333333333335 0.008333333333333333
0 0.7766666666666666 0.1625 0.004166666666666667 0.009166666666666667
0 0.8166666666666667 0.16083333333333333 0.004166666666666667 0.009166666666666667
4 0.8266666666666667 0.1625 0.005833333333333334 0.01
4 0.9083333333333333 0.15666666666666668 0.005 0.010833333333333334
0 0.8758333333333334 0.15833333333333333 0.0033333333333333335 0.006666666666666667