4 0.4375 0.6025 0.08916666666666667 0.18916666666666668
4 0.8825 0.17166666666666666 0.010833333333333334 0.02
4 0.785 0.17333333333333334 0.009166666666666667 0.016666666666666666
4 0.7041666666666667 0.17333333333333334 0.008333333333333333 0.015
0 0.9066666666666666 0.16416666666666666 0.008333333333333333 0.015833333333333335
0 0.8008333333333333 0.1675 0.006666666666666667 0.015
0 0.7283333333333334 0.16916666666666666 0.005833333333333334 0.011666666666666667
0 0.6483333333333333 0.16916666666666666 0.005833333333333334 0.011666666666666667
0 0.59 0.17 0.005 0.010833333333333334
0 0.5316666666666666 0.17083333333333334 0.005 0.01
4 0.5416666666666666 0.175 0.005833333333333334 0.0125
4 0.5833333333333334 0.175 0.005833333333333334 0.0125
4 0.49416666666666664 0.17416666666666666 0.005833333333333334 0.010833333333333334
0 0.48083333333333333 0.17083333333333334 0.005 0.01
0 0.43833333333333335 0.1675 0.0025 0.006666666666666667
0 0.43583333333333335 0.17166666666666666 0.0033333333333333335 0.0075
0 0.44416666666666665 0.16833333333333333 0.0025 0.005833333333333334
0 0.44166666666666665 0.16916666666666666 0.0025 0.006666666666666667
0 0.44416666666666665 0.17166666666666666 0.0033333333333333335 0.008333333333333333
4 0.44083333333333335 0.175 0.005 0.011666666666666667
0 0.4083333333333333 0.16833333333333333 0.0025 0.0075
4 0.39416666666666667 0.17083333333333334 0.0033333333333333335 0.008333333333333333
4 0.38666666666666666 0.1725 0.005 0.009166666666666667
4 0.39166666666666666 0.17583333333333334 0.005 0.01
4 0.37416666666666665 0.17583333333333334 0.0033333333333333335 0.006666666666666667
4 0.37083333333333335 0.17666666666666667 0.004166666666666667 0.009166666666666667
4 0.37083333333333335 0.17083333333333334 0.0025 0.006666666666666667
4 0.34 0.17333333333333334 0.0033333333333333335 0.008333333333333333
0 0.33416666666666667 0.1725 0.0033333333333333335 0.006666666666666667
0 0.29083333333333333 0.175 0.0033333333333333335 0.005833333333333334
4 0.30333333333333334 0.175 0.0033333333333333335 0.009166666666666667
4 0.26666666666666666 0.17666666666666667 0.004166666666666667 0.009166666666666667
4 0.2475 0.17916666666666667 0.004166666666666667 0.009166666666666667
0 0.25083333333333335 0.1775 0.0033333333333333335 0.006666666666666667
0 0.21833333333333332 0.18 0.0033333333333333335 0.006666666666666667
4 0.22333333333333333 0.18166666666666667 0.005 0.009166666666666667
4 0.1975 0.18416666666666667 0.004166666666666667 0.009166666666666667
0 0.19333333333333333 0.1825 0.0033333333333333335 0.008333333333333333
0 0.14333333333333334 0.18583333333333332 0.005 0.0075
4 0.15166666666666667 0.1875 0.005833333333333334 0.009166666666666667
4 0.09916666666666667 0.18833333333333332 0.005833333333333334 0.009166666666666667
0 0.37416666666666665 0.17 0.0033333333333333335 0.008333333333333333