4 0.5541666666666667 0.6625 0.1225 0.22416666666666665
4 0.26 0.255 0.021666666666666667 0.0375
4 0.4191666666666667 0.23 0.016666666666666666 0.03
4 0.41083333333333333 0.20833333333333334 0.011666666666666667 0.02
4 0.45416666666666666 0.215 0.015833333333333335 0.025833333333333333
4 0.3725 0.2025 0.01 0.02
4 0.35 0.19833333333333333 0.008333333333333333 0.0175
4 0.38083333333333336 0.1925 0.008333333333333333 0.015
0 0.37666666666666665 0.1875 0.005833333333333334 0.0125
4 0.455 0.18583333333333332 0.0075 0.014166666666666666
4 0.5341666666666667 0.18083333333333335 0.006666666666666667 0.015
4 0.62 0.17666666666666667 0.006666666666666667 0.015
4 0.6983333333333334 0.1775 0.0075 0.015833333333333335
4 0.7508333333333334 0.17833333333333334 0.009166666666666667 0.0175
4 0.8658333333333333 0.17666666666666667 0.01 0.02
0 0.8591666666666666 0.16833333333333333 0.0075 0.015833333333333335
0 0.7883333333333333 0.16916666666666666 0.008333333333333333 0.015833333333333335
0 0.7241666666666666 0.17 0.006666666666666667 0.014166666666666666
0 0.6425 0.17166666666666666 0.006666666666666667 0.0125
0 0.5466666666666666 0.17666666666666667 0.005833333333333334 0.0125
0 0.4625 0.18083333333333335 0.005833333333333334 0.0125
0 0.29583333333333334 0.195 0.01 0.014166666666666666
0 0.24666666666666667 0.20166666666666666 0.008333333333333333 0.015833333333333335
0 0.2625 0.22333333333333333 0.0125 0.023333333333333334
0 0.22 0.20916666666666667 0.011666666666666667 0.02
0 0.22916666666666666 0.21583333333333332 0.011666666666666667 0.02
0 0.22416666666666665 0.2325 0.015833333333333335 0.02666666666666667
0 0.07083333333333333 0.25083333333333335 0.013333333333333334 0.03166666666666667