0 0.9166666666666666 0.45666666666666667 0.0075 0.011666666666666667
4 0.8533333333333334 0.4608333333333333 0.0075 0.015833333333333335
0 0.8158333333333333 0.45666666666666667 0.006666666666666667 0.011666666666666667
4 0.7783333333333333 0.4608333333333333 0.0075 0.015833333333333335
0 0.7466666666666667 0.45666666666666667 0.005833333333333334 0.011666666666666667
0 0.675 0.4575 0.005833333333333334 0.011666666666666667
0 0.6066666666666667 0.4608333333333333 0.005833333333333334 0.011666666666666667
0 0.5541666666666667 0.4658333333333333 0.006666666666666667 0.013333333333333334
0 0.5133333333333333 0.4741666666666667 0.0075 0.015833333333333335
0 0.4575 0.49 0.0125 0.0225
0 0.3883333333333333 0.5225 0.020833333333333332 0.035
0 0.25333333333333335 0.6158333333333333 0.050833333333333335 0.07583333333333334
4 0.6975 0.46416666666666667 0.0075 0.013333333333333334
4 0.6491666666666667 0.4683333333333333 0.006666666666666667 0.015
4 0.6325 0.47583333333333333 0.009166666666666667 0.016666666666666666
4 0.6308333333333334 0.4925 0.011666666666666667 0.023333333333333334
4 0.6691666666666667 0.525 0.020833333333333332 0.03833333333333333
4 0.7716666666666666 0.62 0.04666666666666667 0.08