4 0.5833333333333334 0.7716666666666666 0.15583333333333332 0.26666666666666666
4 0.15083333333333335 0.45166666666666666 0.06666666666666667 0.11833333333333333
4 0.22416666666666665 0.32 0.03333333333333333 0.065
4 0.4841666666666667 0.25333333333333335 0.018333333333333333 0.04083333333333333
4 0.6758333333333333 0.21583333333333332 0.016666666666666666 0.0325
4 0.8858333333333334 0.19083333333333333 0.016666666666666666 0.0325
0 0.2325 0.255 0.016666666666666666 0.0375
0 0.43833333333333335 0.22083333333333333 0.0125 0.0275
0 0.605 0.20083333333333334 0.011666666666666667 0.025
0 0.7425 0.18666666666666668 0.011666666666666667 0.025833333333333333
0 0.8591666666666666 0.17416666666666666 0.015833333333333335 0.025
0 0.7433333333333333 0.16083333333333333 0.0075 0.014166666666666666
0 0.6633333333333333 0.16583333333333333 0.005 0.0125
0 0.5691666666666667 0.1725 0.005833333333333334 0.014166666666666666
0 0.8275 0.15416666666666667 0.006666666666666667 0.013333333333333334
0 0.7108333333333333 0.15666666666666668 0.0025 0.006666666666666667
0 0.7533333333333333 0.15416666666666667 0.0016666666666666668 0.005833333333333334
0 0.5208333333333334 0.17583333333333334 0.004166666666666667 0.010833333333333334
0 0.4866666666666667 0.17666666666666667 0.004166666666666667 0.010833333333333334
4 0.8191666666666667 0.1525 0.005 0.0125
4 0.7691666666666667 0.1525 0.0025 0.009166666666666667
4 0.7183333333333334 0.1575 0.0025 0.0075
4 0.6675 0.16416666666666666 0.0033333333333333335 0.0125
4 0.6083333333333333 0.165 0.0025 0.009166666666666667
4 0.5958333333333333 0.16583333333333333 0.0025 0.009166666666666667