0 0.28833333333333333 0.5766666666666667 0.021666666666666667 0.03333333333333333
0 0.305 0.5341666666666667 0.0125 0.021666666666666667
0 0.2725 0.5133333333333333 0.008333333333333333 0.014166666666666666
4 0.5641666666666667 0.5116666666666667 0.0125 0.019166666666666665
4 0.7316666666666667 0.5525 0.020833333333333332 0.03333333333333333
0 0.2175 0.5075 0.006666666666666667 0.0125
0 0.16 0.5066666666666667 0.006666666666666667 0.011666666666666667
0 0.12583333333333332 0.5091666666666667 0.006666666666666667 0.010833333333333334
4 0.43833333333333335 0.49583333333333335 0.0075 0.013333333333333334
4 0.3883333333333333 0.4925 0.006666666666666667 0.010833333333333334
4 0.335 0.49 0.005833333333333334 0.009166666666666667
4 0.27166666666666667 0.49166666666666664 0.005 0.009166666666666667
4 0.19166666666666668 0.495 0.005 0.0075