0 0.46416666666666667 0.7133333333333334 0.051666666666666666 0.08
0 0.49583333333333335 0.6225 0.029166666666666667 0.0475
4 0.45916666666666667 0.5933333333333334 0.028333333333333332 0.03666666666666667
4 0.4275 0.5325 0.0125 0.021666666666666667
4 0.6116666666666667 0.5816666666666667 0.023333333333333334 0.03333333333333333
0 0.6591666666666667 0.5691666666666667 0.018333333333333333 0.030833333333333334
0 0.7433333333333333 0.605 0.025833333333333333 0.041666666666666664
4 0.8683333333333333 0.6425 0.04083333333333333 0.056666666666666664
1 0.7241666666666666 0.5725 0.025833333333333333 0.05333333333333334
1 0.7191666666666666 0.5591666666666667 0.023333333333333334 0.0475
1 0.4683333333333333 0.5741666666666667 0.02666666666666667 0.06
1 0.5025 0.5925 0.03833333333333333 0.07083333333333333
1 0.46166666666666667 0.665 0.06166666666666667 0.115
1 0.3 0.8091666666666667 0.0875 0.165