1 0.25833333333333336 0.5916666666666667 0.03333333333333333 0.075
1 0.35583333333333333 0.59 0.035 0.0725
0 0.26416666666666666 0.6283333333333333 0.030833333333333334 0.05333333333333334
4 0.36333333333333334 0.6158333333333333 0.03333333333333333 0.050833333333333335
0 0.4658333333333333 0.59 0.024166666666666666 0.03833333333333333
4 0.5491666666666667 0.5733333333333334 0.023333333333333334 0.03333333333333333
1 0.5683333333333334 0.5583333333333333 0.021666666666666667 0.0525
1 0.7458333333333333 0.56 0.024166666666666666 0.049166666666666664
0 0.78 0.5725 0.019166666666666665 0.030833333333333334
1 0.8091666666666667 0.6141666666666666 0.04583333333333333 0.08583333333333333
4 0.8608333333333333 0.6441666666666667 0.04 0.06
4 0.6375 0.6541666666666667 0.030833333333333334 0.06583333333333333
1 0.6133333333333333 0.6575 0.059166666666666666 0.11666666666666667
1 0.5133333333333333 0.7258333333333333 0.07833333333333334 0.15666666666666668
0 0.6816666666666666 0.7366666666666667 0.06416666666666666 0.095