0 0.25 0.6141666666666666 0.023333333333333334 0.035
0 0.27416666666666667 0.5541666666666667 0.011666666666666667 0.02
4 0.4175 0.5541666666666667 0.0125 0.021666666666666667
4 0.4691666666666667 0.5725 0.018333333333333333 0.025833333333333333
4 0.635 0.5758333333333333 0.019166666666666665 0.029166666666666667
4 0.735 0.5625 0.016666666666666666 0.023333333333333334
4 0.7558333333333334 0.5475 0.014166666666666666 0.02
4 0.7091666666666666 0.5358333333333334 0.0125 0.016666666666666666
4 0.4666666666666667 0.53 0.01 0.016666666666666666
0 0.6983333333333334 0.6408333333333334 0.029166666666666667 0.0475
0 0.8791666666666667 0.5408333333333334 0.01 0.016666666666666666
0 0.8 0.5283333333333333 0.01 0.014166666666666666
0 0.36333333333333334 0.5325 0.0075 0.014166666666666666
0 0.38916666666666666 0.5141666666666667 0.004166666666666667 0.009166666666666667
0 0.4058333333333333 0.52 0.006666666666666667 0.010833333333333334
4 0.4608333333333333 0.5108333333333334 0.005 0.009166666666666667
4 0.4875 0.5175 0.006666666666666667 0.011666666666666667
4 0.6191666666666666 0.5208333333333334 0.0075 0.0125
0 0.7 0.5158333333333334 0.0075 0.0125
0 0.6575 0.5083333333333333 0.005833333333333334 0.01
4 0.5925 0.5108333333333334 0.005833333333333334 0.01
0 0.6458333333333334 0.505 0.005 0.009166666666666667
4 0.5841666666666666 0.5066666666666667 0.005 0.008333333333333333
4 0.5875 0.5041666666666667 0.0033333333333333335 0.0075