4 0.6225 0.6108333333333333 0.030833333333333334 0.0475
4 0.5408333333333334 0.54 0.018333333333333333 0.024166666666666666
4 0.5091666666666667 0.5141666666666667 0.011666666666666667 0.016666666666666666
0 0.235 0.615 0.03333333333333333 0.04666666666666667
0 0.3325 0.5375 0.013333333333333334 0.023333333333333334
0 0.365 0.5125 0.01 0.016666666666666666
0 0.37916666666666665 0.49666666666666665 0.006666666666666667 0.0125
4 0.4775 0.49416666666666664 0.006666666666666667 0.011666666666666667
4 0.4075 0.48833333333333334 0.005833333333333334 0.01
0 0.3375 0.49166666666666664 0.006666666666666667 0.011666666666666667
0 0.26166666666666666 0.49083333333333334 0.006666666666666667 0.01
4 0.2791666666666667 0.48583333333333334 0.005 0.009166666666666667
0 0.175 0.49416666666666664 0.005833333333333334 0.010833333333333334
4 0.13916666666666666 0.49 0.005833333333333334 0.009166666666666667