4 0.3933333333333333 0.5708333333333333 0.021666666666666667 0.035
4 0.235 0.5408333333333334 0.016666666666666666 0.025833333333333333
4 0.2658333333333333 0.52 0.0125 0.018333333333333333
4 0.7066666666666667 0.5491666666666667 0.019166666666666665 0.030833333333333334
4 0.7983333333333333 0.5233333333333333 0.014166666666666666 0.023333333333333334
4 0.8216666666666667 0.5058333333333334 0.01 0.018333333333333333
0 0.5983333333333334 0.5083333333333333 0.01 0.016666666666666666
0 0.5358333333333334 0.5183333333333333 0.0125 0.0175
0 0.485 0.5158333333333334 0.0125 0.018333333333333333
4 0.32416666666666666 0.49916666666666665 0.0075 0.013333333333333334
0 0.47333333333333333 0.49583333333333335 0.006666666666666667 0.011666666666666667
0 0.4241666666666667 0.4866666666666667 0.005833333333333334 0.01
0 0.6125 0.49666666666666665 0.0075 0.014166666666666666
4 0.8066666666666666 0.49666666666666665 0.01 0.015833333333333335
4 0.7808333333333334 0.49083333333333334 0.0075 0.013333333333333334