0 0.17916666666666667 0.6558333333333334 0.04 0.0625
0 0.29333333333333333 0.5566666666666666 0.018333333333333333 0.0275
0 0.2925 0.5191666666666667 0.0125 0.0175
1 0.2525 0.5225 0.018333333333333333 0.0325
4 0.7791666666666667 0.5666666666666667 0.028333333333333332 0.043333333333333335
4 0.61 0.5083333333333333 0.0125 0.020833333333333332
4 0.53 0.49 0.009166666666666667 0.015833333333333335
4 0.2775 0.49833333333333335 0.0075 0.011666666666666667
4 0.4041666666666667 0.4925 0.0075 0.013333333333333334
4 0.175 0.5016666666666667 0.006666666666666667 0.01
1 0.18083333333333335 0.49166666666666664 0.005833333333333334 0.014166666666666666