0 0.245 0.6275 0.03166666666666667 0.049166666666666664
0 0.30916666666666665 0.5541666666666667 0.015833333333333335 0.025833333333333333
0 0.2733333333333333 0.5325 0.0125 0.019166666666666665
0 0.17416666666666666 0.5275 0.0125 0.0175
4 0.2375 0.5133333333333333 0.01 0.014166666666666666
4 0.3975 0.5191666666666667 0.0125 0.016666666666666666
4 0.5 0.5383333333333333 0.014166666666666666 0.0225
4 0.6216666666666667 0.6075 0.030833333333333334 0.043333333333333335
2 0.8683333333333333 0.5266666666666666 0.011666666666666667 0.016666666666666666
2 0.8341666666666666 0.5216666666666666 0.01 0.015
4 0.8483333333333334 0.5108333333333334 0.0075 0.0125
0 0.7966666666666666 0.5141666666666667 0.008333333333333333 0.014166666666666666
4 0.745 0.5025 0.005 0.010833333333333334
0 0.6908333333333333 0.5058333333333334 0.0075 0.011666666666666667
4 0.6691666666666667 0.4975 0.005833333333333334 0.01
0 0.6183333333333333 0.5 0.006666666666666667 0.01
4 0.6108333333333333 0.49333333333333335 0.005833333333333334 0.008333333333333333
0 0.56 0.49583333333333335 0.006666666666666667 0.01