0 0.27416666666666667 0.64 0.0325 0.05333333333333334
0 0.3958333333333333 0.5466666666666666 0.013333333333333334 0.024166666666666666
0 0.2975 0.5316666666666666 0.0125 0.0175
4 0.7241666666666666 0.5708333333333333 0.023333333333333334 0.0375
4 0.6291666666666667 0.5266666666666666 0.015 0.0225
4 0.55 0.5191666666666667 0.010833333333333334 0.019166666666666665
0 0.195 0.5283333333333333 0.009166666666666667 0.015
0 0.11333333333333333 0.5283333333333333 0.008333333333333333 0.014166666666666666
4 0.10916666666666666 0.5166666666666667 0.005833333333333334 0.010833333333333334
4 0.19666666666666666 0.5125 0.006666666666666667 0.010833333333333334
4 0.29583333333333334 0.5108333333333334 0.006666666666666667 0.013333333333333334
4 0.3983333333333333 0.5125 0.0075 0.014166666666666666