0 0.21833333333333332 0.675 0.04583333333333333 0.0675
0 0.3883333333333333 0.545 0.018333333333333333 0.028333333333333332
0 0.44583333333333336 0.505 0.011666666666666667 0.016666666666666666
4 0.6225 0.5 0.01 0.015833333333333335
4 0.6808333333333333 0.5166666666666667 0.0125 0.02
4 0.79 0.5416666666666666 0.018333333333333333 0.03
4 0.5875 0.485 0.0075 0.0125
4 0.5625 0.4775 0.006666666666666667 0.01
4 0.525 0.475 0.005833333333333334 0.009166666666666667
0 0.4683333333333333 0.4891666666666667 0.009166666666666667 0.014166666666666666
0 0.4675 0.48 0.006666666666666667 0.010833333333333334
0 0.10833333333333334 0.5141666666666667 0.01 0.018333333333333333
0 0.1025 0.495 0.0075 0.0125