0 0.3075 0.62 0.030833333333333334 0.049166666666666664
1 0.3075 0.5841666666666666 0.03333333333333333 0.0675
1 0.40166666666666667 0.5841666666666666 0.035 0.06916666666666667
4 0.4041666666666667 0.6108333333333333 0.03166666666666667 0.0475
0 0.51 0.5875 0.023333333333333334 0.04
1 0.5208333333333334 0.7216666666666667 0.07416666666666667 0.15166666666666667
1 0.6175 0.5583333333333333 0.024166666666666666 0.0525
4 0.5975 0.5741666666666667 0.025833333333333333 0.035
1 0.6375 0.6591666666666667 0.06 0.11666666666666667
4 0.6666666666666666 0.6583333333333333 0.03333333333333333 0.06416666666666666
0 0.6958333333333333 0.7425 0.06833333333333333 0.09666666666666666
1 0.8 0.5633333333333334 0.02666666666666667 0.05333333333333334
1 0.8541666666666666 0.62 0.05 0.08916666666666667
0 0.8358333333333333 0.5758333333333333 0.020833333333333332 0.03333333333333333
4 0.8983333333333333 0.6541666666666667 0.0225 0.06333333333333334