1 0.62 0.6525 0.05416666666666667 0.11166666666666666
1 0.21 0.6616666666666666 0.05416666666666667 0.11166666666666666
1 0.18 0.5675 0.029166666666666667 0.056666666666666664
2 0.2991666666666667 0.6725 0.04583333333333333 0.06916666666666667
2 0.5258333333333334 0.6008333333333333 0.028333333333333332 0.04583333333333333
0 0.41833333333333333 0.5141666666666667 0.01 0.016666666666666666
0 0.5041666666666667 0.5183333333333333 0.01 0.015
0 0.6291666666666667 0.5191666666666667 0.009166666666666667 0.016666666666666666
0 0.75 0.5158333333333334 0.01 0.016666666666666666
0 0.8441666666666666 0.5091666666666667 0.009166666666666667 0.015
0 0.36583333333333334 0.5083333333333333 0.009166666666666667 0.014166666666666666
0 0.3466666666666667 0.5016666666666667 0.0075 0.0125
4 0.4533333333333333 0.49833333333333335 0.0075 0.010833333333333334
4 0.505 0.505 0.008333333333333333 0.013333333333333334
4 0.5975 0.5066666666666667 0.008333333333333333 0.013333333333333334
4 0.6833333333333333 0.505 0.008333333333333333 0.014166666666666666
4 0.765 0.5 0.006666666666666667 0.011666666666666667
4 0.8333333333333334 0.4975 0.006666666666666667 0.010833333333333334
4 0.8941666666666667 0.49666666666666665 0.006666666666666667 0.010833333333333334