1 0.13 0.6441666666666667 0.059166666666666666 0.10416666666666667
1 0.22333333333333333 0.56 0.02666666666666667 0.0525
1 0.2816666666666667 0.5658333333333333 0.023333333333333334 0.055
1 0.285 0.6316666666666667 0.04583333333333333 0.09666666666666666
1 0.5125 0.5608333333333333 0.025833333333333333 0.05333333333333334
1 0.56 0.645 0.051666666666666666 0.1025
1 0.6966666666666667 0.5816666666666667 0.03166666666666667 0.06166666666666667
1 0.8091666666666667 0.6508333333333334 0.051666666666666666 0.1025
0 0.8291666666666667 0.72 0.051666666666666666 0.0825
0 0.7316666666666667 0.6 0.023333333333333334 0.04
0 0.19083333333333333 0.5825 0.023333333333333334 0.03666666666666667
0 0.21083333333333334 0.69 0.04833333333333333 0.07333333333333333
0 0.37416666666666665 0.5775 0.023333333333333334 0.035
4 0.2608333333333333 0.5841666666666666 0.024166666666666666 0.03666666666666667
4 0.3408333333333333 0.6408333333333334 0.043333333333333335 0.06
4 0.48083333333333333 0.5741666666666667 0.025833333333333333 0.035
4 0.5608333333333333 0.6933333333333334 0.05416666666666667 0.07666666666666666