4 0.5775 0.7733333333333333 0.058333333333333334 0.08833333333333333
4 0.6541666666666667 0.5933333333333334 0.025833333333333333 0.03333333333333333
4 0.655 0.5441666666666667 0.0125 0.02
4 0.8141666666666667 0.53 0.0125 0.015833333333333335
0 0.1375 0.7141666666666666 0.04833333333333333 0.06583333333333333
0 0.435 0.5883333333333334 0.018333333333333333 0.029166666666666667
0 0.5183333333333333 0.55 0.011666666666666667 0.02
0 0.49416666666666664 0.5333333333333333 0.008333333333333333 0.0125
4 0.5991666666666666 0.5275 0.0075 0.014166666666666666
4 0.7791666666666667 0.5191666666666667 0.0075 0.013333333333333334
4 0.7691666666666667 0.515 0.005833333333333334 0.011666666666666667
0 0.6941666666666667 0.495 0.005833333333333334 0.009166666666666667
0 0.7025 0.495 0.005833333333333334 0.009166666666666667
0 0.8533333333333334 0.5133333333333333 0.006666666666666667 0.011666666666666667
0 0.87 0.5175 0.0075 0.0125
0 0.9066666666666666 0.525 0.005833333333333334 0.015