4 0.23583333333333334 0.5566666666666666 0.018333333333333333 0.024166666666666666
4 0.3458333333333333 0.53 0.011666666666666667 0.016666666666666666
4 0.43333333333333335 0.5166666666666667 0.006666666666666667 0.013333333333333334
4 0.8 0.5633333333333334 0.018333333333333333 0.025833333333333333
4 0.7275 0.5358333333333334 0.011666666666666667 0.016666666666666666
0 0.6816666666666666 0.6425 0.035833333333333335 0.049166666666666664
0 0.2991666666666667 0.6566666666666666 0.0375 0.055
0 0.42083333333333334 0.5675 0.019166666666666665 0.0275
0 0.4725 0.5375 0.011666666666666667 0.02
0 0.5158333333333334 0.5233333333333333 0.009166666666666667 0.015
0 0.63 0.565 0.015 0.025833333333333333
0 0.6233333333333333 0.535 0.01 0.018333333333333333
4 0.6933333333333334 0.525 0.009166666666666667 0.014166666666666666
4 0.6325 0.5166666666666667 0.0075 0.0125
0 0.6058333333333333 0.5266666666666666 0.01 0.014166666666666666
0 0.5658333333333333 0.5208333333333334 0.008333333333333333 0.013333333333333334
4 0.5266666666666666 0.5133333333333333 0.006666666666666667 0.0125