4 0.5516666666666666 0.67 0.028333333333333332 0.0475
4 0.38666666666666666 0.64 0.024166666666666666 0.03833333333333333
4 0.3825 0.6058333333333333 0.018333333333333333 0.0275
4 0.44 0.5841666666666666 0.015 0.023333333333333334
4 0.5483333333333333 0.5716666666666667 0.011666666666666667 0.018333333333333333
4 0.6633333333333333 0.57 0.011666666666666667 0.02
4 0.8866666666666667 0.5841666666666666 0.018333333333333333 0.0275
0 0.9041666666666667 0.5625 0.010833333333333334 0.018333333333333333
0 0.71 0.5541666666666667 0.01 0.016666666666666666
0 0.35 0.5708333333333333 0.01 0.018333333333333333
0 0.20083333333333334 0.5958333333333333 0.0125 0.023333333333333334
0 0.5208333333333334 0.555 0.009166666666666667 0.014166666666666666