4 0.3566666666666667 0.5375 0.015 0.023333333333333334
4 0.37083333333333335 0.6208333333333333 0.035833333333333335 0.0525
0 0.4041666666666667 0.6675 0.04583333333333333 0.0675
4 0.56 0.6008333333333333 0.030833333333333334 0.04583333333333333
0 0.6183333333333333 0.58 0.023333333333333334 0.03666666666666667
0 0.7233333333333334 0.6316666666666667 0.03833333333333333 0.055
4 0.8891666666666667 0.6883333333333334 0.04 0.07666666666666666
1 0.6975 0.5841666666666666 0.04 0.06916666666666667
1 0.685 0.5675 0.024166666666666666 0.058333333333333334
1 0.3283333333333333 0.7458333333333333 0.08166666666666667 0.135
1 0.42333333333333334 0.6241666666666666 0.04 0.09166666666666666
1 0.38666666666666666 0.5941666666666666 0.03333333333333333 0.075
0 0.32416666666666666 0.8441666666666666 0.08 0.09583333333333334