0 0.2816666666666667 0.6133333333333333 0.028333333333333332 0.04583333333333333
0 0.37416666666666665 0.5458333333333333 0.016666666666666666 0.0275
0 0.5433333333333333 0.5141666666666667 0.01 0.018333333333333333
4 0.6625 0.5533333333333333 0.020833333333333332 0.0325
4 0.8016666666666666 0.5725 0.02666666666666667 0.04
4 0.7591666666666667 0.5391666666666667 0.019166666666666665 0.029166666666666667
4 0.85 0.5166666666666667 0.013333333333333334 0.0225
4 0.7308333333333333 0.5591666666666667 0.03 0.025833333333333333
0 0.63 0.5025 0.01 0.016666666666666666
4 0.8233333333333334 0.48833333333333334 0.0075 0.014166666666666666
0 0.6791666666666667 0.49 0.006666666666666667 0.013333333333333334