0 0.26666666666666666 0.6066666666666667 0.028333333333333332 0.04416666666666667
0 0.22333333333333333 0.5516666666666666 0.015 0.025833333333333333
0 0.195 0.525 0.01 0.018333333333333333
4 0.31833333333333336 0.5175 0.01 0.016666666666666666
4 0.40166666666666667 0.5375 0.014166666666666666 0.023333333333333334
4 0.54 0.5758333333333333 0.025833333333333333 0.035
4 0.8858333333333334 0.7216666666666667 0.0475 0.0875
0 0.315 0.8483333333333334 0.07166666666666667 0.0875
0 0.13833333333333334 0.515 0.01 0.014166666666666666
4 0.13166666666666665 0.5041666666666667 0.0075 0.0125
4 0.23083333333333333 0.5083333333333333 0.008333333333333333 0.013333333333333334