0 0.12666666666666668 0.5708333333333333 0.020833333333333332 0.03333333333333333
0 0.2975 0.5691666666666667 0.020833333333333332 0.03333333333333333
0 0.6375 0.6041666666666666 0.02666666666666667 0.04416666666666667
0 0.59 0.7633333333333333 0.07166666666666667 0.1
4 0.1875 0.5733333333333334 0.025833333333333333 0.03666666666666667
4 0.1975 0.6283333333333333 0.035833333333333335 0.055
4 0.40166666666666667 0.5691666666666667 0.023333333333333334 0.03333333333333333
4 0.335 0.6933333333333334 0.05416666666666667 0.08166666666666667
1 0.14 0.6158333333333333 0.0475 0.0875
1 0.16916666666666666 0.55 0.023333333333333334 0.049166666666666664
1 0.215 0.5566666666666666 0.028333333333333332 0.0525
1 0.37083333333333335 0.645 0.056666666666666664 0.1075
1 0.44083333333333335 0.5558333333333333 0.02666666666666667 0.05333333333333334
1 0.6075 0.5825 0.035833333333333335 0.0675
1 0.6375 0.6741666666666667 0.059166666666666666 0.12416666666666666