1 0.5766666666666667 0.5633333333333334 0.028333333333333332 0.058333333333333334
1 0.35833333333333334 0.5625 0.029166666666666667 0.05333333333333334
1 0.37916666666666665 0.5183333333333333 0.015 0.030833333333333334
1 0.24333333333333335 0.5375 0.018333333333333333 0.03833333333333333
1 0.2708333333333333 0.5025 0.01 0.02
1 0.1525 0.5158333333333334 0.016666666666666666 0.024166666666666666
1 0.21333333333333335 0.49583333333333335 0.009166666666666667 0.016666666666666666
1 0.11 0.49 0.005 0.010833333333333334
1 0.15416666666666667 0.4925 0.006666666666666667 0.013333333333333334
2 0.1275 0.4925 0.004166666666666667 0.006666666666666667
2 0.1825 0.49666666666666665 0.005 0.008333333333333333