0 0.25916666666666666 0.5875 0.023333333333333334 0.03666666666666667
0 0.24333333333333335 0.5425 0.015 0.0225
0 0.23416666666666666 0.5258333333333334 0.01 0.016666666666666666
4 0.5416666666666666 0.5141666666666667 0.010833333333333334 0.018333333333333333
4 0.745 0.5475 0.02 0.03166666666666667
1 0.84 0.5166666666666667 0.016666666666666666 0.03666666666666667
4 0.41583333333333333 0.5016666666666667 0.008333333333333333 0.014166666666666666
0 0.20833333333333334 0.5158333333333334 0.008333333333333333 0.014166666666666666
1 0.14 0.51 0.01 0.018333333333333333
0 0.16083333333333333 0.5091666666666667 0.006666666666666667 0.011666666666666667
4 0.34833333333333333 0.49333333333333335 0.006666666666666667 0.011666666666666667