1 0.36 0.5708333333333333 0.025833333333333333 0.058333333333333334
1 0.6441666666666667 0.5675 0.023333333333333334 0.056666666666666664
4 0.5683333333333334 0.5341666666666667 0.014166666666666666 0.02
4 0.5483333333333333 0.5141666666666667 0.01 0.014166666666666666
0 0.3958333333333333 0.5366666666666666 0.011666666666666667 0.018333333333333333
0 0.42916666666666664 0.515 0.009166666666666667 0.015
0 0.1725 0.83 0.08 0.115
4 0.13916666666666666 0.5 0.005 0.01
0 0.15333333333333332 0.5058333333333334 0.006666666666666667 0.010833333333333334
4 0.2025 0.49583333333333335 0.004166666666666667 0.008333333333333333
0 0.20416666666666666 0.5 0.005 0.008333333333333333
0 0.24833333333333332 0.49583333333333335 0.005 0.008333333333333333
4 0.26916666666666667 0.4925 0.005 0.008333333333333333
0 0.29583333333333334 0.49416666666666664 0.005 0.008333333333333333
0 0.3408333333333333 0.49333333333333335 0.004166666666666667 0.0075
4 0.34833333333333333 0.49 0.005 0.006666666666666667
0 0.38666666666666666 0.4925 0.004166666666666667 0.008333333333333333
0 0.41333333333333333 0.495 0.005 0.0075
0 0.425 0.49916666666666665 0.005833333333333334 0.008333333333333333
4 0.4266666666666667 0.49083333333333334 0.004166666666666667 0.0075
0 0.42916666666666664 0.505 0.006666666666666667 0.011666666666666667
4 0.5233333333333333 0.5033333333333333 0.006666666666666667 0.011666666666666667
4 0.5008333333333334 0.4975 0.005833333333333334 0.01
4 0.4708333333333333 0.4925 0.005 0.009166666666666667
2 0.8491666666666666 0.4975 0.005833333333333334 0.008333333333333333
4 0.8041666666666667 0.495 0.004166666666666667 0.0075
4 0.7525 0.5 0.005 0.009166666666666667
2 0.7633333333333333 0.49916666666666665 0.005 0.01
2 0.7683333333333333 0.49833333333333335 0.005 0.009166666666666667
2 0.7733333333333333 0.4975 0.005833333333333334 0.01
4 0.7433333333333333 0.49166666666666664 0.004166666666666667 0.0075
0 0.7075 0.4925 0.005 0.008333333333333333
2 0.68 0.49333333333333335 0.005 0.0075
4 0.6916666666666667 0.49 0.004166666666666667 0.0075
0 0.6558333333333334 0.49166666666666664 0.005 0.0075