0 0.4791666666666667 0.6383333333333333 0.028333333333333332 0.04
0 0.32666666666666666 0.5958333333333333 0.015 0.025833333333333333
0 0.3333333333333333 0.5633333333333334 0.01 0.016666666666666666
0 0.8241666666666667 0.6325 0.025833333333333333 0.041666666666666664
4 0.4708333333333333 0.5633333333333334 0.0125 0.016666666666666666
4 0.52 0.5516666666666666 0.01 0.014166666666666666
4 0.49916666666666665 0.5783333333333334 0.016666666666666666 0.021666666666666667
4 0.6025 0.585 0.015 0.025833333333333333
4 0.72 0.58 0.015 0.024166666666666666
4 0.7758333333333334 0.565 0.0125 0.021666666666666667
4 0.8233333333333334 0.5416666666666666 0.01 0.014166666666666666
4 0.8858333333333334 0.5291666666666667 0.006666666666666667 0.013333333333333334
4 0.7908333333333334 0.5233333333333333 0.004166666666666667 0.009166666666666667
4 0.7516666666666667 0.53 0.005833333333333334 0.011666666666666667
4 0.6491666666666667 0.5416666666666666 0.0075 0.014166666666666666
0 0.6816666666666666 0.5291666666666667 0.006666666666666667 0.010833333333333334
0 0.7208333333333333 0.5233333333333333 0.005 0.009166666666666667
0 0.595 0.5366666666666666 0.005 0.011666666666666667
0 0.47 0.5458333333333333 0.0075 0.013333333333333334