0 0.86 0.63 0.028333333333333332 0.04
0 0.67 0.6683333333333333 0.0375 0.050833333333333335
0 0.3458333333333333 0.64 0.025833333333333333 0.035
0 0.2991666666666667 0.5966666666666667 0.014166666666666666 0.023333333333333334
0 0.36 0.565 0.009166666666666667 0.016666666666666666
4 0.4766666666666667 0.5675 0.01 0.018333333333333333
4 0.4708333333333333 0.5833333333333334 0.015 0.02
4 0.55 0.5941666666666666 0.018333333333333333 0.025833333333333333
4 0.6758333333333333 0.5933333333333334 0.018333333333333333 0.0275
4 0.7708333333333334 0.5758333333333333 0.015 0.025833333333333333
4 0.875 0.5458333333333333 0.011666666666666667 0.018333333333333333
4 0.5416666666666666 0.5566666666666666 0.009166666666666667 0.015
0 0.51 0.5491666666666667 0.0075 0.0125
0 0.6458333333333334 0.5391666666666667 0.006666666666666667 0.0125
4 0.69 0.545 0.008333333333333333 0.015
0 0.7491666666666666 0.5316666666666666 0.005833333333333334 0.010833333333333334
0 0.8058333333333333 0.5241666666666667 0.005833333333333334 0.009166666666666667
4 0.8191666666666667 0.5316666666666666 0.006666666666666667 0.013333333333333334
4 0.8808333333333334 0.5225 0.006666666666666667 0.01