2 0.1775 0.7341666666666666 0.055 0.11666666666666667
2 0.8083333333333333 0.7358333333333333 0.056666666666666664 0.11333333333333333
4 0.6416666666666667 0.5933333333333334 0.02666666666666667 0.04583333333333333
4 0.6275 0.5525 0.018333333333333333 0.03166666666666667
4 0.37083333333333335 0.5908333333333333 0.025833333333333333 0.04666666666666667
4 0.4066666666666667 0.5458333333333333 0.016666666666666666 0.029166666666666667
4 0.3875 0.5308333333333334 0.015 0.023333333333333334
4 0.41083333333333333 0.52 0.010833333333333334 0.019166666666666665
4 0.43333333333333335 0.51 0.008333333333333333 0.015
4 0.4891666666666667 0.5033333333333333 0.006666666666666667 0.0125
0 0.5591666666666667 0.53 0.011666666666666667 0.0225
0 0.545 0.515 0.01 0.016666666666666666
0 0.5825 0.51 0.0075 0.014166666666666666
4 0.6025 0.5066666666666667 0.005 0.011666666666666667
0 0.7616666666666667 0.5133333333333333 0.0075 0.013333333333333334
0 0.7775 0.5075 0.005833333333333334 0.011666666666666667
1 0.7558333333333334 0.49833333333333335 0.0075 0.016666666666666666
1 0.6875 0.495 0.006666666666666667 0.016666666666666666
4 0.6875 0.5041666666666667 0.006666666666666667 0.011666666666666667