4 0.2575 0.6508333333333334 0.0525 0.08916666666666667
4 0.8191666666666667 0.6541666666666667 0.04583333333333333 0.08666666666666667
4 0.6691666666666667 0.5408333333333334 0.025 0.043333333333333335
4 0.7391666666666666 0.5091666666666667 0.018333333333333333 0.03166666666666667
4 0.8166666666666667 0.49333333333333335 0.016666666666666666 0.024166666666666666
4 0.8291666666666667 0.48583333333333334 0.015833333333333335 0.015
4 0.745 0.4741666666666667 0.010833333333333334 0.016666666666666666
0 0.6041666666666666 0.4775 0.0125 0.02
4 0.635 0.4658333333333333 0.008333333333333333 0.015
4 0.5716666666666667 0.4583333333333333 0.006666666666666667 0.013333333333333334
2 0.545 0.45 0.004166666666666667 0.011666666666666667
4 0.5483333333333333 0.45416666666666666 0.005833333333333334 0.011666666666666667
2 0.47 0.4483333333333333 0.005833333333333334 0.010833333333333334
0 0.45916666666666667 0.4525 0.005 0.010833333333333334
0 0.44666666666666666 0.45916666666666667 0.008333333333333333 0.013333333333333334
0 0.3566666666666667 0.5333333333333333 0.025 0.04083333333333333
0 0.5283333333333333 0.495 0.016666666666666666 0.025833333333333333
0 0.5058333333333334 0.4666666666666667 0.009166666666666667 0.016666666666666666