1 0.14666666666666667 0.7283333333333334 0.09583333333333334 0.19666666666666666
1 0.9291666666666667 0.7458333333333333 0.0975 0.21416666666666667
4 0.6633333333333333 0.5625 0.024166666666666666 0.04666666666666667
4 0.6066666666666667 0.5183333333333333 0.0175 0.030833333333333334
4 0.6716666666666666 0.5008333333333334 0.0125 0.023333333333333334
4 0.7641666666666667 0.4866666666666667 0.0125 0.0125
4 0.7441666666666666 0.49083333333333334 0.013333333333333334 0.019166666666666665
4 0.6991666666666667 0.47833333333333333 0.009166666666666667 0.014166666666666666
4 0.6066666666666667 0.47333333333333333 0.0075 0.013333333333333334
0 0.5758333333333333 0.48083333333333333 0.010833333333333334 0.016666666666666666
4 0.5525 0.4675 0.005833333333333334 0.011666666666666667
2 0.5308333333333334 0.4608333333333333 0.0033333333333333335 0.01
4 0.5325 0.46416666666666667 0.005 0.010833333333333334
0 0.51 0.49333333333333335 0.013333333333333334 0.020833333333333332
0 0.49333333333333335 0.4741666666666667 0.008333333333333333 0.014166666666666666
4 0.3466666666666667 0.5625 0.025833333333333333 0.0475
0 0.3825 0.5166666666666667 0.018333333333333333 0.029166666666666667
0 0.44166666666666665 0.4691666666666667 0.005833333333333334 0.011666666666666667
0 0.4525 0.46416666666666667 0.005833333333333334 0.01
2 0.46166666666666667 0.46 0.005 0.010833333333333334