1 0.5066666666666667 0.5808333333333333 0.035833333333333335 0.0825
1 0.9 0.5966666666666667 0.04583333333333333 0.09166666666666666
4 0.9625 0.7816666666666666 0.03 0.1225
2 0.95 0.4775 0.004166666666666667 0.010833333333333334
4 0.9533333333333334 0.4841666666666667 0.0075 0.011666666666666667
2 0.9125 0.475 0.005 0.010833333333333334
4 0.9 0.48 0.005833333333333334 0.010833333333333334
2 0.87 0.4725 0.004166666666666667 0.009166666666666667
4 0.8566666666666667 0.4766666666666667 0.005 0.009166666666666667
2 0.8225 0.4741666666666667 0.004166666666666667 0.009166666666666667
2 0.825 0.47 0.0033333333333333335 0.0075
2 0.7958333333333333 0.4716666666666667 0.004166666666666667 0.008333333333333333
2 0.7733333333333333 0.4691666666666667 0.0033333333333333335 0.0075
2 0.7541666666666667 0.47 0.0033333333333333335 0.0075
2 0.71 0.4683333333333333 0.0033333333333333335 0.006666666666666667
2 0.7075 0.4691666666666667 0.0033333333333333335 0.0075
2 0.6491666666666667 0.4691666666666667 0.0033333333333333335 0.006666666666666667
2 0.5983333333333334 0.4691666666666667 0.0033333333333333335 0.0075
2 0.59 0.4683333333333333 0.0025 0.006666666666666667
2 0.5691666666666667 0.47 0.0033333333333333335 0.0075
2 0.5416666666666666 0.4691666666666667 0.0025 0.006666666666666667
2 0.5208333333333334 0.4708333333333333 0.0025 0.0075