0 0.535 0.5925 0.035 0.06166666666666667
0 0.81 0.5116666666666667 0.0175 0.034166666666666665
0 0.86 0.48083333333333333 0.013333333333333334 0.023333333333333334
4 0.8133333333333334 0.4666666666666667 0.009166666666666667 0.0175
4 0.715 0.45916666666666667 0.008333333333333333 0.015
4 0.7041666666666667 0.4525 0.006666666666666667 0.0125
0 0.6383333333333333 0.4683333333333333 0.009166666666666667 0.0175
4 0.6183333333333333 0.4508333333333333 0.0033333333333333335 0.01
2 0.615 0.4583333333333333 0.0075 0.015833333333333335
1 0.5833333333333334 0.47 0.0125 0.03166666666666667
2 0.5733333333333334 0.4525 0.005833333333333334 0.013333333333333334
2 0.5258333333333334 0.44916666666666666 0.005 0.010833333333333334
1 0.4325 0.4816666666666667 0.016666666666666666 0.0375
2 0.46 0.4675 0.008333333333333333 0.018333333333333333
2 0.4483333333333333 0.455 0.005833333333333334 0.013333333333333334
2 0.4216666666666667 0.4525 0.005 0.011666666666666667
2 0.3616666666666667 0.4791666666666667 0.009166666666666667 0.020833333333333332
2 0.3491666666666667 0.45916666666666667 0.005833333333333334 0.013333333333333334
2 0.32916666666666666 0.4691666666666667 0.0075 0.016666666666666666
2 0.31583333333333335 0.4558333333333333 0.005 0.011666666666666667
2 0.24666666666666667 0.4791666666666667 0.010833333333333334 0.021666666666666667
2 0.19833333333333333 0.46 0.005833333333333334 0.0125
2 0.18833333333333332 0.4658333333333333 0.004166666666666667 0.015
2 0.185 0.4716666666666667 0.0075 0.016666666666666666
2 0.10083333333333333 0.4658333333333333 0.006666666666666667 0.013333333333333334
2 0.09333333333333334 0.4816666666666667 0.009166666666666667 0.019166666666666665
2 0.02666666666666667 0.475 0.008333333333333333 0.016666666666666666