4 0.07083333333333333 0.765 0.06416666666666666 0.12166666666666667
4 0.04583333333333333 0.59 0.034166666666666665 0.04583333333333333
4 0.245 0.5441666666666667 0.019166666666666665 0.028333333333333332
0 0.3616666666666667 0.5716666666666667 0.025 0.03916666666666667
2 0.36 0.4791666666666667 0.0033333333333333335 0.0075
2 0.3983333333333333 0.4775 0.0033333333333333335 0.006666666666666667
2 0.4058333333333333 0.4791666666666667 0.0033333333333333335 0.0075
2 0.4483333333333333 0.47833333333333333 0.0033333333333333335 0.006666666666666667
2 0.4533333333333333 0.4766666666666667 0.0033333333333333335 0.006666666666666667
2 0.5008333333333334 0.47833333333333333 0.0033333333333333335 0.0075
2 0.5108333333333334 0.4775 0.0033333333333333335 0.006666666666666667
2 0.5508333333333333 0.47833333333333333 0.0033333333333333335 0.0075
2 0.565 0.4775 0.0033333333333333335 0.0075
2 0.5858333333333333 0.4791666666666667 0.004166666666666667 0.0075
2 0.615 0.47833333333333333 0.0033333333333333335 0.0075
2 0.605 0.48083333333333333 0.0033333333333333335 0.008333333333333333
2 0.6025 0.48333333333333334 0.004166666666666667 0.009166666666666667
4 0.5983333333333334 0.4866666666666667 0.005 0.009166666666666667
4 0.5933333333333334 0.49 0.005833333333333334 0.010833333333333334
4 0.5891666666666666 0.49416666666666664 0.005833333333333334 0.011666666666666667
4 0.58 0.5 0.0075 0.014166666666666666
4 0.565 0.5091666666666667 0.009166666666666667 0.016666666666666666
4 0.4625 0.5225 0.010833333333333334 0.021666666666666667
0 0.5575 0.5383333333333333 0.015833333333333335 0.028333333333333332
0 0.6525 0.5216666666666666 0.0125 0.020833333333333332
0 0.7041666666666667 0.5083333333333333 0.01 0.015833333333333335
2 0.6925 0.49833333333333335 0.0075 0.015
2 0.6825 0.49166666666666664 0.005833333333333334 0.0125
2 0.6733333333333333 0.4875 0.005 0.011666666666666667
2 0.6708333333333333 0.485 0.0025 0.01
2 0.6658333333333334 0.4816666666666667 0.004166666666666667 0.009166666666666667
2 0.6483333333333333 0.48 0.0033333333333333335 0.0075
0 0.8858333333333334 0.79 0.06833333333333333 0.1275