4 0.8016666666666666 0.48583333333333334 0.06666666666666667 0.10666666666666667
4 0.7125 0.42916666666666664 0.0425 0.07166666666666667
4 0.6583333333333333 0.4 0.03166666666666667 0.05416666666666667
4 0.6275 0.38333333333333336 0.023333333333333334 0.041666666666666664
4 0.6191666666666666 0.37333333333333335 0.016666666666666666 0.03666666666666667
4 0.6575 0.36333333333333334 0.018333333333333333 0.030833333333333334
4 0.6025 0.3675 0.016666666666666666 0.03333333333333333
4 0.6091666666666666 0.3641666666666667 0.0125 0.03333333333333333
0 0.18833333333333332 0.4716666666666667 0.06 0.09916666666666667
0 0.30916666666666665 0.4166666666666667 0.03916666666666667 0.06833333333333333
0 0.35083333333333333 0.39166666666666666 0.028333333333333332 0.050833333333333335
0 0.3883333333333333 0.37666666666666665 0.0225 0.041666666666666664
0 0.4058333333333333 0.36666666666666664 0.02 0.035833333333333335
0 0.4225 0.3616666666666667 0.016666666666666666 0.03166666666666667
0 0.4875 0.3566666666666667 0.015 0.02666666666666667
0 0.5633333333333334 0.35583333333333333 0.014166666666666666 0.025