0 0.6033333333333334 0.67 0.050833333333333335 0.08416666666666667
0 0.24916666666666668 0.5833333333333334 0.028333333333333332 0.04416666666666667
0 0.2125 0.5408333333333334 0.018333333333333333 0.028333333333333332
0 0.2991666666666667 0.515 0.013333333333333334 0.020833333333333332
0 0.43666666666666665 0.49833333333333335 0.010833333333333334 0.0175
0 0.5966666666666667 0.48833333333333334 0.01 0.016666666666666666
2 0.7008333333333333 0.4841666666666667 0.011666666666666667 0.020833333333333332
2 0.7391666666666666 0.475 0.0075 0.0175
4 0.5891666666666666 0.4825 0.0075 0.015
4 0.41333333333333333 0.49416666666666664 0.009166666666666667 0.015833333333333335
4 0.19166666666666668 0.5175 0.013333333333333334 0.02