4 0.17166666666666666 0.7441666666666666 0.07166666666666667 0.11083333333333334
4 0.32416666666666666 0.585 0.024166666666666666 0.03666666666666667
4 0.4216666666666667 0.5225 0.014166666666666666 0.0275
4 0.4475 0.49916666666666665 0.011666666666666667 0.02
4 0.4608333333333333 0.4866666666666667 0.008333333333333333 0.015833333333333335
4 0.4675 0.48083333333333333 0.0075 0.013333333333333334
4 0.4816666666666667 0.4741666666666667 0.006666666666666667 0.011666666666666667
4 0.5258333333333334 0.4683333333333333 0.005 0.010833333333333334
4 0.5775 0.4633333333333333 0.005 0.01
4 0.6408333333333334 0.4583333333333333 0.005 0.009166666666666667
4 0.7166666666666667 0.4533333333333333 0.004166666666666667 0.009166666666666667
4 0.8016666666666666 0.44916666666666666 0.005 0.008333333333333333
4 0.8825 0.44666666666666666 0.005 0.008333333333333333
4 0.9741666666666666 0.4425 0.005833333333333334 0.009166666666666667
0 0.9233333333333333 0.4475 0.005833333333333334 0.009166666666666667
0 0.8291666666666667 0.45 0.005833333333333334 0.01
0 0.7441666666666666 0.45416666666666666 0.005 0.01
0 0.67 0.45916666666666667 0.005 0.01
0 0.6075 0.4658333333333333 0.005833333333333334 0.010833333333333334
0 0.57 0.4725 0.006666666666666667 0.0125
0 0.5858333333333333 0.48 0.008333333333333333 0.015
0 0.6083333333333333 0.49 0.01 0.02
0 0.6466666666666666 0.5116666666666667 0.016666666666666666 0.02666666666666667
0 0.7341666666666666 0.5583333333333333 0.03 0.04583333333333333