1 0.6575 0.52 0.04583333333333333 0.09583333333333334
1 0.2675 0.5108333333333334 0.03916666666666667 0.09583333333333334
4 0.3283333333333333 0.45666666666666667 0.018333333333333333 0.03333333333333333
0 0.3416666666666667 0.43083333333333335 0.015 0.023333333333333334
4 0.5566666666666666 0.46166666666666667 0.016666666666666666 0.0325
4 0.5216666666666666 0.43583333333333335 0.013333333333333334 0.023333333333333334
0 0.44333333333333336 0.4175 0.011666666666666667 0.0175
0 0.4275 0.4025 0.0075 0.0125
0 0.38 0.3975 0.005833333333333334 0.010833333333333334
0 0.3883333333333333 0.3933333333333333 0.005 0.009166666666666667
2 0.39666666666666667 0.3908333333333333 0.005 0.009166666666666667
2 0.4608333333333333 0.3933333333333333 0.0025 0.009166666666666667
4 0.4633333333333333 0.3958333333333333 0.005 0.01
4 0.48083333333333333 0.39916666666666667 0.005 0.010833333333333334
0 0.5008333333333334 0.41 0.008333333333333333 0.014166666666666666
4 0.5291666666666667 0.405 0.006666666666666667 0.011666666666666667
4 0.5775 0.42583333333333334 0.009166666666666667 0.019166666666666665
4 0.6416666666666667 0.4216666666666667 0.010833333333333334 0.015833333333333335
4 0.6625 0.42 0.01 0.010833333333333334
4 0.61 0.4116666666666667 0.0075 0.0125