1 0.45666666666666667 0.37583333333333335 0.009166666666666667 0.0125
4 0.4533333333333333 0.38166666666666665 0.008333333333333333 0.015833333333333335
4 0.4525 0.39416666666666667 0.010833333333333334 0.021666666666666667
4 0.4375 0.39166666666666666 0.009166666666666667 0.02
4 0.4041666666666667 0.4216666666666667 0.016666666666666666 0.03
4 0.3433333333333333 0.4633333333333333 0.03 0.034166666666666665
4 0.25416666666666665 0.5275 0.041666666666666664 0.06583333333333333
1 0.5616666666666666 0.36333333333333334 0.01 0.023333333333333334
0 0.575 0.375 0.011666666666666667 0.011666666666666667
0 0.5758333333333333 0.38 0.01 0.019166666666666665
0 0.5875 0.39 0.013333333333333334 0.024166666666666666
0 0.6075 0.4058333333333333 0.015 0.03
0 0.6541666666666667 0.43416666666666665 0.020833333333333332 0.030833333333333334
0 0.6858333333333333 0.495 0.035833333333333335 0.065