4 0.7508333333333334 0.5858333333333333 0.07583333333333334 0.12666666666666668
4 0.5975 0.39916666666666667 0.05333333333333334 0.08666666666666667
4 0.49 0.27666666666666667 0.03166666666666667 0.058333333333333334
4 0.4666666666666667 0.22666666666666666 0.0275 0.04666666666666667
4 0.44166666666666665 0.19083333333333333 0.023333333333333334 0.03916666666666667
4 0.4191666666666667 0.16666666666666666 0.020833333333333332 0.034166666666666665
4 0.4025 0.15166666666666667 0.018333333333333333 0.024166666666666666
0 0.1075 0.42916666666666664 0.035833333333333335 0.08666666666666667
0 0.14916666666666667 0.30666666666666664 0.035 0.06333333333333334
0 0.17583333333333334 0.24666666666666667 0.02666666666666667 0.05
0 0.20916666666666667 0.2025 0.0225 0.03916666666666667
0 0.21916666666666668 0.1775 0.019166666666666665 0.03333333333333333
0 0.235 0.1575 0.0175 0.029166666666666667
0 0.24166666666666667 0.14833333333333334 0.015833333333333335 0.015833333333333335