0 0.38083333333333336 0.48833333333333334 0.06833333333333333 0.115
0 0.48333333333333334 0.4216666666666667 0.043333333333333335 0.07416666666666667
0 0.5508333333333333 0.38916666666666666 0.03166666666666667 0.05583333333333333
0 0.5825 0.37083333333333335 0.02666666666666667 0.045
0 0.6066666666666667 0.3591666666666667 0.020833333333333332 0.03916666666666667
0 0.6916666666666667 0.3466666666666667 0.02 0.03166666666666667
0 0.7875 0.3408333333333333 0.018333333333333333 0.030833333333333334
4 0.855 0.35333333333333333 0.013333333333333334 0.04083333333333333
4 0.8458333333333333 0.35833333333333334 0.025 0.04416666666666667
4 0.8741666666666666 0.36833333333333335 0.0275 0.04833333333333333
4 0.8933333333333333 0.38666666666666666 0.03333333333333333 0.060833333333333336