1 0.22666666666666666 0.6483333333333333 0.05 0.10166666666666667
0 0.030833333333333334 0.5316666666666666 0.01 0.016666666666666666
4 0.1775 0.54 0.011666666666666667 0.019166666666666665
0 0.2608333333333333 0.535 0.009166666666666667 0.015833333333333335
4 0.31166666666666665 0.55 0.011666666666666667 0.020833333333333332
4 0.38333333333333336 0.6033333333333334 0.024166666666666666 0.03916666666666667
4 0.4075 0.5683333333333334 0.016666666666666666 0.02666666666666667
0 0.405 0.545 0.01 0.0175
0 0.5558333333333333 0.5633333333333334 0.015 0.023333333333333334
0 0.6658333333333334 0.5941666666666666 0.019166666666666665 0.034166666666666665
1 0.6783333333333333 0.6591666666666667 0.0425 0.105