1 0.13083333333333333 0.5291666666666667 0.013333333333333334 0.025
1 0.18333333333333332 0.5183333333333333 0.011666666666666667 0.021666666666666667
2 0.22166666666666668 0.53 0.011666666666666667 0.02
4 0.28583333333333333 0.5166666666666667 0.01 0.015
2 0.2775 0.5316666666666666 0.013333333333333334 0.023333333333333334
2 0.32083333333333336 0.5391666666666667 0.0125 0.028333333333333332
2 0.3283333333333333 0.5675 0.021666666666666667 0.03916666666666667
2 0.2475 0.6425 0.04083333333333333 0.07083333333333333
4 0.37666666666666665 0.5133333333333333 0.01 0.0175
4 0.495 0.5066666666666667 0.01 0.018333333333333333
4 0.5508333333333333 0.5133333333333333 0.013333333333333334 0.0225
4 0.575 0.5325 0.0175 0.030833333333333334
4 0.6441666666666667 0.5125 0.016666666666666666 0.025833333333333333
4 0.6675 0.57 0.023333333333333334 0.04583333333333333
4 0.7358333333333333 0.49 0.0125 0.020833333333333332
4 0.7891666666666667 0.5416666666666666 0.0275 0.03916666666666667
4 0.905 0.4766666666666667 0.01 0.020833333333333332
0 0.8991666666666667 0.4891666666666667 0.014166666666666666 0.025
0 0.89 0.5025 0.021666666666666667 0.029166666666666667
4 0.9516666666666667 0.7025 0.050833333333333335 0.1075