0 0.7358333333333333 0.5933333333333334 0.030833333333333334 0.05
0 0.5225 0.5316666666666666 0.018333333333333333 0.030833333333333334
0 0.5058333333333334 0.49583333333333335 0.01 0.0175
0 0.5741666666666667 0.4891666666666667 0.008333333333333333 0.014166666666666666
4 0.5575 0.4816666666666667 0.006666666666666667 0.0125
1 0.55 0.4741666666666667 0.006666666666666667 0.0175
1 0.4791666666666667 0.4716666666666667 0.0075 0.0175
4 0.4725 0.4791666666666667 0.006666666666666667 0.0125
4 0.4658333333333333 0.48333333333333334 0.0075 0.015
4 0.3983333333333333 0.48583333333333334 0.008333333333333333 0.016666666666666666
0 0.4091666666666667 0.5041666666666667 0.013333333333333334 0.0225
4 0.255 0.5866666666666667 0.029166666666666667 0.05583333333333333
4 0.2075 0.5391666666666667 0.023333333333333334 0.0375
4 0.28 0.49 0.01 0.019166666666666665
4 0.1125 0.5158333333333334 0.016666666666666666 0.029166666666666667
4 0.15083333333333335 0.5016666666666667 0.0125 0.016666666666666666