0 0.35583333333333333 0.5058333333333334 0.028333333333333332 0.04833333333333333
0 0.42583333333333334 0.4508333333333333 0.016666666666666666 0.03
2 0.46166666666666667 0.4225 0.01 0.024166666666666666
2 0.4766666666666667 0.4116666666666667 0.008333333333333333 0.02
2 0.4875 0.4033333333333333 0.008333333333333333 0.0175
2 0.49666666666666665 0.3958333333333333 0.005833333333333334 0.014166666666666666
2 0.5041666666666667 0.39 0.005 0.0125
2 0.5091666666666667 0.38666666666666666 0.005 0.010833333333333334
2 0.5133333333333333 0.38333333333333336 0.004166666666666667 0.01
2 0.7891666666666667 0.48583333333333334 0.029166666666666667 0.035
4 0.6758333333333333 0.43416666666666665 0.016666666666666666 0.03166666666666667
4 0.6383333333333333 0.4116666666666667 0.010833333333333334 0.0225
2 0.6208333333333333 0.40166666666666667 0.010833333333333334 0.020833333333333332
2 0.6083333333333333 0.39416666666666667 0.0075 0.016666666666666666
2 0.5975 0.3883333333333333 0.005833333333333334 0.014166666666666666
2 0.5916666666666667 0.38333333333333336 0.005 0.0125
2 0.5816666666666667 0.37833333333333335 0.004166666666666667 0.01
2 0.5166666666666667 0.38 0.004166666666666667 0.008333333333333333
2 0.52 0.3775 0.0033333333333333335 0.0075
1 0.5233333333333333 0.375 0.0033333333333333335 0.010833333333333334
1 0.5741666666666667 0.37166666666666665 0.0033333333333333335 0.01
2 0.5758333333333333 0.37416666666666665 0.0025 0.0075
2 0.5783333333333334 0.37583333333333335 0.0033333333333333335 0.009166666666666667
2 0.5875 0.38 0.004166666666666667 0.010833333333333334