0 0.945 0.7066666666666667 0.065 0.10916666666666666
2 0.8675 0.5258333333333334 0.02666666666666667 0.043333333333333335
2 0.6941666666666667 0.49083333333333334 0.016666666666666666 0.029166666666666667
0 0.5108333333333334 0.5816666666666667 0.035 0.056666666666666664
0 0.5691666666666667 0.545 0.0325 0.03166666666666667
0 0.4125 0.5266666666666666 0.023333333333333334 0.03666666666666667
0 0.42083333333333334 0.48083333333333333 0.0125 0.020833333333333332
0 0.4875 0.5 0.0175 0.0275
4 0.48333333333333334 0.47 0.010833333333333334 0.0175
2 0.6108333333333333 0.47583333333333333 0.0125 0.023333333333333334
0 0.36333333333333334 0.49083333333333334 0.015 0.024166666666666666
4 0.34 0.4725 0.0125 0.0175
4 0.12916666666666668 0.5741666666666667 0.029166666666666667 0.0525
4 0.16666666666666666 0.5158333333333334 0.019166666666666665 0.03166666666666667
4 0.19916666666666666 0.4866666666666667 0.015 0.021666666666666667
4 0.14666666666666667 0.4825 0.013333333333333334 0.02
4 0.14 0.4741666666666667 0.008333333333333333 0.016666666666666666
4 0.08416666666666667 0.49916666666666665 0.015833333333333335 0.025833333333333333
4 0.041666666666666664 0.4725 0.009166666666666667 0.015833333333333335