4 0.06666666666666667 0.745 0.08166666666666667 0.14
4 0.3025 0.515 0.024166666666666666 0.04583333333333333
4 0.25083333333333335 0.47 0.0175 0.029166666666666667
4 0.225 0.45 0.0125 0.021666666666666667
4 0.20666666666666667 0.43833333333333335 0.011666666666666667 0.0175
4 0.19416666666666665 0.43083333333333335 0.0075 0.014166666666666666
0 0.7125 0.565 0.04 0.06666666666666667
0 0.5633333333333334 0.47833333333333333 0.021666666666666667 0.034166666666666665
2 0.435 0.45 0.013333333333333334 0.02666666666666667
2 0.3591666666666667 0.43416666666666665 0.01 0.019166666666666665
2 0.31916666666666665 0.4275 0.008333333333333333 0.016666666666666666
2 0.2991666666666667 0.4225 0.006666666666666667 0.015
2 0.275 0.4175 0.005833333333333334 0.0125
2 0.23916666666666667 0.415 0.005 0.010833333333333334
2 0.1875 0.42333333333333334 0.0075 0.013333333333333334
2 0.18166666666666667 0.4191666666666667 0.006666666666666667 0.011666666666666667
2 0.18416666666666667 0.4141666666666667 0.005 0.01
2 0.14416666666666667 0.4166666666666667 0.005833333333333334 0.010833333333333334
2 0.10416666666666667 0.415 0.005 0.01
2 0.08416666666666667 0.4175 0.005833333333333334 0.010833333333333334