0 0.4066666666666667 0.5591666666666667 0.03166666666666667 0.059166666666666666
0 0.6383333333333333 0.495 0.025 0.03916666666666667
0 0.5366666666666666 0.4575 0.015 0.02666666666666667
0 0.4008333333333333 0.43583333333333335 0.005833333333333334 0.018333333333333333
4 0.7775 0.4725 0.015 0.0275
4 0.5908333333333333 0.44666666666666666 0.011666666666666667 0.020833333333333332
4 0.5116666666666667 0.43583333333333335 0.008333333333333333 0.018333333333333333
4 0.4266666666666667 0.42833333333333334 0.0075 0.016666666666666666
4 0.3566666666666667 0.42 0.0075 0.014166666666666666
4 0.30333333333333334 0.42583333333333334 0.005833333333333334 0.018333333333333333
2 0.31416666666666665 0.4141666666666667 0.005 0.013333333333333334
4 0.27416666666666667 0.41833333333333333 0.005833333333333334 0.015