2 0.7908333333333334 0.4575 0.035833333333333335 0.0675
2 0.6983333333333334 0.395 0.018333333333333333 0.03916666666666667
2 0.6641666666666667 0.37 0.013333333333333334 0.0275
2 0.6375 0.3575 0.009166666666666667 0.020833333333333332
1 0.6108333333333333 0.335 0.008333333333333333 0.0175
2 0.6175 0.3425 0.0075 0.014166666666666666
2 0.6233333333333333 0.34833333333333333 0.008333333333333333 0.016666666666666666
2 0.3308333333333333 0.49333333333333335 0.0375 0.0675
2 0.4266666666666667 0.41833333333333333 0.018333333333333333 0.03916666666666667
2 0.4691666666666667 0.385 0.015 0.02666666666666667
2 0.4925 0.36833333333333335 0.009166666666666667 0.02
2 0.5058333333333334 0.3566666666666667 0.008333333333333333 0.016666666666666666
2 0.5166666666666667 0.3491666666666667 0.005833333333333334 0.014166666666666666
1 0.5225 0.3425 0.0075 0.0175