2 0.9525 0.4841666666666667 0.005 0.008333333333333333
2 0.8983333333333333 0.4875 0.005 0.009166666666666667
2 0.6091666666666666 0.5375 0.011666666666666667 0.025833333333333333
2 0.6375 0.5541666666666667 0.016666666666666666 0.03333333333333333
2 0.7058333333333333 0.5925 0.025 0.050833333333333335
2 0.9525 0.7433333333333333 0.049166666666666664 0.12333333333333334
2 0.17583333333333334 0.7658333333333334 0.07166666666666667 0.12333333333333334
2 0.3591666666666667 0.5975 0.025833333333333333 0.050833333333333335
2 0.4066666666666667 0.5566666666666666 0.018333333333333333 0.0325
4 0.705 0.48833333333333334 0.0033333333333333335 0.006666666666666667
4 0.645 0.49 0.0033333333333333335 0.006666666666666667
4 0.59 0.49166666666666664 0.0033333333333333335 0.006666666666666667
4 0.545 0.49333333333333335 0.0033333333333333335 0.006666666666666667
4 0.5083333333333333 0.495 0.0033333333333333335 0.0075
4 0.48 0.4975 0.004166666666666667 0.0075
4 0.4725 0.5 0.0033333333333333335 0.008333333333333333
4 0.47 0.5025 0.005 0.009166666666666667
4 0.4658333333333333 0.5058333333333334 0.005 0.010833333333333334
4 0.46 0.5108333333333334 0.005833333333333334 0.011666666666666667
4 0.43833333333333335 0.52 0.0075 0.01
4 0.43916666666666665 0.5266666666666666 0.008333333333333333 0.0175
4 0.4225 0.5408333333333334 0.011666666666666667 0.023333333333333334
0 0.5841666666666666 0.5233333333333333 0.009166666666666667 0.0175
0 0.5691666666666667 0.515 0.0075 0.014166666666666666
0 0.5575 0.5083333333333333 0.005833333333333334 0.011666666666666667
0 0.5491666666666667 0.5033333333333333 0.005 0.010833333333333334
0 0.5416666666666666 0.5 0.004166666666666667 0.009166666666666667
0 0.5358333333333334 0.4975 0.004166666666666667 0.008333333333333333
0 0.5625 0.495 0.0033333333333333335 0.0075
0 0.6066666666666667 0.4925 0.0033333333333333335 0.006666666666666667
0 0.66 0.49083333333333334 0.0033333333333333335 0.006666666666666667
0 0.7183333333333334 0.49 0.0033333333333333335 0.006666666666666667
0 0.7808333333333334 0.4891666666666667 0.0033333333333333335 0.006666666666666667
0 0.8591666666666666 0.48833333333333334 0.004166666666666667 0.0075
4 0.7616666666666667 0.48833333333333334 0.004166666666666667 0.006666666666666667
4 0.82 0.4875 0.004166666666666667 0.006666666666666667
4 0.8775 0.48583333333333334 0.004166666666666667 0.0075