4 0.7058333333333333 0.405 0.0425 0.0775
4 0.3275 0.3358333333333333 0.029166666666666667 0.05
4 0.30083333333333334 0.2875 0.015833333333333335 0.021666666666666667
4 0.3441666666666667 0.26416666666666666 0.011666666666666667 0.0225
4 0.37083333333333335 0.245 0.0075 0.014166666666666666
4 0.36333333333333334 0.25166666666666665 0.009166666666666667 0.0175
4 0.3825 0.24166666666666667 0.005833333333333334 0.009166666666666667
4 0.38666666666666666 0.23833333333333334 0.004166666666666667 0.010833333333333334
4 0.39 0.2375 0.005833333333333334 0.0075
2 0.39 0.23083333333333333 0.0025 0.0075
0 0.5383333333333333 0.285 0.02 0.03
0 0.5133333333333333 0.2525 0.0125 0.0125
0 0.5216666666666666 0.2633333333333333 0.010833333333333334 0.021666666666666667
0 0.4925 0.24583333333333332 0.01 0.01
0 0.47833333333333333 0.23833333333333334 0.005833333333333334 0.0125
2 0.46416666666666667 0.23166666666666666 0.0033333333333333335 0.011666666666666667
0 0.4666666666666667 0.235 0.005 0.011666666666666667