2 0.2775 0.45916666666666667 0.030833333333333334 0.06333333333333334
4 0.3475 0.4075 0.021666666666666667 0.03666666666666667
4 0.3883333333333333 0.38166666666666665 0.014166666666666666 0.02666666666666667
4 0.4008333333333333 0.36333333333333334 0.009166666666666667 0.020833333333333332
4 0.4175 0.35333333333333333 0.01 0.0175
4 0.4375 0.3441666666666667 0.008333333333333333 0.015
4 0.4825 0.3383333333333333 0.006666666666666667 0.013333333333333334
2 0.7733333333333333 0.46416666666666667 0.03833333333333333 0.06916666666666667
4 0.6408333333333334 0.3975 0.020833333333333332 0.035
0 0.5883333333333334 0.36833333333333335 0.0175 0.015833333333333335
0 0.5625 0.3433333333333333 0.005 0.015833333333333335
0 0.5608333333333333 0.3516666666666667 0.009166666666666667 0.018333333333333333
0 0.6208333333333333 0.335 0.0033333333333333335 0.008333333333333333
4 0.6041666666666666 0.3333333333333333 0.006666666666666667 0.0125