4 0.3825 0.5883333333333334 0.0375 0.060833333333333336
4 0.3283333333333333 0.4558333333333333 0.005833333333333334 0.010833333333333334
4 0.3075 0.44666666666666666 0.004166666666666667 0.0075
4 0.2916666666666667 0.4533333333333333 0.005 0.009166666666666667
4 0.2758333333333333 0.45 0.005 0.009166666666666667
4 0.27666666666666667 0.44583333333333336 0.0025 0.006666666666666667
0 0.255 0.4575 0.005833333333333334 0.011666666666666667
4 0.21083333333333334 0.4658333333333333 0.0075 0.014166666666666666
0 0.19583333333333333 0.4533333333333333 0.005833333333333334 0.01
2 0.23166666666666666 0.44583333333333336 0.004166666666666667 0.009166666666666667
2 0.22333333333333333 0.44916666666666666 0.004166666666666667 0.01
2 0.22416666666666665 0.44416666666666665 0.0025 0.0075
0 0.13666666666666666 0.465 0.008333333333333333 0.013333333333333334
1 0.14333333333333334 0.4533333333333333 0.008333333333333333 0.0175
2 0.14916666666666667 0.4475 0.004166666666666667 0.009166666666666667
2 0.14583333333333334 0.44583333333333336 0.0033333333333333335 0.0075
2 0.10333333333333333 0.4533333333333333 0.005 0.010833333333333334
2 0.07333333333333333 0.4483333333333333 0.005 0.01
2 0.0625 0.4475 0.005 0.008333333333333333
4 0.05583333333333333 0.475 0.01 0.016666666666666666
1 0.0325 0.4558333333333333 0.01 0.019166666666666665
2 0.025 0.4525 0.005 0.011666666666666667