0 0.25416666666666665 0.6691666666666667 0.06416666666666666 0.10666666666666667
0 0.2425 0.5583333333333333 0.025 0.049166666666666664
0 0.37916666666666665 0.5333333333333333 0.023333333333333334 0.024166666666666666
0 0.3933333333333333 0.5133333333333333 0.011666666666666667 0.024166666666666666
0 0.3458333333333333 0.5041666666666667 0.011666666666666667 0.0225
4 0.2725 0.595 0.04083333333333333 0.07166666666666667
4 0.19166666666666668 0.5325 0.024166666666666666 0.023333333333333334
4 0.255 0.5175 0.0125 0.025833333333333333
4 0.22583333333333333 0.5133333333333333 0.016666666666666666 0.0175
2 0.39416666666666667 0.5716666666666667 0.03916666666666667 0.034166666666666665
2 0.8083333333333333 0.6608333333333334 0.04416666666666667 0.06166666666666667
0 0.455 0.5125 0.011666666666666667 0.024166666666666666
2 0.31583333333333335 0.5 0.009166666666666667 0.018333333333333333
0 0.3016666666666667 0.5 0.013333333333333334 0.011666666666666667
0 0.29 0.4975 0.01 0.009166666666666667
0 0.3258333333333333 0.49166666666666664 0.01 0.009166666666666667
4 0.17083333333333334 0.5025 0.01 0.018333333333333333
4 0.21166666666666667 0.5041666666666667 0.008333333333333333 0.02
4 0.2425 0.495 0.0075 0.016666666666666666
0 0.1175 0.5008333333333334 0.008333333333333333 0.015
4 0.14833333333333334 0.49416666666666664 0.0075 0.014166666666666666
0 0.175 0.49416666666666664 0.005833333333333334 0.014166666666666666
0 0.20083333333333334 0.495 0.008333333333333333 0.015
0 0.20833333333333334 0.49333333333333335 0.005 0.0125
0 0.26416666666666666 0.49083333333333334 0.005 0.0125
2 0.27166666666666667 0.49083333333333334 0.006666666666666667 0.011666666666666667
4 0.3125 0.4658333333333333 0.0075 0.014166666666666666