0 0.375 0.575 0.028333333333333332 0.06166666666666667
0 0.42583333333333334 0.5375 0.015 0.035
0 0.4675 0.52 0.011666666666666667 0.023333333333333334
0 0.4725 0.5116666666666667 0.006666666666666667 0.018333333333333333
0 0.5 0.49833333333333335 0.005 0.0125
0 0.5025 0.5041666666666667 0.006666666666666667 0.015
0 0.5258333333333334 0.49583333333333335 0.006666666666666667 0.015
4 0.8533333333333334 0.49083333333333334 0.03 0.049166666666666664
4 0.6883333333333334 0.4891666666666667 0.014166666666666666 0.03
4 0.6208333333333333 0.4816666666666667 0.005 0.015
4 0.6091666666666666 0.48583333333333334 0.006666666666666667 0.018333333333333333
4 0.585 0.49333333333333335 0.01 0.020833333333333332
4 0.5633333333333334 0.4841666666666667 0.005 0.0125
4 0.5475 0.4875 0.005 0.010833333333333334
0 0.4891666666666667 0.49666666666666665 0.005 0.010833333333333334