0 0.49583333333333335 0.6233333333333333 0.04 0.08083333333333333
0 0.7483333333333333 0.5791666666666667 0.03916666666666667 0.03833333333333333
0 0.5525 0.55 0.024166666666666666 0.041666666666666664
0 0.56 0.5225 0.013333333333333334 0.028333333333333332
0 0.5891666666666666 0.5075 0.009166666666666667 0.0225
2 0.84 0.505 0.024166666666666666 0.05333333333333334
2 0.7233333333333334 0.5316666666666666 0.019166666666666665 0.020833333333333332
2 0.6475 0.515 0.016666666666666666 0.016666666666666666
4 0.19666666666666666 0.5675 0.024166666666666666 0.04666666666666667
4 0.29833333333333334 0.5391666666666667 0.018333333333333333 0.035833333333333335
4 0.39916666666666667 0.5208333333333334 0.0125 0.02666666666666667
4 0.4625 0.5116666666666667 0.009166666666666667 0.023333333333333334
4 0.47583333333333333 0.5066666666666667 0.008333333333333333 0.020833333333333332
4 0.5825 0.5166666666666667 0.011666666666666667 0.023333333333333334
0 0.8383333333333334 0.7925 0.10833333333333334 0.0875
4 0.5233333333333333 0.5033333333333333 0.0075 0.018333333333333333
0 0.6725 0.505 0.0125 0.0125
0 0.7033333333333334 0.4975 0.008333333333333333 0.016666666666666666
0 0.6875 0.4925 0.005833333333333334 0.015
4 0.62 0.49833333333333335 0.006666666666666667 0.015
4 0.6091666666666666 0.495 0.01 0.011666666666666667
4 0.58 0.5008333333333334 0.011666666666666667 0.014166666666666666
2 0.675 0.49083333333333334 0.005833333333333334 0.011666666666666667
0 0.5541666666666667 0.4891666666666667 0.006666666666666667 0.010833333333333334