2 0.41583333333333333 0.48333333333333334 0.0075 0.015
0 0.4025 0.4875 0.0075 0.016666666666666666
0 0.3925 0.49333333333333335 0.009166666666666667 0.02
4 0.36916666666666664 0.49416666666666664 0.0075 0.02
0 0.37416666666666665 0.5016666666666667 0.01 0.023333333333333334
0 0.3525 0.5083333333333333 0.011666666666666667 0.02666666666666667
2 0.34 0.5083333333333333 0.0125 0.028333333333333332
0 0.32 0.5225 0.016666666666666666 0.035
0 0.2991666666666667 0.535 0.019166666666666665 0.04
1 0.2683333333333333 0.5341666666666667 0.034166666666666665 0.07916666666666666
1 0.8458333333333333 0.5408333333333334 0.0475 0.09416666666666666
4 0.695 0.5133333333333333 0.018333333333333333 0.035
4 0.6641666666666667 0.5016666666666667 0.014166666666666666 0.029166666666666667
4 0.6333333333333333 0.49583333333333335 0.010833333333333334 0.024166666666666666
4 0.6183333333333333 0.49083333333333334 0.01 0.021666666666666667
4 0.5991666666666666 0.48583333333333334 0.0075 0.02
2 0.5875 0.48 0.0075 0.015833333333333335