2 0.47333333333333333 0.31333333333333335 0.01 0.024166666666666666
4 0.5175 0.32083333333333336 0.014166666666666666 0.029166666666666667
4 0.5708333333333333 0.32916666666666666 0.015833333333333335 0.035
4 0.6425 0.34 0.020833333333333332 0.041666666666666664
4 0.7466666666666667 0.35833333333333334 0.03166666666666667 0.051666666666666666
4 0.8866666666666667 0.38166666666666665 0.0425 0.06666666666666667
0 0.7675 0.6558333333333334 0.10916666666666666 0.19333333333333333
0 0.5458333333333333 0.49 0.05583333333333333 0.10583333333333333
0 0.44416666666666665 0.41083333333333333 0.0325 0.06583333333333333
0 0.4141666666666667 0.38083333333333336 0.023333333333333334 0.05
0 0.3775 0.35583333333333333 0.0175 0.03833333333333333
0 0.3516666666666667 0.3416666666666667 0.014166666666666666 0.030833333333333334
2 0.3416666666666667 0.3308333333333333 0.011666666666666667 0.025833333333333333
2 0.3283333333333333 0.3233333333333333 0.01 0.024166666666666666