4 0.21 0.3308333333333333 0.02 0.03333333333333333
4 0.2783333333333333 0.36916666666666664 0.013333333333333334 0.02666666666666667
0 0.36916666666666664 0.47 0.021666666666666667 0.04583333333333333
1 0.32916666666666666 0.6683333333333333 0.0975 0.23666666666666666
4 0.43166666666666664 0.4483333333333333 0.01 0.023333333333333334
2 0.49083333333333334 0.4716666666666667 0.015833333333333335 0.034166666666666665
2 0.5458333333333333 0.49333333333333335 0.021666666666666667 0.04666666666666667
0 0.5691666666666667 0.4741666666666667 0.010833333333333334 0.021666666666666667
4 0.5841666666666666 0.48083333333333333 0.0125 0.029166666666666667
4 0.6091666666666666 0.49333333333333335 0.0175 0.035
1 0.7133333333333334 0.5416666666666666 0.03666666666666667 0.105
2 0.8283333333333334 0.41083333333333333 0.03333333333333333 0.06