0 0.7616666666666667 0.5108333333333334 0.05333333333333334 0.09
4 0.6966666666666667 0.38333333333333336 0.0325 0.06333333333333334
4 0.6616666666666666 0.31666666666666665 0.024166666666666666 0.04833333333333333
4 0.6316666666666667 0.2841666666666667 0.02 0.04083333333333333
2 0.6183333333333333 0.26416666666666666 0.016666666666666666 0.035833333333333335
4 0.6008333333333333 0.24333333333333335 0.013333333333333334 0.030833333333333334
4 0.5441666666666667 0.22416666666666665 0.0125 0.02666666666666667
4 0.41583333333333333 0.25666666666666665 0.015833333333333335 0.03166666666666667
2 0.4025 0.2816666666666667 0.015 0.03333333333333333
0 0.39166666666666666 0.30333333333333334 0.016666666666666666 0.03833333333333333
2 0.37166666666666665 0.3475 0.0225 0.04666666666666667
0 0.3408333333333333 0.4066666666666667 0.029166666666666667 0.058333333333333334
0 0.2825 0.5416666666666666 0.045 0.08583333333333333