4 0.43916666666666665 0.7108333333333333 0.1575 0.2966666666666667
0 0.19916666666666666 0.49833333333333335 0.021666666666666667 0.04666666666666667
4 0.405 0.4533333333333333 0.021666666666666667 0.045
0 0.47333333333333333 0.3983333333333333 0.0125 0.03
4 0.5625 0.42 0.02 0.041666666666666664
2 0.615 0.4533333333333333 0.02666666666666667 0.05333333333333334
2 0.7316666666666667 0.4083333333333333 0.021666666666666667 0.04416666666666667
1 0.7725 0.37333333333333335 0.023333333333333334 0.056666666666666664
2 0.7316666666666667 0.29333333333333333 0.013333333333333334 0.03166666666666667
0 0.8825 0.41083333333333333 0.023333333333333334 0.043333333333333335
0 0.8916666666666667 0.4558333333333333 0.035 0.060833333333333336