1 0.7441666666666666 0.485 0.013333333333333334 0.03833333333333333
1 0.655 0.5033333333333333 0.016666666666666666 0.045
0 0.6716666666666666 0.48333333333333334 0.01 0.020833333333333332
4 0.2825 0.4683333333333333 0.008333333333333333 0.015
4 0.33 0.465 0.009166666666666667 0.015833333333333335
2 0.3233333333333333 0.4741666666666667 0.008333333333333333 0.018333333333333333
0 0.36666666666666664 0.475 0.008333333333333333 0.018333333333333333
2 0.37666666666666665 0.4658333333333333 0.006666666666666667 0.015
2 0.4166666666666667 0.48083333333333333 0.01 0.019166666666666665
4 0.4325 0.4683333333333333 0.009166666666666667 0.015833333333333335
0 0.46 0.4841666666666667 0.01 0.02
4 0.4875 0.4708333333333333 0.008333333333333333 0.016666666666666666
0 0.51 0.4891666666666667 0.011666666666666667 0.021666666666666667
4 0.27166666666666667 0.47333333333333333 0.005 0.013333333333333334