1 0.6225 0.5183333333333333 0.0125 0.034166666666666665
4 0.2991666666666667 0.5141666666666667 0.005 0.013333333333333334
4 0.32 0.5091666666666667 0.005 0.011666666666666667
2 0.33666666666666667 0.5133333333333333 0.005833333333333334 0.013333333333333334
4 0.35833333333333334 0.5066666666666667 0.004166666666666667 0.010833333333333334
0 0.365 0.5133333333333333 0.005 0.013333333333333334
2 0.3875 0.5166666666666667 0.006666666666666667 0.014166666666666666
2 0.3908333333333333 0.5058333333333334 0.005 0.011666666666666667
0 0.41083333333333333 0.5191666666666667 0.0075 0.016666666666666666
4 0.42583333333333334 0.5066666666666667 0.005833333333333334 0.011666666666666667
0 0.4375 0.5233333333333333 0.0075 0.018333333333333333
4 0.4633333333333333 0.5083333333333333 0.005833333333333334 0.014166666666666666
4 0.49333333333333335 0.5091666666666667 0.0075 0.015
0 0.4716666666666667 0.5283333333333333 0.009166666666666667 0.019166666666666665
1 0.49583333333333335 0.5325 0.014166666666666666 0.03666666666666667
0 0.5366666666666666 0.5125 0.0075 0.015
0 0.5816666666666667 0.5166666666666667 0.0075 0.018333333333333333