4 0.7308333333333333 0.4925 0.055 0.09333333333333334
0 0.5325 0.44666666666666666 0.008333333333333333 0.025
2 0.4575 0.4508333333333333 0.015833333333333335 0.035
1 0.47333333333333333 0.4483333333333333 0.005833333333333334 0.020833333333333332
2 0.4175 0.445 0.0125 0.028333333333333332
1 0.3566666666666667 0.44333333333333336 0.01 0.030833333333333334
4 0.32916666666666666 0.4533333333333333 0.016666666666666666 0.03666666666666667
4 0.29083333333333333 0.4658333333333333 0.02666666666666667 0.051666666666666666
0 0.15916666666666668 0.5083333333333333 0.0525 0.09583333333333334
0 0.09833333333333333 0.4608333333333333 0.015833333333333335 0.041666666666666664
4 0.8575 0.3541666666666667 0.0275 0.05333333333333334
4 0.81 0.3408333333333333 0.0225 0.04083333333333333
2 0.30916666666666665 0.38083333333333336 0.0075 0.024166666666666666