0 0.5266666666666666 0.3566666666666667 0.024166666666666666 0.06166666666666667
0 0.45416666666666666 0.3233333333333333 0.016666666666666666 0.03833333333333333
0 0.43333333333333335 0.31583333333333335 0.013333333333333334 0.03166666666666667
0 0.42583333333333334 0.31166666666666665 0.01 0.024166666666666666
0 0.27416666666666667 0.29583333333333334 0.0125 0.024166666666666666
0 0.24416666666666667 0.29833333333333334 0.004166666666666667 0.025833333333333333
4 0.525 0.5041666666666667 0.12666666666666668 0.24416666666666667
4 0.2525 0.3233333333333333 0.021666666666666667 0.06333333333333334
4 0.23583333333333334 0.30833333333333335 0.023333333333333334 0.04666666666666667
4 0.24916666666666668 0.3016666666666667 0.01 0.03666666666666667
1 0.3075 0.28833333333333333 0.0125 0.035
1 0.44416666666666665 0.30333333333333334 0.010833333333333334 0.035
2 0.4841666666666667 0.33166666666666667 0.018333333333333333 0.04416666666666667
2 0.2725 0.36666666666666664 0.058333333333333334 0.11416666666666667
2 0.6825 0.395 0.043333333333333335 0.08416666666666667