2 0.2808333333333333 0.4658333333333333 0.05 0.08333333333333333
4 0.4766666666666667 0.4141666666666667 0.025833333333333333 0.051666666666666666
4 0.5458333333333333 0.395 0.018333333333333333 0.04
4 0.6025 0.38166666666666665 0.015 0.03333333333333333
0 0.6383333333333333 0.37333333333333335 0.0125 0.02666666666666667
0 0.6666666666666666 0.43583333333333335 0.0325 0.08
2 0.6475 0.5058333333333334 0.06416666666666666 0.14083333333333334
2 0.775 0.395 0.028333333333333332 0.05583333333333333
1 0.7475 0.3516666666666667 0.013333333333333334 0.03666666666666667
0 0.6933333333333334 0.3641666666666667 0.0125 0.02666666666666667
0 0.7983333333333333 0.38166666666666665 0.023333333333333334 0.045
0 0.82 0.37166666666666665 0.019166666666666665 0.03666666666666667
0 0.8558333333333333 0.3616666666666667 0.016666666666666666 0.030833333333333334