1 0.6 0.6033333333333334 0.065 0.16083333333333333
2 0.8558333333333333 0.33666666666666667 0.011666666666666667 0.021666666666666667
4 0.8325 0.35333333333333333 0.013333333333333334 0.029166666666666667
4 0.82 0.36916666666666664 0.016666666666666666 0.03333333333333333
4 0.8041666666666667 0.3858333333333333 0.018333333333333333 0.035833333333333335
4 0.7866666666666666 0.41 0.021666666666666667 0.04416666666666667
4 0.7466666666666667 0.4475 0.02666666666666667 0.055
2 0.6341666666666667 0.31916666666666665 0.008333333333333333 0.019166666666666665
0 0.5983333333333334 0.32666666666666666 0.0075 0.02
0 0.56 0.3358333333333333 0.01 0.024166666666666666
4 0.5383333333333333 0.335 0.01 0.021666666666666667
0 0.5075 0.3491666666666667 0.01 0.025833333333333333
2 0.4483333333333333 0.3566666666666667 0.009166666666666667 0.028333333333333332
0 0.4575 0.36 0.013333333333333334 0.028333333333333332
0 0.38 0.38 0.015833333333333335 0.03166666666666667
0 0.3225 0.3958333333333333 0.018333333333333333 0.03666666666666667
1 0.2625 0.4 0.029166666666666667 0.06583333333333333