2 0.36583333333333334 0.3283333333333333 0.01 0.020833333333333332
0 0.3591666666666667 0.3408333333333333 0.009166666666666667 0.024166666666666666
0 0.355 0.3591666666666667 0.015 0.03
0 0.3466666666666667 0.3858333333333333 0.0175 0.03666666666666667
0 0.3283333333333333 0.41333333333333333 0.020833333333333332 0.045
4 0.3275 0.3625 0.015833333333333335 0.030833333333333334
2 0.30833333333333335 0.41333333333333333 0.02 0.04583333333333333
0 0.305 0.47583333333333333 0.028333333333333332 0.06416666666666666
0 0.2941666666666667 0.5441666666666667 0.043333333333333335 0.08166666666666667
2 0.5716666666666667 0.31833333333333336 0.01 0.02
4 0.6025 0.33166666666666667 0.014166666666666666 0.024166666666666666
4 0.6416666666666667 0.3458333333333333 0.015833333333333335 0.028333333333333332
4 0.6775 0.36 0.019166666666666665 0.03166666666666667
4 0.7458333333333333 0.38166666666666665 0.024166666666666666 0.03916666666666667
4 0.8316666666666667 0.4175 0.0325 0.049166666666666664
1 0.2625 0.6108333333333333 0.0675 0.17833333333333334