2 0.5841666666666666 0.5541666666666667 0.08 0.19833333333333333
0 0.6291666666666667 0.5033333333333333 0.030833333333333334 0.06416666666666666
0 0.6025 0.4725 0.0225 0.045
0 0.5741666666666667 0.45916666666666667 0.013333333333333334 0.035
2 0.5583333333333333 0.45166666666666666 0.015833333333333335 0.030833333333333334
0 0.5516666666666666 0.44416666666666665 0.008333333333333333 0.024166666666666666
4 0.5275 0.435 0.0075 0.018333333333333333
2 0.5233333333333333 0.44166666666666665 0.010833333333333334 0.020833333333333332
4 0.4775 0.44083333333333335 0.01 0.021666666666666667
4 0.5791666666666667 0.43416666666666665 0.01 0.02
2 0.6208333333333333 0.435 0.01 0.021666666666666667
4 0.6641666666666667 0.44083333333333335 0.0125 0.025
4 0.7275 0.445 0.015833333333333335 0.03166666666666667
4 0.7866666666666666 0.4533333333333333 0.020833333333333332 0.03916666666666667
0 0.9033333333333333 0.47 0.011666666666666667 0.04416666666666667