4 0.23083333333333333 0.49166666666666664 0.10583333333333333 0.17833333333333334
4 0.2775 0.37166666666666665 0.043333333333333335 0.07666666666666666
4 0.37666666666666665 0.3325 0.021666666666666667 0.04666666666666667
4 0.3975 0.32166666666666666 0.0175 0.03916666666666667
4 0.43166666666666664 0.31166666666666665 0.013333333333333334 0.03166666666666667
4 0.7858333333333334 0.36083333333333334 0.049166666666666664 0.08416666666666667
2 0.3408333333333333 0.3458333333333333 0.02666666666666667 0.05583333333333333
2 0.71 0.3325 0.03 0.056666666666666664
2 0.6508333333333334 0.31083333333333335 0.018333333333333333 0.03833333333333333
1 0.4716666666666667 0.2891666666666667 0.01 0.030833333333333334
1 0.5933333333333334 0.2841666666666667 0.01 0.03166666666666667
0 0.455 0.305 0.0125 0.025833333333333333
0 0.4633333333333333 0.3 0.009166666666666667 0.021666666666666667
0 0.6816666666666666 0.32083333333333336 0.0225 0.04833333333333333
0 0.635 0.30416666666666664 0.015 0.03166666666666667
0 0.6166666666666667 0.2991666666666667 0.0125 0.028333333333333332
0 0.6016666666666667 0.29333333333333333 0.01 0.023333333333333334