4 0.4033333333333333 0.3825 0.013333333333333334 0.029166666666666667
4 0.47833333333333333 0.37666666666666665 0.01 0.025
2 0.46 0.39916666666666667 0.015833333333333335 0.03166666666666667
0 0.4925 0.4216666666666667 0.018333333333333333 0.035833333333333335
4 0.545 0.3883333333333333 0.011666666666666667 0.025833333333333333
2 0.4775 0.4708333333333333 0.02666666666666667 0.050833333333333335
0 0.4841666666666667 0.5308333333333334 0.0375 0.06833333333333333
0 0.49 0.6633333333333333 0.050833333333333335 0.10916666666666666
2 0.5966666666666667 0.4066666666666667 0.015 0.03166666666666667
4 0.6525 0.44666666666666666 0.016666666666666666 0.04083333333333333
4 0.7483333333333333 0.5041666666666667 0.02666666666666667 0.055
4 0.8658333333333333 0.5966666666666667 0.04083333333333333 0.08