4 0.6933333333333334 0.6483333333333333 0.08166666666666667 0.15583333333333332
4 0.6175 0.5541666666666667 0.043333333333333335 0.08833333333333333
2 0.5491666666666667 0.4666666666666667 0.0125 0.025
4 0.5575 0.47583333333333333 0.0125 0.034166666666666665
4 0.5658333333333333 0.49083333333333334 0.019166666666666665 0.043333333333333335
4 0.5866666666666667 0.5116666666666667 0.02666666666666667 0.056666666666666664
2 0.4225 0.4475 0.01 0.020833333333333332
2 0.4025 0.4508333333333333 0.011666666666666667 0.025833333333333333
0 0.36833333333333335 0.45416666666666666 0.014166666666666666 0.030833333333333334
0 0.3275 0.46166666666666667 0.018333333333333333 0.04
0 0.2475 0.4741666666666667 0.028333333333333332 0.055
0 0.12583333333333332 0.4891666666666667 0.050833333333333335 0.07833333333333334