4 0.2425 0.5316666666666666 0.023333333333333334 0.045
4 0.4083333333333333 0.47583333333333333 0.018333333333333333 0.03916666666666667
2 0.455 0.5066666666666667 0.023333333333333334 0.049166666666666664
2 0.565 0.4475 0.018333333333333333 0.03916666666666667
1 0.6041666666666666 0.4083333333333333 0.018333333333333333 0.05
0 0.6916666666666667 0.43583333333333335 0.018333333333333333 0.03916666666666667
0 0.69 0.4791666666666667 0.029166666666666667 0.051666666666666666
4 0.8541666666666666 0.4816666666666667 0.10916666666666666 0.24916666666666668
1 0.8366666666666667 0.4066666666666667 0.028333333333333332 0.05583333333333333
2 0.5658333333333333 0.3358333333333333 0.0125 0.028333333333333332
0 0.32416666666666666 0.4608333333333333 0.013333333333333334 0.029166666666666667