1 0.8241666666666667 0.465 0.060833333333333336 0.14416666666666667
0 0.5158333333333334 0.49166666666666664 0.049166666666666664 0.095
0 0.3416666666666667 0.4091666666666667 0.03 0.06166666666666667
4 0.11833333333333333 0.24166666666666667 0.025833333333333333 0.043333333333333335
4 0.21333333333333335 0.2808333333333333 0.02 0.035
4 0.4008333333333333 0.3475 0.0125 0.025
2 0.48583333333333334 0.3775 0.021666666666666667 0.043333333333333335
2 0.57 0.4083333333333333 0.028333333333333332 0.06
0 0.5583333333333333 0.3566666666666667 0.011666666666666667 0.025
4 0.585 0.3675 0.015 0.030833333333333334
4 0.6291666666666667 0.385 0.021666666666666667 0.041666666666666664