1 0.32666666666666666 0.5975 0.12333333333333334 0.31916666666666665
0 0.4166666666666667 0.5741666666666667 0.056666666666666664 0.10416666666666667
0 0.45666666666666667 0.5441666666666667 0.034166666666666665 0.06833333333333333
0 0.48583333333333334 0.5233333333333333 0.020833333333333332 0.04666666666666667
0 0.5058333333333334 0.5166666666666667 0.015 0.03916666666666667
0 0.515 0.5091666666666667 0.011666666666666667 0.029166666666666667
0 0.5191666666666667 0.505 0.006666666666666667 0.024166666666666666
2 0.5258333333333334 0.5025 0.008333333333333333 0.020833333333333332
2 0.5291666666666667 0.49916666666666665 0.005 0.018333333333333333
2 0.6475 0.495 0.01 0.021666666666666667
4 0.6708333333333333 0.49833333333333335 0.0125 0.025833333333333333
4 0.6983333333333334 0.5008333333333334 0.015 0.030833333333333334
4 0.7391666666666666 0.5041666666666667 0.019166666666666665 0.03833333333333333
4 0.7975 0.51 0.028333333333333332 0.05
4 0.8891666666666667 0.52 0.041666666666666664 0.06833333333333333