4 0.21 0.5041666666666667 0.055 0.10166666666666667
4 0.29333333333333333 0.445 0.04 0.07
4 0.36916666666666664 0.4066666666666667 0.025 0.05
0 0.4125 0.3858333333333333 0.018333333333333333 0.04
0 0.43 0.37 0.015 0.03166666666666667
1 0.44416666666666665 0.3525 0.015833333333333335 0.04083333333333333
1 0.6008333333333333 0.3475 0.015833333333333335 0.03916666666666667
0 0.6133333333333333 0.36333333333333334 0.013333333333333334 0.03
0 0.6441666666666667 0.37916666666666665 0.019166666666666665 0.03916666666666667
0 0.6841666666666667 0.39916666666666667 0.025833333333333333 0.05333333333333334
2 0.7316666666666667 0.42833333333333334 0.034166666666666665 0.06916666666666667
0 0.85 0.49083333333333334 0.06333333333333334 0.10666666666666667