1 0.6775 0.41583333333333333 0.058333333333333334 0.16416666666666666
0 0.8083333333333333 0.41 0.020833333333333332 0.025833333333333333
2 0.8666666666666667 0.1975 0.056666666666666664 0.10083333333333333
0 0.5791666666666667 0.3641666666666667 0.009166666666666667 0.025833333333333333
4 0.585 0.36833333333333335 0.014166666666666666 0.034166666666666665
4 0.6 0.375 0.019166666666666665 0.04583333333333333
4 0.145 0.21166666666666667 0.021666666666666667 0.04083333333333333
4 0.23916666666666667 0.25833333333333336 0.018333333333333333 0.035
0 0.26666666666666666 0.35083333333333333 0.0325 0.059166666666666666
4 0.42583333333333334 0.3433333333333333 0.010833333333333334 0.025833333333333333
2 0.45166666666666666 0.355 0.021666666666666667 0.04416666666666667
2 0.4866666666666667 0.36916666666666664 0.028333333333333332 0.06416666666666666