4 0.1875 0.5333333333333333 0.12666666666666668 0.21416666666666667
4 0.2633333333333333 0.3625 0.04666666666666667 0.08083333333333333
2 0.335 0.33166666666666667 0.0275 0.056666666666666664
4 0.37333333333333335 0.31583333333333335 0.021666666666666667 0.04833333333333333
4 0.3975 0.30333333333333334 0.015833333333333335 0.03916666666666667
4 0.43166666666666664 0.29333333333333333 0.014166666666666666 0.03166666666666667
0 0.4558333333333333 0.285 0.01 0.025833333333333333
0 0.46416666666666667 0.2791666666666667 0.01 0.020833333333333332
1 0.47333333333333333 0.26916666666666667 0.009166666666666667 0.03
1 0.5991666666666666 0.265 0.0075 0.03166666666666667
0 0.6066666666666667 0.275 0.009166666666666667 0.021666666666666667
0 0.6233333333333333 0.2816666666666667 0.011666666666666667 0.02666666666666667
0 0.6425 0.28833333333333333 0.014166666666666666 0.03166666666666667
2 0.66 0.2966666666666667 0.0175 0.03833333333333333
0 0.6933333333333334 0.30916666666666665 0.0225 0.049166666666666664
2 0.7258333333333333 0.32416666666666666 0.028333333333333332 0.059166666666666666
4 0.8125 0.36333333333333334 0.05416666666666667 0.09166666666666666