4 0.19 0.7258333333333333 0.14333333333333334 0.2658333333333333
0 0.205 0.45 0.050833333333333335 0.08
2 0.3883333333333333 0.44166666666666665 0.03 0.06416666666666666
4 0.635 0.575 0.07666666666666666 0.13416666666666666
0 0.58 0.4425 0.021666666666666667 0.049166666666666664
4 0.6066666666666667 0.4191666666666667 0.015833333333333335 0.034166666666666665
2 0.6208333333333333 0.4325 0.018333333333333333 0.04083333333333333
4 0.7425 0.5008333333333334 0.04666666666666667 0.07666666666666666
4 0.7333333333333333 0.43416666666666665 0.015833333333333335 0.03333333333333333
4 0.8041666666666667 0.4533333333333333 0.020833333333333332 0.04083333333333333
2 0.8183333333333334 0.4716666666666667 0.028333333333333332 0.05416666666666667