1 0.3725 0.4666666666666667 0.0125 0.034166666666666665
0 0.385 0.47583333333333333 0.009166666666666667 0.021666666666666667
0 0.4066666666666667 0.4791666666666667 0.01 0.025
0 0.44333333333333336 0.48583333333333334 0.0125 0.028333333333333332
2 0.4558333333333333 0.48833333333333334 0.0125 0.025833333333333333
0 0.47333333333333333 0.4925 0.013333333333333334 0.030833333333333334
0 0.5433333333333333 0.5066666666666667 0.0175 0.03666666666666667
4 0.5591666666666667 0.5066666666666667 0.013333333333333334 0.035
0 0.6558333333333334 0.5266666666666666 0.021666666666666667 0.04666666666666667
4 0.09833333333333333 0.44916666666666666 0.015833333333333335 0.03333333333333333
1 0.11 0.43833333333333335 0.0125 0.04
2 0.835 0.5633333333333334 0.04416666666666667 0.06583333333333333