1 0.3 0.4866666666666667 0.065 0.17916666666666667
4 0.38 0.3883333333333333 0.009166666666666667 0.020833333333333332
2 0.42333333333333334 0.39166666666666666 0.01 0.023333333333333334
0 0.8491666666666666 0.48333333333333334 0.04583333333333333 0.07333333333333333
0 0.7275 0.44083333333333335 0.023333333333333334 0.049166666666666664
4 0.6416666666666667 0.42083333333333334 0.016666666666666666 0.03666666666666667
4 0.6008333333333333 0.4091666666666667 0.015 0.03166666666666667
4 0.5525 0.4 0.011666666666666667 0.025833333333333333
4 0.4841666666666667 0.38916666666666666 0.006666666666666667 0.018333333333333333
2 0.52 0.3925 0.01 0.023333333333333334
4 0.43333333333333335 0.38666666666666666 0.0075 0.019166666666666665
0 0.43916666666666665 0.4533333333333333 0.028333333333333332 0.06166666666666667
0 0.45416666666666666 0.425 0.018333333333333333 0.041666666666666664
0 0.44666666666666666 0.4116666666666667 0.008333333333333333 0.03333333333333333
0 0.4475 0.39166666666666666 0.005 0.015
2 0.43833333333333335 0.4033333333333333 0.01 0.030833333333333334