1 0.8583333333333333 0.5216666666666666 0.10083333333333333 0.20833333333333334
4 0.8466666666666667 0.4175 0.0175 0.03916666666666667
4 0.7725 0.41083333333333333 0.0175 0.03166666666666667
0 0.7658333333333334 0.4683333333333333 0.0375 0.06916666666666667
0 0.685 0.43916666666666665 0.02666666666666667 0.045
0 0.6366666666666667 0.4266666666666667 0.02 0.035833333333333335
2 0.6041666666666666 0.4191666666666667 0.0175 0.03166666666666667
0 0.5841666666666666 0.4116666666666667 0.011666666666666667 0.024166666666666666
4 0.5408333333333334 0.4033333333333333 0.0075 0.019166666666666665
2 0.5475 0.4091666666666667 0.01 0.023333333333333334
4 0.5966666666666667 0.40166666666666667 0.009166666666666667 0.02
2 0.6441666666666667 0.40166666666666667 0.010833333333333334 0.021666666666666667
4 0.6975 0.405 0.015 0.03
4 0.49583333333333335 0.41 0.01 0.02