4 0.36916666666666664 0.35583333333333333 0.0125 0.02666666666666667
4 0.44166666666666665 0.3475 0.011666666666666667 0.025
2 0.42583333333333334 0.36916666666666664 0.013333333333333334 0.029166666666666667
0 0.45916666666666667 0.38916666666666666 0.015833333333333335 0.034166666666666665
2 0.44583333333333336 0.43333333333333335 0.0225 0.04833333333333333
0 0.4575 0.4866666666666667 0.03333333333333333 0.06333333333333334
4 0.5083333333333333 0.35583333333333333 0.01 0.025
2 0.5583333333333333 0.37083333333333335 0.013333333333333334 0.028333333333333332
4 0.6116666666666667 0.4033333333333333 0.015833333333333335 0.03666666666666667
4 0.6991666666666667 0.4508333333333333 0.024166666666666666 0.049166666666666664
4 0.7991666666666667 0.5208333333333334 0.035833333333333335 0.06916666666666667
0 0.4691666666666667 0.5941666666666666 0.04666666666666667 0.09666666666666666