0 0.14916666666666667 0.7866666666666666 0.08666666666666667 0.14416666666666667
0 0.31916666666666665 0.42833333333333334 0.03833333333333333 0.07166666666666667
0 0.36666666666666664 0.3275 0.025 0.05333333333333334
2 0.3933333333333333 0.2808333333333333 0.024166666666666666 0.04416666666666667
4 0.435 0.2025 0.015 0.030833333333333334
2 0.4225 0.22333333333333333 0.014166666666666666 0.035
0 0.4125 0.24333333333333335 0.015833333333333335 0.035
4 0.56 0.1775 0.010833333333333334 0.02666666666666667
4 0.6125 0.19833333333333333 0.014166666666666666 0.030833333333333334
2 0.6275 0.21833333333333332 0.015833333333333335 0.035
4 0.6366666666666667 0.23666666666666666 0.019166666666666665 0.03833333333333333
4 0.6616666666666666 0.26666666666666666 0.021666666666666667 0.045
4 0.6866666666666666 0.32166666666666666 0.02666666666666667 0.05583333333333333
0 0.7291666666666666 0.4241666666666667 0.041666666666666664 0.07583333333333334