0 0.10916666666666666 0.5041666666666667 0.03916666666666667 0.07666666666666666
0 0.21916666666666668 0.4875 0.034166666666666665 0.055
0 0.2966666666666667 0.47333333333333333 0.023333333333333334 0.03916666666666667
0 0.3375 0.4658333333333333 0.015833333333333335 0.030833333333333334
2 0.37083333333333335 0.46166666666666667 0.011666666666666667 0.025
2 0.3908333333333333 0.45666666666666667 0.01 0.021666666666666667
2 0.5158333333333334 0.4716666666666667 0.010833333333333334 0.024166666666666666
4 0.5233333333333333 0.48083333333333333 0.0125 0.03166666666666667
4 0.5316666666666666 0.49333333333333335 0.018333333333333333 0.04
4 0.5516666666666666 0.5116666666666667 0.025833333333333333 0.055
4 0.58 0.5466666666666666 0.0375 0.07916666666666666
4 0.6433333333333333 0.6208333333333333 0.06916666666666667 0.13416666666666666